###    1  2  3  4  5  6  7  8  9 10   11 12 13 14 15 16 17 18 19 20   21 22 23 24 25 26 27 28 29 30   31 32 33 34 35 36 37 38 39 40   
###   41 42 43 44 45 46 47 48 49 50   51 52 53 54 55 56 57 58 59 60   61 62 63 64 65 66 67 68 69 70   71 72 73 74 75 76 77 78 79 80   
  1a   0  0  9  9  8 10  9 10  9  8    9 11  7  7  6  7  7 12  9  6    9  7  8  0  0  0  0  0  0  0    0 10  8  7  6  0  0  0  0  0   
  1b   0  0  0  8  8  8  8  0  0  0    0  0  0  0  0  7  7  6  7  6    8  9  9  6  6  9  8  7  6  7    7  7  7  9  8  8  0  0  0  0   
  2a   0  0  9  8  8  7  6  9  7  7    7  7  7  9  8  8  7  7  7  8    7  6  7  7  8  6  7  8  7  6    6  7  6  9  9  5  8  7  8  9   
  2b   6  7  6  7 10  7  9 12  7  9    7  7 11  8  7  7  7 10 10  8    6  9  8  8  7  7  9  6  9  6   10  5  7  6  7  8  0  0  0  0   
  3a   0  0 10  9  7  8  7  6  7  8    7  8  7  8 10  7  9  8  7  9    8  7  8  9  9  8  9  6  9  7   10  8  7  7  9  9  9  6  6  7   
  3b   7  8  8  9  8 10  8  9  8 10    7  8  8 10 10  8  7 10  6  8    7  8  8  8  7  7  9  7  6  8    7  8  8  7  8  8  0  0  0  0   
  4a   0  0  9  7  9  9  7  6  9  6    8  9  8  8  6  7  7  9  7  8    7  8  9  7  7  9 10  6  8  8    7  7  7  9  9  8  9  9  7  7   
  4b   7  8 10  9 10  8  7  8  7  7    8  9  8  7  7  7  7 10  9  7    9  8  7  8  7  6  7  7 10  7    8  7  6  7  8  8  0  0  0  0   
  5a   0  0  6  8  7  9 10  5  7  6    8  7  8  8 10  6  6  7  7  9    7  7  8  7  6  6  9  7  8  7   10  9  7  8  9  9  7 10  8  8   
  5b   7  7  8  7  9  8  6  9  6  8    7  8  8  9  7  6 10  8  7  7    7  7 10  9  8  8  8  9  6  0    8  7  6  8  9  7  0  0  0  0   
  6a   0  0  9  7  7  7  8  9  9  7    7  7 10  8  8  9  6  8  7  4    6  9 12  8  8 10 10  7  8  9    9  8  8  7  9  8 10  7  8  7   
  6b   7 10  7 10  8  7 10 10  9  8    9  7  7  9  8  8  9  8  6  8    6 10  8  6  8  8  6  9  8  8    9  9  6  9  7  9  0  0  0  0   
  7a   0  0  6  6  7  7  9  6  8 10    7  6  9  8  8  7  8 10  6  9    7  9  9  8  9  8  8  5  8  7    8  9  7  7  7  7  8  7  6  6   
  7b   7  8  7  7 10  6  5  7  8  9   10  9  5  8  7  8  6  9  7  7    8  8  7  8  8  7  7 10  9  7    8  7  7  9  6  9  0  0  0  0   
  8a   0  0 10 10  7  7  7  8  8  7    6  8  8  7  7  7  9  9  8 10    6  8  9  9  9  5  7  9  7  6    8  7  7  7  9  9  7  8  6  7   
  8b   8  8  8 10 10  7  8  8  9  8    8  6  6  7  9  7  8  8  8  9    9  7  7  6  7  7  9  6  8  7    7 10  8 11  8  7  0  0  0  0   
  9a   0  0  9  9  7  6  7  7  6  8    7  8  7  8  8  9  8  9  7  7    9  8  8  7  9  7  7  8  9  7    8  8  7  7  7  8  7  9  8  8   
  9b   8  8  9  8  8  9  6  9 10  8    7  9  9  9 10  8  9  7  8  7    6  6  6  8  9  6  8  7  9  7    8  9  7  8  9 10  0  0  0  0   
 10a   0  0  8  8  8  8  6  8  8  9    9  6  8  7  8  6  8  8  6 10    6  7 11  9  9  9  8  9  7  6    8  7 10  8  6  8  7  9  7  9   
 10b   6  7  8  8  9  8  7  6  9  8    8 11  6  8  6  8  7  7  7  7    7  9  9  7  6  8  6  9 10  7    6  8  8  8  9  8  0  0  0  0   
 11a   0  0  9  8  7  6  8  5  9  7   11  9 10  8  9  8  6  9 10  8    8  8 11  8  7  9  6  8 10  9    7 10  9  5  9  7  7  6 11  7   
 11b   7  9  8  6  9  6  9  8  6  8    8  8  9  8  6  7  9 11  9  9    7  8 10 11  8  9  8  7  8  7    0  7  7  7  7  8  0  0  0  0   
 12a   0  0 10  7  8  8  9  8  9  6    6  9  9  8  8 10  8  8  7  9    8  7  5  8  7  8  7  8  6  7    8  7  8  6  8  7  8  7  8 11   
 12b  10 10  6 10  7  8  8  6  6  9    8  7  9 10  9  5 11  8  8  9    9  6  7  7  9  7  8  7 10  8    6  7 10  7  9  7  0  0  0  0   
 13a   0  0  6  9  7  7  9  7  7  9    8  8 10  6 10  6  7  9  6  8    8  6 11  5 10  5  8  9  9  8    9  7 10 10  9  7  9  9  7  9   
 13b   6  8  9 10  9  7  8  8  9 10   10  7  8  7  8  7  8  9  9 10    9  7  9  9 10  8  7  6  8  8    8  8  6  9 11  7  0  0  0  0   
 14a   0  0  8 10 10  9  8  7  7  7    9  8  8  8  8  7  8  6  9  8    7  8  6  9  6  8 11 10  8  9    7 10  9  8 10  7  8  7  7  7   
 14b  11  8  9  8 10  6  9  9 11  8    9  8  7  9  8  6  8  6  8  8    8  9  7  9  8  8  9  7  6  6    9  7  7  6  8  7  0  0  0  0   
 15a   0  0  9  9  7  9  8  7  7 10    9  9 10  8  9  8  7  8  6  6   10  9  7  7  7  6  7  7  7  9    7  7  9  7  7  8  7 10  7  9   
 15b   7  7  8  8 10  8  8  9 11  9   11  8  9  7  8  7  6  8  6  7    9  8  7  8  8  7  9 10 11  7    8 10  7 12  8  7  0  0  0  0   
 16a   0  0  8  7  8  9  7 10  6  6    8  7  9  8  8  8  8  5  9  8    7  7  8  7  5  8  9 10  9  9    7  6 11  9  6  8  7  8  8  7   
 16b   8  8  7  9  8 10  9  7  6  7    7  8  8  6  7  8 11 10  9  8    9  8  8  6 10  7  8  7  7  9    7  8  7  9  8  9  0  0  0  0   
 17a   0  0  8 10  8  8  9 10 10  8    7  7 10  9  8  6  9  7  8 10    7  9  6  9  9  6 11  5  7  7    9  7  8  6  8  7  7  7  6 10   
 17b   7  8  6  7  7  6  8  8  6 10    8  6  8  8 11  9  9  9  8  7   10  8  8  7  7  7  7  9  9  9    7  8 10  8  8  8  0  0  0  0   
 18a   0  0  7  9  6  9  8  7 10  9    8  7  9  9 10  8  9  8 10  8    8  8  8  8  6  7  6  8  7  9    7  6  8  7  9  8  9  8  9  8   
 18b  10  8  7  7  6  8 10  7 11 11    9  8  5  9  8  7  9  8  9  8    8  8  9  7  8  8  6  7  7  7    7  7  7 10  8  6  0  0  0  0   
 19a   0  0  8  9 10  9  7  8  9  7    6  7 12  8  9  8  7  9  7  7    9  8  8  7  9  8  8  8  6  6   12  7  8  7  8  9  8  6  8  6   
 19b   5 10  6  7  8  8  7  8  7 10    5  8  6  6  9  7  9 14  7  9    8  8  9  8  7 10  9  7  8  7    6  9  7  7  8 11  0  0  0  0   
 20a   0  0  6  7  9  8  9  8  8  7    7 11  7  7  7  6  6  7  8  9   10  9  8  9  5  7 11  7  7  7    7  9  9  9 10  7  7  8  7  7   
 20b   8  9  6  6  6  8  7  7  9  9    7  9  6  6  8  6  7  6  9  6    7  8  9  7  8  9  9  8  8  7    6  7  7 11 12  7  0  0  0  0   
 21a   0  0 10  9  8  9  8 11  8  8    8  9  9 10  7  7  7  7  7  9   10  9  8  9  6  9  7  9  9  7    7  9  9  8  7 10  9  7  6  8   
 21b   7  7  7  8 10  8  8 10  8  9   10  9  9  8  7  7 11  8  8  9    7  8  8 10  7  8  9  7  5  8    9  7  9  7 10  9  0  0  0  0   
 22a   0  0  7  8  6  9  6  9  5 10    8  8  8  9  9  9  8  8  7  8    7  8  9 12  7  6  6  9  7 10    6  9  8  8 11  7  9  9  9  8   
 22b  12  6  8  7  9  8 10  9 10  7    9 11  9  7  8  5  9  9  7 12    8  7  7  7  8  9  9  9  9  9    8  7  6 10  7 11  0  0  0  0   
 23a   0  0  8  8  6  8  8  8  6  6    9  6  8  8  8  7  9  7  7  8    7  7  8  7  7  6  6  8  9  7    7  8  7 11  7 11  8  6  9  7   
 23b   6  8  8 11  8  9  7  8  9 10    8  9  6  7  8  6  8  8  8  8    8  7  8  7  8  8  7 11  7 10    8  9  7  8  8 10  0  0  0  0   
 24a   0  0  7  7  8  9  8  7  7  8    7 10  7  7  9  8  8  7  7  6    7  9  8  8  9  7  8  8  7  8    8  6  7  9  7 11  6  7  9  8   
 24b   8  8  7  6  8  9  7 11 10  8   10  9 13  7  8  9  7  9  8  5    6  9  9  9  8  7  9  8  7  7    8  7  7  8  8  9  0  0  0  0   
 25a   0  0  6  8  7  9 12  8  7  8    8  7  9  9  6  6 11  7  8  8    9  7  8 10  9  7  7  7 10 12    7  9 10  9  9  9  7  9  8  7   
 25b   8  8  6 10  6  7  8  8  8  7    8 10  8  7  7  7  5  9  7  9    7 10  6  6  8  8  6  8 10  7    7  9  8  9  9  9  0  0  0  0   
 26a   0  0  9  9  8  8  8  9  8  7    7  9  9  6  9  9  7  9  7 10    8  7  7  8  7  9  7  5  9  7    8  9  6  8  8  6  7  7 10  8   
 26b   6  8  8  9  6  6  8  6  8 11   11  7 10 10  9  7  8  7  8  8    6  7  6  7  6  6  5  9 10  8    8  8  8  8  8  6  0  0  0  0   
 27a   0  0  7  9  9  7  8  7  7  8    9  7  9 11  8  8  9 10  9 11    6  8  7 10  8  7  8  7 12 10    8  6  8  7  9  9  7  6  6  7   
 27b   9  5 10  9  9 12  8  8  8  9    9  8  7  8  8  7  6 11  7  9    9  8  7  7  8  8  7  9 10  8    9  9  7  8  7  9  0  0  0  0   
 28a   0  0  9  7  9  8  8  8  8  9    8  8  7  9  7 10 11  7  9  7    9  7  6 10  9  8  8  8  6  9    8 11 11  7  8 10  8  8 10  7   
 28b   8  9  9  7  8  7  9  8  9 10    9  8 10  5 10  7  8  7 10  8    9  9  8  7  8  7  8  9  7  8   11 10  6 10  6  8  0  0  0  0   
 29a   0  0  8 11  5  9  8  7  7  5    7  7  9  7  7  9  8  7  8  8    7  8 11  7  8  7  7  5  7  7    7 10  7 10  8  8  7  7  7  8   
 29b   8  7  6  9  9  9  7  9 10  7    9  7 11  9  7  9  8  8  6  5    7  7  8  7  8  7  9  6  9  7    8  7  9  9  8  8  0  0  0  0   
 30a   0  0  6  7  8 10  7  7  7  7    8  7  9  8  9  8  8  7  7  7    8  6  9  9  6  9  8  6  7  6    6  7  9 10  9  8  6  8  7  8   
 30b  11  7  7  8  6  6  7  6 12  8    7  7  8  7  8  6  8  8  7  7    6  8  6  7  7  8 10  8  7  0    8  7 10  8  7  8  0  0  0  0   
 31a   0  0  7  6  6  6  6  6  8  6    8 10  9  8  5  7  8  6  9  7    8  8  9  7  8  8  9  5  6 11    9  8  8  9  7  8  8  8  8  7   
 31b   7  9 10  5  9  9 10  7  8  9    9 10  6  7  9  7  7  9  7  6    9  6 10  5  5  9  8  8  8 10    9  7  9  9  8  8  0  0  0  0   
 32a   0  0  7 10  8  9  7  6  8  7    6  7  9  8  8  6  5  9  7  7    7  8  7  8  6  6  9  9  7  7    9  7 10  8 10  7  8  8  9  6   
 32b   7  7  7  7  7  8  8  7  9 10    9  6  7  7  8  9  9  8  6  7    8  8  7  8  7  7  7 11  7  8    6 10  9  7  8  9  0  0  0  0   
 33a   0  0  7 10  8  6  5  7  6  8    6  7  8  7 10  9  6 10  8 10    9  8  8 10  9  8  7  8  9  7    8  7  7  6  8  7  8  8  6  8   
 33b   6  8  6  8  7  9  7  9 10  8    6  6 11  8  8  5  9  6  8  6    5  8  7  7  9  6  7  8  7  9    8  8  9  8  7  7  0  0  0  0   
 34a   0  0  6  8  8  7  7  7  9  9    8 10  9  6  8  7  9  9  9  6    8  7  8  6  9  6  7  9  7 10   10  9  8  6  7  8 10  8  6 10   
 34b   7  7  7  8  8  7  7 10  8  6    9  9  9  7  7  9  9  8  7  7    8  7  8  6  7  8  8  8  8  9    6  7  7 10  9  8  0  0  0  0   
 35a   0  0  8  8  7  7  7  9  8  6    9  7  9  8  8  7  8  5  7  8    7  9  8  7  8  8  9  8  8  9    6  8  9 10  7 10  7  9  7  7   
 35b   6  7  5  8 10  7  7  8  9  8    9  9 10  8  5  8  8  6  8  7    5  8  9  7  7  8  9  7  8  8    8  7  8  8 11  7  0  0  0  0   
 36a   0  0  7  7 10  9  8  6  8  8    7  7  9  5  8  7  8  9  6  7    7  8  7  9  8  5  8  9  9  7    9 11  7  9 10  9  9  7  9  8   
 36b   7  7  9  8  7 11  8  7  8  7    9 10  7  7  8  8  8  9 10  9    9  6  7  8  8 11  7  8  6  8    9  8  8  7 10  8  0  0  0  0   
 37a   0  0  9  7  9  9  7  8  6 10    6  7  8  8 10  7  6  9  8  7    8  9  7  8 10  7  9  8  9  8    6  6  9  8  7  7  8  6  8  6   
 37b   8  9 10  9 11  9  7  8 10  7    7  9  7  7  7  8  8  7  6  6    6  8  9  7  7  8  9  8  9  7    8  9  7  9  8  7  0  0  0  0   
 38a   0  0  9  9  9  9  8  6 11  8    7 11  7  8 10 10  7  9  9  7    7  7  8  8  9  9  8  7  7  7    8  5  7  7  8  8  8  9  7  9   
 38b   5  6  6  9  7 11  8  9 10  8   10  7  6  6  8  7  7  7 10  8    9  9  8  8  7  7  7  9  7  9    9  7  7  8  8 10  0  0  0  0   
 39a   0  0  9  8  9  6  8  8  8  9    7 10 10  7  7  8  9  9  8  8    9  8  7  9  6  9  9  8  8  7    8  7  9  9 11  9 10  8  8  8   
 39b   8  8  8  8  9  9  9  7  7  8    9 10  7 10  9  7  8  7  9  6    8  9  6  7  8  6  8  9  6  9   11  6  9 10  8  7  0  0  0  0   
 40a   0  0 12  8  7  7  6  6  8  7    9  6  6  7  9 10  6  7  6  8    8  8  8  7  7  8  9  9  7  8    8  6  8  6  9 11 10  7  7  6   
 40b   9  6  8  9  8  8  8  6 10  7    8  8  7  6  6  8  7  8  8  6    8  8  5  9  7  9  8  6  8  9    8  8  9 10  9  8  0  0  0  0   
 41a   0  0  8 12 10  7 12 11 11  8    8  7  8  9  8  8  8  9  7  8    6  8  8  8  6  7  9 11  6  9    8  8  8  6  9  7  8  8 11  7   
 41b   6  7 10  8  9  8  9  6  7  8    8 10  9  5  7  8  6  8  6  8    5  6  8  8  7  8  8  7  7  8    8  6  9  7  7  8  0  0  0  0   
 42a   0  0  8  7  7  9  8  9  9  8    9  7  9  7  5  8  9  7  8  8    9  8  8  9  8  9  8 10  9 11    7  8  9  7 10  8  8  8  6  9   
 42b   7  5  8 10  7  7 11  9  7  9    8  7  7  8  8  7  8  9  8  7    8  8  8  7  7  9  6  7  8  9    9 11  7  8  8  9  0  0  0  0   
 43a   0  0  9  8  9  8 10  8  8 11    9  7  7  9  7  7  8  9  8 10    9  7  6  7  6 10  8  9  6  6    7 10  6  7  7  9 10  6  7  6   
 43b   8  9  3  7 11  8 10  7 12  7    8  6  7  7  7  6  6  6  7  7    8  6  6  7  8  9  9  8 11  7    9  8  9  8  9  7  0  0  0  0   
 44a   0  0 10  9  9  7  7 10  8  9    9  8  8  9  8  7  8  8 10  6    8  8  8  9  7  7  9  9  8  8   10  8  7  9  7  6  7  8  8 10   
 44b   6  7  7  7  6  7 10  6  7  8    6  8 10  8  7  8  6  6  8  9    7  7  7  6 11 10  7  6  9  9    8 10  9  9  8  9  0  0  0  0   
 45a   0  0 10  9  6  9  7  8  7  8   10  7  7  7  8  8  7  6  8  8    8  7  7  8  8  8  8  9 10  8    9  8  7  8  7  8  7 12  6  7   
 45b   8  9  9  8  9  6  7  6  7  7    8  6  8  7  8  7  7  6  6  8    7  8  7  7  9  8  8  7  8  6    6  8  6  9  9  9  0  0  0  0   
 46a   0  0  8 12 11  9 10  6  6  9   10  7  9  8  9  8 10  9  7  8    6  7  6  9  8  6 10  7  8  8    9  9  7  7  7  6  7  7 11  9   
 46b   7  7  6  8  7  8  8  7  9  9    8  9  9  8  9  7  8  7  5  8    8  7  9  6  6  8  7  6  7  9   10 11  8  8 10  6  0  0  0  0   
 47a   0  0  9  9  9  8  7  6  7  9    7  7  9  8 11  6  8  7  8  8    8  6  9  8  7  9 10  7 10  8    8 10  9  7  8  8  9  8  9  7   
 47b   7  8  6  8  9  8  8  6  7  6    8  7  7  7  5  7  7  6  6  6    6  7  7  7  9  7  8  9  7  9    6  8  8  9  6  8  0  0  0  0   
 48a   0  0  7  6  9  9  9  9  9  7    7  7  8  7  6  8  7  8  8  9    8  9  7  7  5  7  8  8  8  8    7  6  8  7  9  8  9  7  9  9   
 48b   8  6 10  6  7  7  7 12  7  8    8  7  6  7  5  7  8  8  9 10    6  7  4  5  7  6  6  8  9  8    8  5 10  8 10  7  0  0  0  0   
 49a   0  0  9  9  8  7  7  9  8  5    9  7  9  9  8  7  8 10  9  9    8  8  9  7  7  9  7  7  8  7    8  5  7  6 10  7 10  7 12  6   
 49b   8  8  6  7  9  8  7  9  7  6    7  7  6  6  5  7  6  8  7  8    8  8  7  8  7  7 10  5  8  7    9  7  6  9  8  8  0  0  0  0   
 50a   0  0  9  8  9  7  8  9  8  8   11  9  9 10  8  8 10  7  7  7    6  8  7  7 10  8  7 14  8  9    7  8  7  8  9  8  5  7  9  6   
 50b   9  7  7  8  7  7  9  9  7  8    6  9  5  7  8  7  5  6  5  8   10  6  7  6  6  7  9  8  8  8    7  8  7  9  8  9  0  0  0  0   
 51a   0  0 10 11  7  7  9  9  7  7    7  8  7  6  9  9  8  8  6  7    9  7  7  8  7  6  8  7  7  7    7  8  8  8  8  6  9 11  8  7   
 51b   7  8  6 10  7  7 11  7  7  7    7  8  6  8  7  9  7  9  6  9    6  8  6  6  6  7  5  7  9  7    8  7  7  8  7 11  0  0  0  0   
 52a   0  0  8 10  7  8  7  9  9  8    9  7  8  8  6  6  7  9  9  9    8  8  8 10 10  6  8  8  8  7    7  7 14  8  6  9  6  8  9  7   
 52b   8  6  7  9 10 10  7 12  7  7    7 10  6  6  6  5  7  8  5  7    9  7  9  7  6  7  7  8  7  7    9  8  9  8  9  9  0  0  0  0   
 53a   0  0  8  9  9  6  7  8  7  9    8  7  8  8 10  7  8  8  7  9    8 10  7  8  7  8  9 10 10  5    8  7  8  7  8  6  7  7  8  7   
 53b   9  7  8  7  6  9  8  7  8  6    8  5  6  8  6  6  6  7  6  7    7  7  8  6  6 10  7  7  8  7    7  8  8  8  8  9  0  0  0  0   
 54a   0  0  8  9  8  9  6  7  9 12    8  8 10  8  8 10  8  7 11  8    7  9  9  7  7  8  7  8  8  7    6  8 10 10  6  9  6  6  8  8   
 54b   7  6  9  7  8 10  7  8  6  7    8  7  8  7  7  6  8  7  7  7    7  8  8  6  6  7  6  7  8  8    7  8  7  6  9  7  0  0  0  0   
 55a   0  0  8 10  8  8  7  8  9  9    7  8 10  8  7  8  7  7  8 10    6  7  9  8  7 10  9  8  7  9    8  6  7  8  9  6  8 10  7  7   
 55b   7  7  7  7  8  9  5  7  5  8    7 10  6  6  7  7  6  6  5  7    7  8  7  7  8  7  8  7 10  9    7  7 11  8  8  7  0  0  0  0   
 56a   0  0  5  8  8  8  9  9  6  8    8  7  7  8  8  7  7  8  8  6    6  8  9 10  8  9  8  7  7  7    9  7  6  7  7  8  7  7  9  9   
 56b   6  8 10  7  5  5  6  7  8  6    6  6  6  8  7  7  6  5  7  7    6  7  8  6  8  6  6  8  7  9    6  8  9  8  8  9  0  0  0  0   
 57a   0  0  8 10  8  7  7  9 11 10    9  6  8  6  7  9  7  8  7  8    8  7  6  7  8  6  8  8  7  8    7  6 10  8  9  8  8  7  8  7   
 57b   7  8  5  8  8  7  6  7  7  7    8  6  6  9  4  6  6  6  7  8    7  5  6  6  7  7  9  7  6 11   10  9  8  6  8  7  0  0  0  0   
 58a   0  0  6  8  7  9  8  8  6  9    7  7 11  9  8  9  9  7  9  6    6  7  9 10  9  7  9  8  6 10    7  6  8  9  8  9  9  7 11  8   
 58b   6  7  8  6  5  9  7  6  8  7    7  7  6  6  6  5  7  6  6  7    9 10  7  7  8  8  7  7  6  6    8  8  8  9  9  6  0  0  0  0   
 59a   0  0  8  9  8  7  5  7  8  8    8  9  8  7  7  8  9  9  9  8    8  7 10  9  6  8 12  8  7  7    9  8  9  7  7  9  6 10  7  8   
 59b   6 10 10  7  7  7 11  7  6  6    5  8  6  6  5  6  5  7  6  5    6  6  8  5  8  8  7  8  8  9    8  7  9 10  6  7  0  0  0  0   
 60a   0  0  9  9  8  8 12  7  6  8    8  8  7  7  8  7  9 10  8  7    9  8  7  6  7  6  7  6 11  8    6  6  8  6  7  8  8  7  8  7   
 60b   8  7  9  9  7  7  6  6  5  7    6  8  6  7  6  6  6  5  4  7    6  7  6  6  7  4  9 10  6  8    8 10  9  7  7  9  0  0  0  0   
 61a   0  0  7 10  7  9  7  8  8  8    7  8  8  9 10  7 10  6  9  8    9 10  9  9  6  7  7  8 10  8    8  8  8  8 12  7  6  7  6  7   
 61b   8  8  7  8  7  7  9  7  8  7    7  6  8  5  8  7  5  3  6  7    6  5  7  7  7  7  9  6  7  8    9  9  8 11  7  9  0  0  0  0   
 62a   0  0  8  8 10  6  9 10  9  7    9  9  8  9  9  6  9  8  9  9   11  6  8  5  6  7  8  9  8  7    7  7  8  8  8  7  8  9  6  9   
 62b   9  7  5  5  7  6  5  6  7  6    7  6  7  7  9  7  6  8  5  6    6  9  6  7  5  6  6  7  8  8    6  6  8  7  8  8  0  0  0  0   
 63a   0  0  9  9 10  6  7  8  7 11    6  8  8  8  7  8  9  8  7  7    6 10 10  7  7 10  8  9  7  6    7 10  5  8 10  6  7  7 10  8   
 63b   6 10  8  8  7  7  5  7  6  8    8  7  5  6  7  5  6  6  7  6    7  9  8  7  7  8  7  7  6  8    9  7  8  9  8 10  0  0  0  0   
 64a   0  0  7  8  9  7  6  8  9  7    9  9 11  7  9  7  9  8  7  8    8 10  8  8  9  7  6  7  7  8    9 10  8  6 11  7  8  6  7  8   
 64b   7  9  6  9  7  6  6  6  6  8    8  7  8  9  7  8  6  7  6  6    5  9  9  7  7  8  6  8  7  8    8  9  8  8  8  8  0  0  0  0   
 65a   0  0  7  9  7  8  8  6  7  6    9  6  7  7 10  6  8  7  8  8    8  8  5  7  9  7  8  7  9  9    7  6 11  7  8  6  7  7  7  7   
 65b   8  7  7  6  6  6  6  8  6  6    8  5  7  8  7  9  6  6  8  7    6  6  6  6  8  6  8 10  7  7    7  8  9  7  7  9  0  0  0  0   
 66a   0  0  6  7 12  8  8  8  8  8    7  9  7  8 12  8  7  9  8  7    6  7  7  8  8  7  6  7  7  9   10  8  8  8  9  6  5  6  6  7   
 66b   5  7  7  7  8  8  8  8  6 10    7  7  7  7  6  7  8  8  8  5    8  7  8  7  8  9  7  7  9  6    8  9 10  6  9  8  0  0  0  0   
 67a   0  0  9  7  9  9  8  8 10  8    9  8  8  7  9  7  9  9 15 10   10  9  8  8  8  8  7  5  9  8    9  6  6  9  9  9  8  8  7  8   
 67b   8  7  8  7  5  7  5  8  7  7    6  7  8  7  8  8  6  7  7  6   10  6  7  9  6  7  6  5  7  6    6  8  7  7  8 11  0  0  0  0   
 68a   0  0  9  9  7  9  7  9  7  7    7  7 11  9  8  6 11 10  8  8    8  9  9  8  6  8  8  7  7  6    7  7  8  6  8  7  9 12  8  4   
 68b   8  5  6  7  6  6  6  7  6  7    6  8  6  6  6  7  5  5  7  8    6  7  6  6  6  6  5  8  5  7    7  9  7  7  6  9  0  0  0  0   
 69a   0  0  8  9  7  7  8  7  9 10    8  9  9 10  8  8  8  9  7  9    7  8  6  8 10  9  8  7  6  8    7  8  9  0 10  7  9  8 11  8   
 69b   8  6  8  7  8  5  9  7  6  8   10  7  8  7  6  7  6  7  6  6    6  8  6  6  6  8  6  8  6  8    8  8  7  9  6  9  0  0  0  0   
 70a   0  0  8  8  8  8  7  7  6  7    9 10  6  8  9  6 11 12  7  6   10  6  8 10  9  7  8  8  6  7    7  8  7  9  7  6 10  8  7  7   
 70b   8  6  9  7  5  6  7  7  7  6    7  6  7  7  7  8  6  4  7  7    6 10  7  9  9  6  5  9  7  7    7  7  6 10  7 10  0  0  0  0   
 71a   0  0  9  9  7  7  8  6  7  6    9  7  7 11  8  7  9  7  6  7    9 10  7  9  9  7  9  8  9  7    8 10  8  8  7  8  7 10  9  6   
 71b   9  8  7  6  6  5  7  7  7  7    7  8  6  9  9  5  9  8  7  7    5  6  8  7  7  7  5  8  7  7    7  8  8  9  8 10  0  0  0  0   
 72a   0  0  9  9  9  9  9 12 10  8   11 10  8  7 10  9  8  6  6  8    7  8  9  7  8  8  7  7  8  6    8  6  9  6  6  7  7  8  6  7   
 72b   7 12  9  6  8  7  7 10  8  7    8  8  6 10  5  7  7  7  7  8    9  8  8  9  6  7  8  7  7  9    8 10  9  9  6 13  0  0  0  0   
 73a   0  0  7  8  8  9  5  6  7  8   10  8  8 10  9  8  9  7 10  7    9  6 10  6  7  6  7  7  7  7    9 10  8  7  6  6  6  7  8  9   
 73b   7  9  7  6  6  6  6  7  8  6    7  8  5  8  8  7  6  6  6  8    7  8  6  6  8  8  6  7  7  7    5  6  9  9  9  7  0  0  0  0   
 74a   0  0  9  8  8  7  9  7  6  8    7  8  8 10  8  7  7  9  9  7    9  8  8  6  6  8  7  9  6  7    7  8  6  7  9  8  7  7 10  5   
 74b   6  6  6  8  7  7  7  7  4  7    6  8  9  5  9  7  7  6  5  7    8  8  9  5  9  5  5  7  7  7    8  6  7  8  7 10  0  0  0  0   
 75a   0  0  9  8  8  7 10  7 10  8    6  8  9  8  9  8  8 10  9  7    9 10  9  9 10  9  7  8  7  8    7  8  8 13  8  7  9  7  6  7   
 75b   8  5  6  6  8  8  7  7  8  7    8  9  7  5  9  7  7  6  9  7    6  5  6  6  9  7  9  9  7  8    8  8  7  8  6  9  0  0  0  0   
 76a   0  0  6 12  9  6  8  7  7  9    9  9 10  9  8 11  8  8  8  7    6  8  9  9  8  6  7  6  6  6    8  8  7  8  8  9  7  9  9  8   
 76b   6  7  8  5  7  8  6  6  4  9    7 10  8  8  5 10  7  6  6  7    8  9  5  7  6  6  9  6 10  8    7  7  6  8  7  7  0  0  0  0   
 77a   0  0  9  8  6  9  8  7  7  9    8  9  8  9  9  6  8  6  7  8   11  8  7  9  8  7  7  7  7  7    8  8  8  8  7  8  6  7  5  7   
 77b   8  7  7 10  9  6  7  8  7  8    8  8  7  7  6  7  8  6  9  6    6  8  7  7  7  7  5  9  6  7    7  6  8  9  8  7  0  0  0  0   
 78a   0  0  9  8  7 10  7  9  8  9   10  7  8  7  9  9  6  6  9  7    7  9 11  6 10  8 10 10  6  8    9  7  8  5  7  6  8  7  5  8   
 78b   8  6  8  6  7  8  7  7  7  8    6  8  8  7  8  9  6  9  7  6    6  7  5  6  8  7  8  8  8  7    7  7  9  7  7  7  0  0  0  0   
 79a   0  0 10  8  9  6  7  7  7  8    8  7  7 12  9  7  7  7  8  7    7  8  7  8  9  9  8  9  0  8    7  9  8  7  9  7  8  6  6 11   
 79b   8  9  8  6  8  7  7  7  8 10    6  6  7  7  9 10  7  7  6  6    7  7  7  9  6  6  7  7  7  8    7  9  9  7  7  9  0  0  0  0   
 80a   0  0  8  7  9  9  8  7  9  9    8  9  9  7  7  6  9  8  8 10    8 11  7  7  8  9  8  8 10 10   10  7  9  6  9  9  5  7  7  7   
 80b   7  7  8  7  7  5  8  8  6  6    7  7  7  7  5  7  8  7  7  7    7  7  8  6  7  7  5  8  7  7    7 10  8  9  8  8  0  0  0  0   
 81a   0  0  8 10  8  9  8  9  9  8    7  6 11  9  8  8 10  9  6  9    6  8  6 11  8  6  8  6  9  8    8  8 11  7  7  8  7  6  7  7   
 81b   7  5  8  9  7  8  8  8  8  7    7  7  7  9  5  8  7  8  7  5    6  8  6  6  6  7  7  7  9  7   10  7  6  9  9  8  0  0  0  0   
 82a   0  0  8  9  9 10 10  6  6  8   10  8  6 11  7  9 11  7 11 10    6  8  7  7  9 10  7 11  7  9    7  8  8  7  8  8  9  7  8  9   
 82b   5  9  9  7  7  6  6  8  9  6    7  8  8  7  8  6  5  7  6  7    6  7  6  5  6  7  6  9  8  8    8  8  7  9  7 10  0  0  0  0   
 83a   0  0 11  8  8  7  7  9  8  9    6  9  8  9  7  8  8  8  7  7    8  7  9  9  6  9  7  6  6  9    8  7 10  6  8  9  6  8  7  7   
 83b   8  7  8  9  8 10  5  8  6  9    8  7  9  9  7  7  6  7  8  7   10  6  5  5  6  7  8  8 10  7    7  9  7  8  9  8  0  0  0  0   
 84a   0  0  7  8 10  7 10  7 10  9    8  7  9  9  6  8  7  8  8 10    7  9  7  8  8  7  6  8  9  9    7  7  6  8 10 10  6  7  9  8   
 84b   7  9  6  7  7  8  7  7 10  7    8  8  6  8  7  7  7  7  9  7    5  5  6  8  4  9  5  6  8  8    7  8  9  8  7  8  0  0  0  0   
 85a   0  0  7 10  9  8  7  5  9  6    8  9  8 10  9  9  8  7  9  7    8  8  8  9  8  8  9  7  6  9    9 10  6  6  7 10  8  9  9  6   
 85b   7  7  9  8  7  8  9  6  6 10    6  8  6  6  8  8  6  6  6  4    6  6  7  7  5  7  8  6  8  6    7  9  7  8  7  8  0  0  0  0   
 86a   0  0  8  7  9  8  9  9  8  9   11  8  8  7 10  8  9  8  9  9    7  7  8  6  5  7  9  7  8  9   10  7 10  7  7  7  7  7  6  6   
 86b   7  8  9  5  6  8  6  7  9  8    7  6  6  7  6  5  6  7  7  8    7  7  6  7  4  5  8  5  7  6    8  6  6  7  6  5  0  0  0  0   
 87a   0  0 11  7  9  9 10  8  9  9    7  8  8 10  8  6  7  9  7  6    8  5  7  6  7  7  7  9  8  7    9  7  6  7  9  8  7  7  6  6   
 87b   7  6  7  9  8 10  6  5  6  8    7  8  8  7  6  6  6  9  7  8    7  6  7  5  6  7  6  5 10  8    8  6  7  8  6  9  0  0  0  0   
 88a   0  0  8  8  9  6  7  6  7  9    7  8 10  7  9  9  9  7  7  9    6  7  7  8  8  7 10  7  8  6    8  8  8 10 10  7 10  6  7  6   
 88b   6  8 10  8  6  7  6  7  6  7    8  8  8 10  8  8  6  8  7  7    7  6  7  6  6  7  7  7  7  7    8  7  5  7  7 10  0  0  0  0   
 89a   0  0  8  9  9  6  6  9 13  9    8  9 10  8 10  7  9 10  7  6    7  8  8  8  7  8  9  8  6 10    9  8  9  6  7  8  7  7  8  6   
 89b  11 11  6  6  9  8  7  7  8  9    6  6  6  9  8  8  7  7  7  8    7  4  7  6  7  5  7  9  5  6    8  8  9  8  6  6  0  0  0  0   
 90a   0  0  9  8  8  7  9  7  8  7    7 12  7  7  7  8 11  8  9  7    8  9  6  7  9  8  9  7  7  8    8  6  8  7 10  9  9  7  8  6   
 90b   6  9  6  6 12  8 10  8  8  9    8  8  8  7  8  6  8  6  7  6    7  7  6  5  6  7  9  7  6  7    8  7  8  8  7 11  0  0  0  0   
 91a   0  0  7  5  6  7 10 10 10  5    7  9  8  9  7 10  8  7  8  7    8  7  9  8  7  8  7  8  7  9   10  9  7  7  7  9  7  7  8  8   
 91b   8 10 10  9  9  7  8  9  7  7    8  7  6  5  8  7  7  8  7  7    7  7  6  6  6  6  6  9  7  6    6  6  8  7  9  8  0  0  0  0   
 92a   0  0  7  9  9  9  5  6 10  7    7  7  7  8  8  7  9  8  9  9    9  8  8  6  7  8  8  7  7  7    7  9  9  8  8  7  5  9  7  7   
 92b   8  7  6  8  8  8  6  7 13  7    8  5  8  7  8  9  8  7  5  6    7  7  6  5  7  6  9  8  7  8    9  6 10  6  7  8  0  0  0  0   
 93a   0  0  7 10  8  6  7  7  7  8    7  9  9  9  7 11  8  8  7  8    9  9  7  6  8  9  6  7  7  6    8  6  8  7  6  7  7  8  8  7   
 93b   9  7  7  8  7  8 10  6 10  8    7  7  7  7  8  8  6  7  6  9    6  6  6  8  7  6  7  6  9  8    9  8 11  9  7  8  0  0  0  0   
 94a   0  0  7  7  8 10  6  7  8  8   10  8  9  9  8 11  6  9  6  8    7  8  8  7  8  7  6  8  7  7    8  7  8  8  8  8  7  8  8  7   
 94b   8 10  6 10  7  9  7  6  8  7    8 10  8  7  7  8  5  6  8  8    7  7  5  7  6  9  7  7  8  7    7  6  8  7  8  7  0  0  0  0   
 95a   0  0  7  9  8  7  9  7  7  7    8  9  7  9  7  8  6 11  7  7    7  6  7  8  7  8  9  8  8  7   12 10  6  7  8  8  7  7  8  9   
 95b   8  9  7  6  8  9  7  8  5  7    8  9  5  5  6  6  5  9  7  6    6  6  6  6  6  6  6  5  7  8    9  9  9  8  8  8  0  0  0  0   
 96a   0  0  9  7  9  7 10  9  8  8   10  8  8 11  7  8  7  7  9  8    9  9  8  8 12  8  8  7  9  8    9  9  8  8 11  7  7 11  9  7   
 96b   7  9  7  8  8  9  8  7  7  8    5  6  7  8  9  7  8  8  9  6    7  7  6  5  5  6  6  6  6  9    6  9  8  9  7 10  0  0  0  0   
 97a   0  0 10  9  7  7  8 10  7  8    8  7  6 11  8 10  7 11  9  7    7  6  7  9  6  8  7  8  7  7   11  8  6 10  7  9  8  9  8  6   
 97b   7  9  8  6  9  9  8  9 10  8    9  6  4  9  7  7  7  7  7  7    8  7  4  6  5  8  8  7  7  8    9  7  8  9  7  7  0  0  0  0   
 98a   0  0  7  6  6  7  9  9  8  7    9  9  9  9  7  7  6 10  9  9    7  6  6  9  8  6  6  5  7  7   10  8  8  8  7  7  7  7  7  9   
 98b   6 10  8  7  8  6  8  8 10  7    8  5  8  7  8  7  8  6  6  7    6  6  7  5  6  5  6  8  6  6    6  9  8  7  8  8  0  0  0  0   
 99a   0  0  8  9  8  7  8  9  7  8    8  8  8  9  9  7  9 10  7  6    8  7  8  9  8  8  9  8  9  7    7  7  9  8  6  6  8  6  9  8   
 99b   6  6  7  8  7  8  8  9  5  7    8  6  7  7  6  8  7  7  7  7    5  6  7  6  6  5  5  6  8  8    8  9  8  9  8  7  0  0  0  0   
100a   0  0  9  9  8  6  7  7 10  8   10  6  7  8  5  7  9  8  7  8    7  6  9  8  8  8  7  6  8  7    8  8  8  7  8  7 10  8  8  8   
100b   5  8  6  7  7  8  7  6  8  7    9  7  7  5  7  7  7  6  8  7    6  6  5  6  4  6  6  8  7 10   10 10  8  9  7  6  0  0  0  0   
101a   0  0 10  7  6  8  8  7  7  7   11 10 13  7 10  9  6  9  9  6   11  6  9  6  6  7  8  7  6  8    8 10  9  6 10  8  7  7  6  6   
101b   6  9  6  8  8  6  7  7  8  7    9 11 10  8  6  6  5  7  6  8    6  7  6  7  5  9  8  7  7  9    7  7  8  8  7  8  0  0  0  0   
102a   0  0  6  8  6  7  8  7  7  8    7  7  6  7  7 10  7  7  6  7    9  9  9  7  6  8  5  9  7  8    7  8  6  9  9  6  6  8  7  8   
102b   7 10  6  9  9  9  7  7  9 11    8  9  5  9  6  7  7  7  7  7    6  6  8  5  6  6  6  7  8  7    7  8  9  9  6 10  0  0  0  0   
103a   0  0  9  7  6  9  7  8  9 10    6  9  8  9  6  7  8  7 11  8    9  8 10  8  7  7  9  9 10  8    8  6  7  8  9  8  8  7  7  8   
103b   6  7  8  8  8  8  8  9  7  9    7  7  7  9  7  8  7  7  7  7    6  7  9  5  5  6  6  8  6  6    9  8  6  8  8  6  0  0  0  0   
104a   0  0  7  8 10  9  7  9  8  9    9  6  8  7  7 11  8  9  8  9    5  8  5  8 10  7  9  8  8  8    9  7  7  7  7  6  8  7  7  7   
104b   6  5  7 11  7  8  9  8  8  7    6  7  6  5  5  8  6  6  7  5    6  6  7  6  5  4  6  6  7  6    6 10  9  8 10  7  0  0  0  0   
105a   0  0  6  7  8  6  6 10  9 11    9 10  8  7  7 10  7  8  8  5    9  8  8 10  8  8  8  8  8  6    7  8  8  8  7  5  7  7  7  9   
105b   6  7  8  9  7  7  6  8  6  8    8  8  8  6  8  7  7  9  6  6    7  7  5  5  6  6  7  5  8  6    7  9  6  9  8  8  0  0  0  0   
106a   0  0  8  9  9  7 11  9  8  7    7 15  9 10  8  7  8  9  7  7   10  7  8  5  7  7  7  7  7  9   11  8  8  8  7  6  8 10  7  8   
106b   8  9  5 11  9  8 10  6  8  6    6  8  8  9  8  8  7  6  6  7    8 10  6  8  5  6  5  7  7  7    6  8  7  9  8  8  0  0  0  0   
107a   0  0 10  7  7  7  6  8  9  8    9  7  8  7  6  9  9  8  7  9    7  8 10  8  8  8 10  9  7  9    8  8  7 10  9  6  7  6  7  6   
107b   6  9  6  7  6  7  7  7  8  7    7  7  6  6  7  6  8  5  6  7    7  7  6  6  6  7  6  7  6  9   10  8 10  9  9 10  0  0  0  0   
108a   0  0  8  9  8  8 10  6 10  8    8 11  7  7  8  7  7  8  9 10    7  7  9  6  6  9 10 10  8 10    7  8  7  8  7  7  6  5  6  6   
108b   5  7  6  7  7  7  6  7  9  6    9  9  6  8  6  9  8  7  7  8    8  6  8  6  7  6  5  8  7  7    6  8  8  7  7  9  0  0  0  0   
109a   0  0  8 10  7  9  9  8  7  8    8  8 10  9  6  9  9 10  8  9    8  9  7  9  8  6  8  9  8  8    8  9  8  8  8  7  9  7  8  7   
109b   6  7  6  8  8 10  7  7  6  8    8  9  7  8  7  6  8  9  7  7    6  8  5  6  6  5  6  7  8  8    9  7  8  5  8  9  0  0  0  0   
110a   0  0  8  9  8  7  7  9  9  8    9  7  7  7 10  7  8  7  8  7    5  6  8  8  9  8 10 11 10  7   10  5 10  6  5  8  9  6  6  6   
110b   8  9  8  7  6  8  7  8  6 10    8  7  7  9  7  6  7  8  9  7    7  7  8  6  6  6  6  5  7  9    9  7  8  9 12  7  0  0  0  0   
111a   0  0  8 10  7  7  9  7  7  9    8  6  9  9  7  8  8  8  7  8    8  6  9  9  8  6  8  9  7  8    8  8  8  6  7 10  6  6  9  6   
111b   7  6  7 11  9  7  8  9  7  7    9  7  5  7  6  9  6  8  6  7    6  6  6  5  7  6  6  7  8  8    8  9  7  9  8  9  0  0  0  0   
112a   0  0 10  7 10  9 10  7  8  9   11  9  8  8  8  6  9  9  9  7    8  8  9  7  8  9  6  9  7  6    7  7  7  5  7  7  7  7 11 10   
112b   8  9  9  9  9  7  9  9  9  7    6  8  6  6  9  8  5  6  9  7    6  6  7  7  6  7  6  8  7  7    7  7  9 10  8  9  0  0  0  0   
113a   0  0  7  9  9  7 10  9  7  6    6  7  8  7  8  7  7  7  9  7    9  8  7  9  7  6  8 10  6  7    7  7  7  7  7  7  8  7  6  8   
113b   8  6  6  8  8  7  8  7  8  9    9  8  9  8  7  7  7  7  5  7    6  8  7  6  6  5  5  9  8  7   12  6  7  8  8  8  0  0  0  0   
114a   0  0  8 11  7  7  8  8  6  8    7  9  9  7  6  7  8  8 11  7    9  8  7  6  8  9  8  8  9  7    7  8  9  8  8  7  9  8  8  7   
114b   7  7  6  6  8  7  8  9  5  9    7  9  7  8  7  6  9  6  8  6    5  7  7  8  6  7  6  8  8  8    8  7  6  7  7  9  0  0  0  0   
115a   0  0  8  8 13  7  8  5  6  9    7  8  9  9  7  9  8  9  6  7    8  6  9  9  7  5  6  6  6  8    8  7  8  7  8  7  8  6  7  7   
115b   8  6  6  5  7  8  6  9  8  8    6  8  7  7  7  7  9  8  5  7    6  5  6  6  6  3  7  5  7  8    8  9  7  8  7  6  0  0  0  0   
116a   0  0  8  9  8  8  8  8  7  7    7 10  7 10  7  9  8  7  8  6    9  6  8  8  9  9  7 10  9  8    8  6  7  6  6  8  7  6  7  6   
116b   7  8  6  6  8  7  8 10  7  9    7  7  8  9  5  5  8  6  7  7    5  7  5  5  8  8  6  7  8  8    7  7  7 11  6  8  0  0  0  0   
117a   0  0  7  8  9  8 10  9  8  6    7  9  8  9  9  8  9  9  7  8    8  8  9  7  8  9  7  7  7  9    7  9  7  7  6  7  6  8  6  8   
117b   8  9  6  7  7  6  7  8  6  7    7  8  8  6  6  6  6  7  7  7    7  7  6  6  6  5  9  8  7 12    7  7  8  8  8 10  0  0  0  0   
118a   0  0  7  8  7  9  8  5  8  6    8  7  7  8 10  6  8  6  8  8    8  8  6  4 12  8  9  6  6  9    8  7  7  9  7  7  7 12  7  7   
118b  10  7  8  8  8  7  8  8  7  7    7 10  7  7  8  8  6  6  8  7    6  6  8  6  6  8  7  8  8  7    8  9 10  9 10 11  0  0  0  0   
119a   0  0  8  8  7  9  8  7 11  7    8  7  6  9  7  8  7  8  7  9    8  8  5  9  6  7  7  7  7  8    7  6  8  8  7  7  6 10 13  7   
119b   7  7  6  7  6  6  8  8  7  6    6  6  8  6  7  8  6  5  8  6    6  9  7  7  8  6  7  6  6  7   11  7  6  7  7  9  0  0  0  0   
120a   0  0 10  8  9  7  7  7  8  7    7  5  7  8  7  7 10  7 10  6   10  7  7  9 11  7  6  7 10  5   10  9  9  7  6 10 10  6 10  6   
120b   7  9  8  4  7  6  6  9  8  7    6  9  6  8  8  6  6  9  5  6    8  7  6  7  6  6  5  8  5 11    8  7  8  8  9  8  0  0  0  0   
121a   0  0  8  9  7  9  7  7  8  9    9  7  9  9  7  8  7  7  9  8   10  8  9 10  9  7  7  6  7  7    6  8  6 10  6  7 11  8  9  8   
121b   9 10  6  7  8 10  8  7  9  7    7  9  9  7  7  8  5  6  7  7    8  7  6  8  8  6  7  6  8  9    9  7 10  9  7  7  0  0  0  0   
122a   0  0  9  6  7  8  8  9  7  8    6  8  7  7  9  9  6  7  9  7    8  7  8  8  8  9  6 10  6  6    7  5  7  7  9  8  7  8  9  8   
122b   8  7  9  5  7  7  7  6  9  6    9  8  8  7  7  7  8  7  6  7    5  8  8  6  7  6  4  8  6  6    7  9  8  6  7  8  0  0  0  0   
123a   0  0  8  7  9  8  7  7  5  6    8  8  9  8  7  9  6  9  9  7    6  6  9  9  8  8  9  7  9  7    8  7  7  6  7  8  8  6  7  6   
123b   7  7  8  6  7  9  7  8  6  8    7  6  6  9  6  7  6  6  8  5    6  6  9  6  6  7  7  7  7  9    9  9  9  7 10  5  0  0  0  0   
124a   0  0  8  6 10 10  8  9  7  8   10  9  9  7 10  9  8  6  7  9   10  8  8  8  8 11  7  8  7  7    5  7  8  8  7  8  7  7  7  9   
124b   9 11 10  8  8  8  8  7 11  9    7  7  8  7  9  8  6  8  7  8    8  6  6  8  7  7  7  7 11  9    9  7 10  9  7  5  0  0  0  0   
125a   0  0  6  8 10  8  7  7  8  5    9  8  9  8  8  8  8  8  9  7    7  8 10  8 11  8  8  8  6  6    6  7  5  5  7  9  7 12 11  7   
125b   7  7  7  6  7  6  6  8  6  7    9  8  8  6  6  8  7  7  5  7    6  6  7  6  6  7  7  8  6  9    6 11  7  5  7  8  0  0  0  0   
126a   0  0  8  7  8  9  8  7  7  9    8  6  8  8 10 10  8  9  6 10    8  5  7  9 10  6  6  5  7  6    7  6  6  5  7  9  8  5  6  5   
126b   8  7  8 10  9  9  6  5  8  6    7  8  6  8  7  8  8  6  7  7    7  7  6  8  9  6  6  9  8 10    6  6  9  9  9  7  0  0  0  0   
127a   0  0  7  8  8  9  6 10  7  8    9  7  7  7  7  7  9  7  7  7    8  7 10  7  9  7  8  9  9  7    5  5  6  7 10  8  8  5  7  8   
127b   7  9  8  7  7  8  7  9  7  7    9  9  6  8  7  8  5  7  7  8    8  6  7  6  6  6  9  8  7  9    9  7  8  7  8  9  0  0  0  0   
128a   0  0  6 10  8  8 10  7  8 10    9  8  8  7  8  9  5  6  9  7    7  7 10  5  6  9  8 11  5  8    7  6  6  7  7  4  4  7  8  7   
128b   7  6  8  7  7  6  6  9  7  5    6  7  5  6  7  7  6  6  8  7    8  7  7  6  8  6  6  8  6  6    7  7  6  7  9  8  0  0  0  0   
129a   0  0  8  7  6  7  7 10 11  8    7  8  9 10 10  8  7  6  7  7   10  6  8  9  9 15  7  6  5  6    8  6  8  5  7  8  9  8  5  8   
129b   6 11  9  6  7  7  8  7  7  5    7  8  6  8  6  6  9  7  7  6    5  7  6  7  8  7  8  7  8  7    6  9  8  8 10  9  0  0  0  0   
130a   0  0  9 10  7  9  9  8  8 10    7  8  6  8  9  8  9  8  6  7    8 10  8  7 10  8  8  6  6  7    7  6  7  6  7  8  8  5  8  7   
130b   7  8  7  7  9  8  8  8  7  6    9  6  7  8  7  6  5  5  7  7    6  5  6  6  6  6  6  8  6  8    6  8 12 10  8  7  0  0  0  0   
131a   0  0  9  7  9  8  9  8  6  7    5 10  9  6  7  7  7  7  8  8    6  8  9  9  9  7  7  8  9  6    7  7  7  8  6  9  8  7  7  5   
131b   8  8  6  8  9  7  8  6  8  8    8  7  7  5  6  6  8  5  9  7    7  7  7  8  6  6  7  6  8  9    7  7  8  6  7  9  0  0  0  0   
132a   0  0  6  6  7  7  8  7 10  8    9  7  9  8  7  9  9  7  8  9    9  7  8  8  8  9  7  9  6  7    6  6  7  6  8  5  8  6  6  6   
132b   6 12  6  7 10 10  6  5  6  9    7  7  7  8  9  6  7  9  7  6    6  7  7  8  8  7  6  7  7  9    7  6  8  9  7  6  0  0  0  0   
133a   0  0  8 10  9  6  9  8  7  7    7 11  7  9  8  8  9  7  9  8    8  8 10  7  7  7  8  7  7  6    8  7  6  5  6  6  8  6  8  6   
133b   8  9  9  8  6  8  8  6  8  7    8  6  7  8  6  7  7  9  7  6    7  8  6  6  7  6  5  8  6  7    7  7  8  8  6 10  0  0  0  0   
134a   0  0  7  8  6  7  9  7  8 10    9  8  7  7  7  8  7  8  8  8    7  7  9  7  7  7  5  8  6  8    6  7  6  6 10  6  5  8  9  7   
134b   7  5  4  6  6  6  6  7  6  7    7  8  8  7  7  7  7  7  5  5    7  6  6  7  8  9  7  7  6  8    8 10  9  7  7  9  0  0  0  0   
135a   0  0 10 10  7  8  8  7  9  8   11  8 10 10  7  7  9  8  9  7    7  8  9 10  7  8  8  8  9  6    8  8  6  6  6  8  6  8  8  8   
135b   9  7  7  6  6  7  8  8  9  8    9  7  6  9  6  6  8  6 11  5    7  6  6  9  8 10  8  8  7  8    6  8  8  8  8  6  0  0  0  0   
136a   0  0  9  7  6  9  9  6  9  9    8  7  7  7  9  7  7  7  9  8    7  7  8  7  8  7  7  8  6  6    6  6  8  7  7  7  8  6  7  8   
136b   5  7  6  6  9  8  9  7  7  9    8  6  7  6  6  7  7 10  7  8    7  9  7  8  9  9 10  8  9 10   10 12  7  8  8  9  0  0  0  0   
137a   0  0  9  7  8  7  7  7  8  7    8  8  7 10  9  7 10  8  8  6    7  6  9 11  8  8  7  8  6  6    6  5  7  7  8  6  7  6  7  6   
137b   7  9  4  5  7  8  7  6  6  9    7  6  8  7  5  5  8  8  7  6    5  6  7  6  6  8  6  6  9  7    9  6 10  8  5  6  0  0  0  0   
138a   0  0  9  7  6  6 10  8  9  8    6  9  9  7  7  8  8  7  8  8    9  7  8  8  8  7  6  7  6  7    6  8  6  6  7  6  6 10  7  6   
138b   8 10  8  7  5  7  6  6 10  7    7  5  8  6  6  8  6  6  7  6    7  6  8  7  6  7  7  8 10  9    8  8  9  6  7  6  0  0  0  0   
139a   0  0  6  7  9  9  8  7  6  7    7  8  7 10  8  8 11  8  8  8    8  8  6  6  6  7  5  6  5  6    9  7  8  8  8  6 10  7  5  7   
139b   9  7  9  8  6  6  7  8  7  8    7  7  6  6  5  7  4  7  7  7    8  6  7  9  7  8  8  7  8  9    8  8  8  8  8  7  0  0  0  0   
140a   0  0  9  7  8  8  9  8 10  6    6  9  7 10  6  6  7  7  7  9    8  8  9  6  5  7  8  6  6  5    9  7  7  6  7  8  7  7  7  5   
140b   7  8  7  7  9  8  7  9  7  6    7  7  6  7  6  5  6  6  5  6    6  7 10  8  8  8  8  8  7  8   10  8  8  7  7  8  0  0  0  0   
141a   0  0  6  6 12  8  9  9  7  8    9  8  9  9  7  7 10  8 11  6    9  7  8  6  8  8  7  6  8  7    6  5  5  8  7  8  6  7  7  7   
141b   9  8  8  7  7  8  7  8  6  9    7 10  8  6  6  7  8  6  9  6    6  8  8  6  6  8  8  6  5  9    9  9  6 10  7  7  0  0  0  0   
142a   0  0  7  8  7 10  7  9  7  9    7  7 10  8  5  6  7  8  8  9    7  9  6  5  7  7  7  9  6  6    7  9  6  5  7  6  7  5  7  9   
142b   8 10  6  8 10  7  8  7  7  7    7  5  6  7  7  8  5 10  8  6    6  7  7  7  6  6  8  7  8  7    7  7  6  9  7  8  0  0  0  0   
143a   0  0  8  7  8  6  7  8  8  7    8  8  9  7  9  8  8  6  7  7    7  8  7  9  7  6  8  7  7  8    7  7  8  5  7  9  6  9  6  6   
143b   6  5  9  7  7  7  7  8  7  9    6  8  8  6  7  8  6  6  7  6    7  7  7  8  6  7  8  6  7  7    8  8  7  7 11  6  0  0  0  0   
144a   0  0  9  8  6  9  8  8  7  8   11  7  7  8  6  7 10  5 10  6    8  9  9 10  8 11  8  8  5  8    6  6  8  7  6  7  7  7  9  7   
144b   9  7  6  8  8  6  6  7  7 10    8  7  6  8  6  6  6  6  7  7    5  7  7  8  8  9  7  8  6  7    8  7  8  7  8  9  0  0  0  0   
145a   0  0  8  8  6  8  8 10  9 10    8  7  7  9  8  8  9  7  9  9    9  7  8 10  6  6  7  7  6  6    7  6  7  9  5  7 10  6  8  6   
145b   9  8  7  7  8  6 10  8 11  8    7  6  8  8  7  9  8  8  9  6    8  7  8  9  7  7  7 10  8  7    7  8  7  7  8  7  0  0  0  0   
146a   0  0  8  8  6  7  8  9  9  6    8  8  6  7  7  6  7 10  9  9    9  7  8  7  8  7  6  5  8  6    7  6  8  6  9  7  7 10 10  4   
146b   7  8  5  7  9  6  7  8  7  8    9  7  7  9  5  7  7  7  7  6    6  6  6  6  8  7  6  9  7  8    7  8  6  8  7  8  0  0  0  0   
147a   0  0  7  6  8 10 10  6  7  8    9  8  7 10  9  8  9  9  9  7    9  7  5 10  6  6 10 10  7  5    7  7  6  6  6  9  8  7  7  7   
147b   8  7  8  7  7  7  8  7  6  7   11  7  7  5  5  7  7  7  6  8    6  6  7  6  7  7  7  9  9  8    7 10  8  8  9  8  0  0  0  0   
148a   0  0 10  8  8  9  8  6  9  8    7 11  9  8  7  8  8  6  7 10   11  7  6 10  7  6  7  8  6  7    9  6  6  5  6  6  5  8  6  7   
148b   7 11  9  6  5  8  8  6  8  8    7  7  5  7  6  6  7  6  8  6    6  7  7  6 11  8  6  7  8  7    7  8  9  7  7  8  0  0  0  0   
149a   0  0  9  7  7  6 11  8  6  8    7  7  8  8  8  7  8  8  6  7   10  7  8  8  7  7  9  6  7  6    7  5  8  7  7  8  6  6  7 11   
149b   7  8  7  6  7  7  7  7  8  6    7  8  9  6  5  9  5  7  7  7    7  8  6  7  7 10  8  7  7  7    8  5  7 10  8  9  0  0  0  0   
150a   0  0  7  8  7  8 10 11  9  9    6 10  6  9  8  7  8  8  9  9    9  9  7  6  7  6  7  7  7  7    6  6 12  6  6  7  7  8  5  8   
150b   8  7  8  9  6  8  4  6  7  7    8  8  9  6  6  6  5  8  6  7    5  7  7  7  9  8 10  5  8  7   10  8  8  8  7  8  0  0  0  0   
151a   0  0  7  7  9  9  8  9  6  7    9 11  8  7  9  7  8  9  7  9    8  7  9  7  8  7  8  7  7  8    8  8 10  6 10  8  9  7  8  6   
151b   6  8  9  8  8  8  7  5  8  7    6  9  8  6  6  8  6  6  6  6    7  7  6  7  7  7  8  8  6  8    9  7  7  6 10 10  0  0  0  0   
152a   0  0  8  9 10  7 10  7  8  9    9  6  8 10  9  9  7  9  8  8    7  8  7  7  8  7  6  6  6  6    7  7  8  7  8  8  8  9  7  6   
152b   7  7  6  8  9  6  6  8  6  7    7  7  8  7  6  7  7  8  8  7    6  6  6  6  8  6  7  6  7  7    6  6  0  9 10  8  0  0  0  0   
153a   0  0  8  7 10  8  8  7  7 10    6  7  7  6  5  7  9  8  8  9    7  8  9  7  5  8  7  8  6  7    7  7  9  7  6  7  8  7  8  7   
153b  10  9  9  9  7  7  7  8  9  8    8  8  7  8 10  7  7  8  8  6    5  8  7  6  7  8  8  5  9  9    8  7  8  9  7  7  0  0  0  0   
154a   0  0  8  8  9 12  9  7  8 10    9  6  8  9  7  6  8  9  8  6    6  7 10  5  7  7  7  6  7  7    6  6  8  7  7  7  9  7  6  6   
154b   9  9  9  7  7  8  8  6  6  7    6  6  8  8  7  7  6  7  6  9    6  7  7  5  8  7  9  7  8  6    8  9  7  9  7  8  0  0  0  0   
155a   0  0  7  7  9  7  9  8  8  6    8  7  8  8  8  9  8 10  7  8   10  7  7  6  6  6  6 10  7  6    7  8  7  8  8  7  7  8  7 11   
155b   5  7  8  8  7  6  6  9  6  7    9  7  5  8  6  6  8  8  7  8    6  6  6  7  9  8  7  6  8  7    8  8  8 10  7  7  0  0  0  0   
156a   0  0  8  8  9  8 10  7  9  8   15  8  9  8  7  8  7  9 10  7    8 10  7  5  8  4  7  9  8  6    8  8  9  7  9  6  7  9  8  6   
156b   7  8  7  8  7  7  8  7  6  7    7  7  7  6  6  7  7  6  6  8    6  6  8  6  7  8  6  6  8  9    8  9  9  7  9  6  0  0  0  0   
157a   0  0  9  7  8  6  7  6  7  8    8  8  8 10  5  7 10  8  8  7    8  8  7  6  7  8  6  8  7  7    6  8  7  6 10  9  6  7  8 10   
157b   5 11  7  7  7  6  8  7  6  9    8  7  6  6  7  7  7  7  7  7    6  7  5 10  7  8  6  8  7  8    7  9  8  6  7  8  0  0  0  0   
158a   0  0  7  7  7  8  9  6  7 11    9  5  9  8  8  8  5  5  8  7   10  7  7  6  6  5  5  8  6  8    7 10  8  7  7  8  8  7  6  7   
158b   7  6  8  7  7  8  8  8  7  6    7  6  6  6  7  7  6  5  7  6    5  8  6  7  5  7  8 10  6 10    8  7  7  7  9  8  0  0  0  0   
159a   0  0  6  7 11  9  8 10  8  8    9  7  8  7  7  7 10  6  8  8    8  5  9  6  7  6  7  8  8  6    8  8  6  6  6  8  6  8  8  7   
159b   8  7  6  8  7  6  7  6  5  6    6  6  6  7  7  6  8  7  6  7    6  6  5  6  9  8  7  7  8  7    8  9  8  7  9  8  0  0  0  0   
160a   0  0  8  9  7  6 10  7  7  9    9  8  6 10  7  8  7 10  9  9    6  6  7  7  6  6  7  6  7  9    7  7  9  6  7  8  9  9  7  6   
160b   7  8  8  7  9  7  7  8  6  5    9  9  5  8  7  7  6  8  7  7   10  7  8  7 10  8  8  8 10  7    8  8  6  7  9  7  0  0  0  0   
161a   0  0  8 10  8  6  7  7  7 10    7 11  5  8  8  9  7  8  8  6   10  5  6  6  5  6  6  5  8  5    7  6  7  7 10  6  7  8  8  9   
161b   7  7  6  7  9  6  7  9  8  8    8  7  6  7  8  6  5  9  7  8    7  8  7  7  6  7 10  6  9  7    7  7  8  7 10 10  0  0  0  0   
162a   0  0  7  6  7  6  7  8  8  8    8  8  6  8  8  9  9  9  8  7    6  8  7  7  5  6  7  6  5  7    9  6  7 10  6  6  8  4  8  7   
162b   7  5  6  7  6  6  6  7  7  9    6  9  5  6  8  7  7  7  8  7    6  6 10  6  9  8  9  6  8  6    8 11  9  7  7  7  0  0  0  0   
163a   0  0  8  8  8  8  9  7  7  8    6  6  9  7  8  7 10  8  9  8    9  6  9  6  5  6  5  7  7  8    8  6  6  8  7  6  7  7  6  8   
163b   8  7  8 10  6  7  8  7  7  8    6  8  7  8  5  8  8  7  9  8    8  7  8  7  9  8  6  7  6  7    9  9  9  9  7 10  0  0  0  0   
164a   0  0  5  9  8 10  8  8  7  9    5  6  7  6  7  9  7  7  9  8    8  8  7  7  6  4  5  9  8  6    7  7  8  5  6  7  7  7  8  5   
164b   7  6  7  7  7  6  5  7  5  7    7  8  5  7  5  8  6  5  8  8    6  8  8  6  8  8  6  8  7  7   10  9  8 10  9 11  0  0  0  0   
165a   0  0  9  8  9 10  6  7  7  6    6  9  9  9  7  8  7  8  8  6    6  6  7  7  6  6  6  8  6  8    7  9  7  8 11  8  9  6  7  8   
165b   8  6  9  9  8  9  7  7  6  7    7  7  7  9  7  8  7  6  6  8    7  6  9  7  8  9  6 10  9  7    7  8  6  8  8 11  0  0  0  0   
166a   0  0  8  9  7  8  7  8  7 10    7  9  8 11  7  8  7  7  9  7    7  7  4  6  5  7  6  7  6  8    7  7  7  7  7 10  8  9  6  6   
166b   7  7  6  5  6  7  7  7  7  6    6  8  8  5  5  5  6  7  7  5    9  8  9  8  7  6  7  6 11 10    9  8  9  7  9  8  0  0  0  0   
167a   0  0  9  7  8  7  7  7  7 10    7  6  6  8  8  6  8  7  8  9    7  8  9  7  6  7  9  6  7  6    7  8  8  8  8  6  6  9  7  6   
167b   7  6  7  8  8  5  7  6  6  6    6  5  7  6  9  6  7  6  9  7    7  8  7  7  7  8  6  7  8  7    6  7  7  8  7 11  0  0  0  0   
168a   0  0  8  7  8  9 10  6  8  7    9  9  6  9  8  7  6  8 10 10    6  6  8  7  7  6  8  9  6  8   11  7  7  7  8  7  6  6  7  6   
168b   6  7  9  8  7  7  6  5  7  9    7  6  6  6  6  6  6  6  6  7    9  8  8  6  7  6  6  9  7  7    7  6  7  9  8  8  0  0  0  0   
169a   0  0  8  8  9  7  9  9  6  7    8  8  9  7  7  8  9  9  7  7    6  7  9  7  7  6  7  5  7  8    6 11  7  7  8 10  9 11  7  7   
169b   6  7  7  8  8  7  7  7  6  6    6  7  7  6  6  7  5  9  7  7    7  9  7  8  7  8  8  8  9  6    7  9  5  9  8  8  0  0  0  0   
170a   0  0  9  8  9  8  8  8  7  9    7  6  8  9  8  6  7  7  7  8    5  6  9  7  6  6  6  4  7  8    7  8  7  9  8  6  6  7  6  8   
170b   7  8  5  7  9  7  7  6 10  6    8  6  7  6  6  6  7  6  5  8    6  9  7  6  5  7  8  7  9  8   10  6  7 10  8  9  0  0  0  0   
171a   0  0  8  8  7  7  8 10  8  8    9  8  8  9  9  7  9  9  8 10    6  7  6  7  7  9  8 10  9  6    6  8  7  8  6  7  5  7  6  9   
171b   5  6  6  9  8  7  6  9  7  7    5  8  5  6  5  7  5  8  6  6    6  5  6  8  6  8  8  9  9  6    6 10 10  7  7 10  0  0  0  0   
172a   0  0  7  9  6  7  8  7  9  7    8  9  8  8 13  9  7 11  8  7    6  6  7  8  6  5  8  7  7 11    6  6  8  6  8  8  7  6  6  8   
172b   7  7  6  7  7  6  9  6  6  7    6  8  5  6  5  7  7  6  5  8    5  6  6  7  7  8  9  7  7  9    8  7  7 11 10  7  0  0  0  0   
173a   0  0  8  7  9  9 10  8  9  7    7  7  7  7 11  5  7  7  8  7    7  7  7  5  6  5  9  8  5  6    6  7  7  7  9  7  7  5  8  7   
173b   7  6  6  7  6 10  6  7  6  7    6  5  6  5  5  6  7  6  7  9    6  8  7  7  7  7  7  8  7  8    8  8  8  6  8 10  0  0  0  0   
174a   0  0  6  9  8 10  8  8  6  7    7  9  8  7  7  8  7  7  8  7    6  9  5  7  6  7  7  8  9  7    7 10  9  6  7  6  5  7  5  7   
174b   8  6  6  7  7  8  7  6  7 10    5  5  6  7  7  6  8  6  7  7    9  8  7  6  7  7  6  8  8  7    7  8  7  8  6  8  0  0  0  0   
175a   0  0  8  7  8  8 10  6 10  7    9  7  8  7  9  8  9  8  9  7    8  5  7  8  9  7  6  8  7  6   11  7  9 10  8  6  7  5  8  8   
175b   6  6  9  6  6  7  8 11  7  6    6  6  6  6  7  7  4  8  9  7    8  6  9  7  6 10  9  8  7  7    8  8  8  7  8  7  0  0  0  0   
176a   0  0 10  8  7  8  7  7  9  6    8  6  7  7 10  7  9  6  7  6    7  5  6  8  7  8  7  6  8  7   10  5  7  6 10  5  7  6  8  7   
176b   8  7  5  6  5  6  6  5  8  6    4  5  5  6  5  5  6  7  6  6    7  7  7  7  9  9  8  9  9  7    9  9  6  7  8  9  0  0  0  0   
177a   0  0  7  9  9  6  7 10  9  7    9  6  9  7  7  6  8  6  8  9    7  6  8  6  9  7  9  6  7  6    6  7  8  5  8  9  6  8  7  8   
177b   6  7  6  7  7  6  8  6  7  9    6  6  7  5  5  6  7  8  6  9    5  7  9  6 10  7  7  9  8  8    9  6  8 10  7  9  0  0  0  0   
178a   0  0  5  9  7  9  8  6  8  9    6 10  7  7 12  7  8  7  7  9    7  6  7  6  7  6  7 11  7  7    8  8  5  6  7  9  6  9 10  4   
178b   8  9  6  9  7  6  6  7  9  5    6  7  7  5  5  6  6  7  6  9    6 10  6 10  7  7  8  8 10  9    8  6  8  9  7  8  0  0  0  0   
179a   0  0  8 10  5  6  6  7  8 11    7  7 10  8  7  8  7  9  8  6    7  8  8  6  6  7  7  6  6  8    5  7  8  9  8  8 10  8  6  7   
179b   5  8  6  6  5  8  6  9  7  7    6  4  6  6  8  7  7  9  7  9    6  9  7  8  7  7  8 10  7  9    8  8  7  8  9  9  0  0  0  0   
180a   0  0  6  8  8  9  8  6  8  8    9  6  8  9  6  9  8  6  7  8    6  8  7  8  7  7  8  6  7  8    7  8  5  6  9  7  7  7  6 10   
180b   7  5  7  9  7  5  7  6  5  5    5  6  6  6  4  5  6  7  7  7    9  7  8  7  7  7  7  8  6  8    7  9  9 10  8  8  0  0  0  0   
181a   0  0  7  7  8  5  7  8  7  9    7  8  9  6  6 11  8  8  7  7    8  7  7  6  7  8  8  5 10  7    6 10  6  6  9  7  7  9  6  9   
181b   6  6  5  5  6  5  5  7  9  6    5  4  7  7  7  6  5  7  7 10    8  9  6  6  9  6  7  7  6  7    7 10 10 10  7  7  0  0  0  0   
182a   0  0  8 10  8  8  6  6  7  9    8  5  6  9  7  8  8  8  8 10    6  7  6  6  7  5  9  7  8  8    8  7  6  6  8  6  8  5  8  5   
182b   6  7  6  7  6  6  7  5  9  6    6  5  6  6  6  6  7  5  7  7    8  7 10  8  7  7  6  7  8  7    7 11  9  6 10  8  0  0  0  0   
183a   0  0  9  8  9  8 10  8  7  9    9  9  8  8  7  7  7  9  8  9    7  8  7  6  8  7  7  8  7  7    5  5  9  8  7  7  7  9  6  6   
183b   8  5  9  6  6  6  7 10  7  6    7  5  5  5  6  6  8  7  9  7    7  7  8  8  5  8 10  8  7  6    9  7  8  8  8  8  0  0  0  0   
184a   0  0  6  7  7 10  8  7  8  8    7 10  8  7  8  7  9  9  7  6    8 10  9  7  7  9  7  7  7  6    7  6  8  7  9  7  8  6  6  6   
184b   5  7  6  8  6  8  5  6  6  6    6  6  6  5  5  5  6  7  7 10    6  7  6  7  8  9  9  6  7  7    9  8  9  9  7  8  0  0  0  0   
185a   0  0  9  7  8  6  8  6  6 10    9  6  7  7  7  9 10  8  8  7    7  6  9  8  7  7  8  7  8  0    7  7  5  6  9  7  6  8  7  4   
185b  10  5  6  6  6  7  6  6  7  5    7  5  5  8  5  7  6  8  7  7    7  8  7  9  6  8  7 10  9  6   10 10  8  7  8  7  0  0  0  0   
186a   0  0 10  6  8 14  7  7  7  7    9  7  7 10  8  7  6  9  9  5    7  7  8 10  8  8  8  6  6  8    8  7  8 10  6  6  6  6  6  6   
186b   8  7  7  8  9  8  6  7  6  8    6  5  5  6  5  6  6  8  8  9   11  6  7  7 10  8  6 10  7  6    8 10  9  6  8  7  0  0  0  0   
187a   0  0  8  8  8  8  7  8  9  7    6  7  7  7  6  7  9  7 10  9    8  8  6  8 10  9  7  7  7  6    6  9  8  8  9  8  8  7  5  9   
187b   6  5  7  7  6  8  6  8  6  6    6  7  6  6  6  6  6  7  6  7    7  8  7  6  9  8  8  9  8  9    9  7  8  7  9  7  0  0  0  0   
188a   0  0  6  8  7  7  8  8  8  7    8  8  7  7  8  6  6  7  7  7    7  6  6  7  6  9  6  7  5  7    6  8  7  8  7  9  5  6  5  8   
188b   5  8  6  0  5  5  6  7  8  6    6  5  6  6  6  8  7  6  7  8    9  7  6  6  6  7  5  7 10  8    7  9  6  9  8  9  0  0  0  0   
189a   0  0  7 10  7  4 10  7  8  8    8  8  8 11 10  8  8  7  7  8    6  8  8  7  8  5  6 10  8  5    6  7  5  8  6  7  7  6  7  7   
189b   7  6  7  6  7  5  8  6  6  7    5  6  6  6  7  8  8  6  8  6    7  9  9  8  8  7  8  8  7  8    7  8  8  8  7  8  0  0  0  0   
190a   0  0  8  7  9  8  9 10  8  8    8  8  8  6  9  8  8 10  7  8    9  7  6  6  9  9  8  7  7  6    5  7  8  8  8  7  7  6  7  6   
190b   7 10  5  5  4  5  6  8  6  6    6  6  5  8  7  9  6  8  9  8    6  9 12  8  8  9  7  5  8  9    7  7  8  7  9  7  0  0  0  0   
191a   0  0  9  9  5  6  7  8  9  8    7  6  9  8  7  7  8  8  8  6    6  7 10  6  9  7  8  6  8 10    7  6  7  9  7  5  7  6  7  7   
191b   7  6  5  6  6  6  6  8  7  8    7  6  7  7  6  6  8  8  7  6    7 11  8  7  7  9  6  8  8  7    7  7  7  8  8  7  0  0  0  0   
192a   0  0  8  8  8  7  7  9  7  9    8  9  9  8  6  6  8  9  6  7    7  8  7  6  7  6  6  6  7  6    8  6  6  7  8  6  9  6  6  7   
192b   6  5  7  6  6  5  7  8  5  5    8  6  7  8  6  9  6  8  8  7    9  7  6  8  7  7  8  9  8  6    8  8  8  9  7  6  0  0  0  0   
193a   0  0  8 10  6  9  8  5  6  7    9  8  7  6  8  7 11  7  9  8    9  8  9  8  8  6  8  7  6  9    6  9  5  8  8  7  5  7  4  7   
193b   7  5  4  7  4  7  7  8  7  7    6  6  5  5  7  8  9  8  8  8    7  7  8  9  8  8  9  8  7  7    6  8  7  7  9  8  0  0  0  0   
194a   0  0  9  7  8  9  8  7  8  7    8 10  7  8  9  7  8  7 10  7    9  7 10  8  7  6  7  6  7  7    6  8  8  5  5  6  5  8  5  7   
194b   7  6  5  6  6  8  5  6  6  7    6  7  5  6  7  6  7  7  8  8    9  7  8  5  7  7  7  6  8  8    9 12  7  9  8  8  0  0  0  0   
195a   0  0 10  7  7  8  8  8  7  8    8  8  9  8  8  7  9  7  7  7    9  8  8  9  7  7  8  6  8  7    7  5  9  7  6  6  7  4  7  6   
195b   6  8  6  8  6  5  6  6  6  7    8  8  7  6  7  7  7  8  8  6    8  8  6  7  8  7 10  8  8  9    9  8  6  9  8  7  0  0  0  0   
196a   0  0  8  9  5  8  7  6  6  7    8 11  8  8  8  9  7  9  8 10    9  5  9  6  8  7  8  6  7  6    8  6  7  5 10  5  5  8  7  6   
196b   7  6  5  6  8  5  6  7  8  6    6  6 10  7  5 10 10  7  7  7    6  6 11  8  9  7  9  6  7 10    8  7  7  8  8  8  0  0  0  0   
197a   0  0  8  7  8 10  6  8  6 10    7  8  8  9  6 10  5  7  8  8    9  8  8  8  8  6  7  6  7  6    5  8  6  5  6  9  8  5  6  6   
197b   7  6  5  4  6  7  7  7  7  7    7  7  7  7  7  8  6  6  5  8    8  8  6  8 10  8  8  8  9  9    6  6  9  7  7  6  0  0  0  0   
198a   0  0  7  7  9  9  8  7  9  7    6  8  6  7  8  7  7  7  7  7    7  7  8  7  8  9  7 10  6  6    6  5  5  5  9  5  6  6  6  8   
198b   6  4  5  7  8  7  9  7  8  6    7  9  6  8  7  8  8  7  7  6   10  6  7 10  8  8  9  7 11  8    8  7  9  8 10  7  0  0  0  0   
199a   0  0  8  6 10  6  7  6  7  7    8  7  6  6  7  9  7  9  9  6    7  7  7  7  6  6  5  7  5  4    6  6  7  7  8  9  6  6  8  6   
199b   5  4  5  6  6  7  7  7  8  7    7  7  7  8 10  7  5  9  7  8   10  9 10  6 10  8  9  7  8  7    8  5  7  6  6  7  0  0  0  0   
200a   0  0  8  8  7  8  8  8  8  7    8  5  7  6  8  8  7  8  7  9   12  7  8  6  7  5  6  7  6  5    6  4  5  9  7  9  4  7  7  6   
200b   7  4  5  7  5  7  6  9  7  7    8  7  7  6  6  8  8  9  7  7    8  9  8  7  8  7  9 13  6  7    8  7  9  8  7  6  0  0  0  0   
201a   0  0  9  9  6 10  9  7  8  8    6  8 11  8  6  7  7  8  8  8    6  8  7  8  7  9  7  7  7  6    5  8  7  9  9  6  6  6  7  6   
201b   7  8  8  5  7  5  7  6  7  9    9  6  7  9  8  9  8  7  6 10    7  9  8  7  7  8  9  7  8  6    6  6  7  8  7  8  0  0  0  0   
202a   0  0  7  8  8  7  9  7  8  7    6  9 10  7  7 10  8  7  8  6    9  8  7  8  8  5  6  6  8  8    6  8  7  8  6  6  9  6  7  7   
202b   5  8  5  5  7  5  5  6  6  7    6  7  9  8  7  9  6  8  8  6    9 10  7 10 10  6  8  7  8  7    7  7  7  7  8  6  0  0  0  0   
203a   0  0  9  7  6 10  6 10  6  5    6  9  8  7 10  6  8  6 10  7    9  7  7  6  6  8 10  7  8  8    8  4  7  7  9  9  7  7  7  6   
203b   6  6  7  5  6  7  7  6  5  7    8 10  9  9  7  6  8  8  9 10   10  6  8  7  6  9  8  5  6  9    4  9  8  7 10 10  0  0  0  0   
204a   0  0  8  7 10  9  9  8  9  8    8  7  7  9  7  7  9  7  7  7    8  6  8  7  7  7  8  6  7  7    8  6  8  6  7  7  6  6  8  7   
204b   5  6  6  4  7  7  7  6  7  6    7  8  7  7  8  7  8 12  8  6    8  9  8  9  9  8  8  8  7  9    9  9  8  7  8  8  0  0  0  0   
205a   0  0  6  8 10  8  9  8 11  8    6  9  8  6 10  7  7  7  6 11    8  9  6  8  8  9  8  6  7  6    6  6  6  6  9  6  6  6  6  7   
205b   6  6  5  7  6  6  8  6  6  9    8  9  7  6  7  6  7  6 10  8    9  8  8  9  7  9  6  6  6  8    8  6  8  9  8  8  0  0  0  0   
206a   0  0  7  8  8  7  7  8  8  8    8  7  6  6  9  8  6  9  6  9    7  7  6  7  8  7  7  5  6  6    7  6  8 12  8  8  7  5  8  9   
206b   6  4  5  8  6  6  6  6  7  8    6  7  6  7  8  7  7  6  7  9   10  8  8 10  6  8  7  7  7  9   10  6  8  8  9 10  0  0  0  0   
207a   0  0  7 10  8  9  8  8  7  6    8  7  8  7  6  6 10  7  9  8    7  7  8  5  8  7  8  6  6  7    5  9  6 10  8  5  7  7  6  8   
207b   6  7  7  5  7  5  7  7 10  9    6 10  6  6  7  8  6  8  8  9    9  8 12  7  8  9  6  7  8  9    7  8  8  6  7  9  0  0  0  0   
208a   0  0  6  9  8  9  5  9  5  8    7  8  8  7  7  8  7  8  8  7    5  9  8  7  9  8  9  5  6  8    8  6  9  8  8  8  6  8  6  7   
208b   7  7  5  6  7  8  7  7  5  6    6  8  8  8  9  7  9  9  5  8    8  8 12  7  6  6  8  6  6  6    9  7  9  8  8  8  0  0  0  0   
209a   0  0  9  8  7  8  6  6  9  7    8 10 10  9  9  7  7  7  6  8    8  7  8  8  6  8  8  8  8  7    6  6  7  8  6  7  7  7  6  8   
209b   5  6  5  7  5  7  8  5  6  7    6  7  7  7  7  6  8  7  8  8    7  6  8  5 10  8  8  7  7  7    6  6  8 10  9  6  0  0  0  0   
210a   0  0  6 11  6  7  8  8  7  7   10  9  7  8  7  7 10 10  9  8    7  7  6  9  7  7  7  8  6  5    7  5  8 10  8  7  8  7  7  7   
210b   6  6  6  8  7  9  5  9  8  8    8  7  7  7  8  6  6  8  7  7    7  9  8  6  7  8  7  8  8  8    7  9  8  6  8  7  0  0  0  0   
211a   0  0  9  6 11  6  9  7  8  7    7  7  9  7  6  9  8  7 10  8    8  6  7  7  7  6  9  9  7  8    7  9  6  8  7  9  7  6  7  9   
211b   5  7  6  7  6  7  7  7  8  6    8 10  6  7  7  8  7  7  8  8    7  8  9  6 11  9  9  9  9  7   10  6  9  8  7  8  0  0  0  0   
212a   0  0  9  9  7  8  8  7  7  7    7  7  8  8  6  8  8  8  7  6    8  7 10  7  8  7  6  6  7  7    7  7  8  7  9  6  7  6 10  7   
212b   6  7  7  7  5  6  7  6  6  8    7  8  6  7  7  6  7  8  9  7    8  7  9  6  8  8  7  8  6  9    8  8  9 11  9  9  0  0  0  0   
213a   0  0  9  9  8  9  8  9  6  6    9  6  6  7  8  7  7  7  8  8    9  7  7  9  7  7  5  7  7  5    6  7  8  7  7  8  5  6  6  8   
213b   7  7  6  8  4  5  7  9  7  6    8  8  6  5  6  9 10  6  8  8    6  6  8  9  7  7  7  9  9  7    6  8  6  8  7  7  0  0  0  0   
214a   0  0  7  7  8  9 10  8  9  8    7 10  9  9  8  8  8  8  7  7    7  9  7 11  9  7  7  8  6  8    7 11  6  7  9  8  9  7  7  7   
214b   9  6  7  9  7  5  5  8  8  9   10  9  8  6 10  7  9  7  9  7    8  7  9 10  7  6  9  5  6  8    8  7  6  7  8  6  0  0  0  0   
215a   0  0  7  8  6  9  8  7  9  5    8  7  9 11  9  8  8  8 11  7   10  9  7  6  6  9  6 11  6  7    5  7  7  7  7  9 10  7  6  8   
215b   9  6  6  7  5  7  7 10  5  7    9 10  7  8  7  6  5  9  7  7    7  8  8  6  7  7  6  7  6 10    8  7  7  7  7  9  0  0  0  0   
216a   0  0  7  8  8  6  9  8  8  7    9  7  9  7  9  9  5  7  6  6   10  9  7  7  7  7  8  7  8  8    8  8  7  8  7  9  9  6  6  7   
216b   7  8  6  6  6  7  8  7  7  7    6  7  7  6  6  6  6  7  8  6    6 10  9 10  9  9  8  7  7 11    7  7  8  6  8  8  0  0  0  0   
217a   0  0  7  7  7  6  9  9  6 10    7  8  7 10  6  7  8  8  8  6    8  7  6  7  7  8  7  6  8  9    8  7  6  6  7 11  9  9  7  8   
217b   8  6  8  6  6  7  9  6  7  8    9  6  7  7  8  9  9  6  8  9    9 10  6  9  7  7  8  9  6  6    6  7  9  6  9  6  0  0  0  0   
218a   0  0  8  8  8  7  9  8  7  8    7  7  9  6  8  9  6  7  8  7    7 10  8  8  8  8  7  8  7  6    8  7  8  8  7  7  7  6  7  6   
218b   7  6  7 11  6  6  8  8  7  8    8  7 10 10  7  7  5  8  9  9    8  9 11  7  8  8  9  7  8  6    6  8  7  8  7  9  0  0  0  0   
219a   0  0 10  7  7  7 10  8  7  9    9  7  8  8  9  7  7  7 10  7   12  9  7  7  7  7  7  7  6  9    7  7 10  6  7  7  7  7  6  8   
219b   7  6  7  7  5  7  7  7  9  6    7 12  9  8  7  7  7  8  9  8    6  7  7 10  8  8  8  8  8  9    8  8 10  7  8  7  0  0  0  0   
220a   0  0  8  7  5  9  8 10  8  8    8 10  7  8  5  6  8  8  7  8    6  7  8 10  5  9  8  7  8  5    7  9  6  8 10  7  8  7  9  6   
220b   8  8  8  6  7  7  9  7  8  7   10  7  9  9  8  7  6  9  6  7    5  9  6  8  8 10  9  7  7 10    7  8  9  8  8  8  0  0  0  0   
221a   0  0  7  9  9  9  7  8  8 10    6 10  6 11  7  8  9  9  5  9    7  9  8  9  7 10  7  6  7  9    9  6  8  8  7  7  9  8  8  5   
221b   6  5  7  6  7  7  7  8  5  7    6 11  7  7  6  9  7  8  9  7   10  8  8  8  8  6 10  7  8  6    8  9  8  8  7  8  0  0  0  0   
222a   0  0  6 11  8  5  8  8  7 10    8  8  9  8  8  8  9  8  8  7    6  6 11  6  6  8  7  8  6  7   12  9  7  8  8 10  7  9  7  7   
222b   7  9  8  5  7  8  8  7  5  8    8 10  7  7  6  8  9  5  8  7    7  8  8  7  9  9  8  9  7  7    8  8  7  8  7  5  0  0  0  0   
223a   0  0  9  8 11  7  6  7  7  8    8  7  7  7 10  7  8  8  8  8    5  8  7  7  5  5  8  7  7  7    7  9  7  6  6  6  7  6  8  8   
223b   6  8  7  8  8  7  6  9  7  7    8  8  9  7  9  8  8  9  7  8    9  7  8  9  8  8  7  8 10  8    9  7  8  7 11  7  0  0  0  0   
224a   0  0  8  5  5  9  6  6  7  7    6  9  5  8  6  6  7  7  8  6    7  5  6  8  6  7  6  5  6  6    7  7  7  7  5  9  6  8  6  7   
224b   7  7  6  8  6  8  6  5  7  8    6  7  8  8  6  7  8  8  8  8   11  7  8  8  8  8  8  8  8  7    6  8  8  9  8  7  0  0  0  0   
225a   0  0  5  9  8  8  7  7  8  8    8  6  7  8  8  5  9  6  8  8   10  9  6  8 10  7  8  7  8  7    8  6  7  8  7  7  7  8  6  8   
225b   7  6  7  8  7  6  7  8  9  7    8  9  9  7  6  5  7  7  8  8    8  7 12  7  7  6  9  9  6  9    9 10 10  7  7  7  0  0  0  0   
226a   0  0  8 10 10  7  7  9  8  8    8  7 10  7  8  8  9  7  5  7    9  7  7  7  8  8  7  6  6  8    5  5  6  7  7  7  8  7  8  7   
226b   8  7  7  7  7  7  5  7  8  9    7  8  8  7  7  6 10  9  5  8    7 11  8  8  7  8  9 10  7  6    8 12  7  8  8  7  0  0  0  0   
227a   0  0  6  7  6  7  8  8  9  7    6  9  8  8  6  8  7  6  6  9    8  6  8  6  7  8  7  4 10  6    6  7  8  6  6  6  8  6 10  9   
227b   8  6  7 11  6  4  7  7  7  7    6  9  6 10  5  6  7  6  6  7    6  7  6  9  9  8 12  9  6  7    9  6 10  6  9 10  0  0  0  0   
228a   0  0  7  5  7  7  8  8  8  9    6  8  7  7  6  8  9 11  8  8    7  7  7  7  7  6  7  6  8  6    7  6 10  7  7  7  7  9 10  9   
228b   8 13  6 10  7  7  8  6  6  7   11  5  7 11  6  8  6 11 10  7    7  7  7  7  9  8  8  7  6  9   10  6  7  7  9  8  0  0  0  0   
229a   0  0  8  8  7  8  8  6  5 10    8  8  7  8  8  9 10  9  7  7    7  9  8  9  6  6  7  9  6  8    7  6  6  7  7  5  6  6  7  7   
229b   7  6  7  5  8  7  6  7  8  8   10  7  8  8  9  9  6  7  8  8    8  8 12  7  6  6  8  9  7  7    6  9  7  6 11 10  0  0  0  0   
230a   0  0  8  8  8  8  6  8  7  7    9  6  9  8  8  6  7  8  7  7   10  7  6  8  8  6 10  7  7  7    7  8  7  7  6 10  7  6  9  6   
230b   8  6  8  7  8  8  7  7  7  7    8  5  7  7  9  6  7 11  8  8    7  7 10  9  7  9  8  6  8  6    7  9  7  9  7 10  0  0  0  0   
231a   0  0  8  8  9 11  7  8  9  9    7  5  9  8 11  7  8  7  7  6    9  8  7  8  7  6  8  7  7  8    6 10  8  7  7  8  8  7  8  6   
231b  10  6  6 10  8  6  6  5  8  9    9  7 10  6  6  7  8  8  8  7    7  8 10  7  6  7  7  8  7  8    8  9  8  7 10  7  0  0  0  0   
232a   0  0  8  7  7  8  8  9  8  7    6  7  9  6  6  7  8  7 10 10    8  6  7  5  8  8  6  6  7  6    6  6  7  7  7  6  6  7  6  7   
232b   5  8  9  4  6  7  7  6  8 10    7  8  7  7  7  7  7  9  7  8   10  9 10  8 11  8  8  7  7  7    9  9  7  6  7  7  0  0  0  0   
233a   0  0  8 12  8  8  8  4  9  9    7  8  7  5  7  6  8  5  6  7   10  8  7  8  5  6  7  6  7  8    6  8  6  5  5  6  6  8  7 11   
233b   6  6  9  8  8  7  8  9  5  8    7 11  9  6  6  8  8 10  5  7    8 10  7  7  6  7  7  7  9  8    7  8  6  7  6  7  0  0  0  0   
234a   0  0  7  6  8  7  9  6  8  7    8  7 10  9  8  8  7  7  5  8    6  7  7  8  9 10  6  6  8  9    6  6  9  6  4 10  9  7  6  6   
234b   6  8  7  9  8  6  6  6  7  7   10  7  7  8  8  8  8  9  7  7    7  9  6  7  9 10  8  6  8 10    8  8  8  9  7  9  0  0  0  0   
235a   0  0  7  8  9  6  4  7 11  9    7  7  8  7  8  9  8  8  7  6    7  9  7 10  6  8  7  7  7  0    7  6  7  7  8  7  6  8  8  6   
235b   7  6  6  7  5  7  7  9  9  9    6  6  5  8  5  6  9  7  8  6    8 10  9  6  7  9  9  7  8  7    6  9  8  6 10  8  0  0  0  0   
236a   0  0  6  9  8  8  6  7  9  9   10  8 10  6  8  7  9  6  8  8   10  8  7  9  8  6  7  6  6  8    8  7  6  5  7  7  6  8  6  8   
236b   6  7  7  5  8  6  6  7  6  8    7  6  7  6  7  6  5  7  7  8    8  7  9  7  8  8  6  8  9  6    6  8  7  8  7  7  0  0  0  0   
237a   0  0  9  7  8  9  6  7  8  6    5  7  9  8  6  8  7  7  6  7    8  6  9  7  8  6 10  7  8  7    8 10  6  8  8  6  5  4  7  5   
237b   6  7  6  8  5  7  6  7  8  7    7  9  7  8  9  6  6  7  6  8    7  6  9  7  7  7  7  7  7  8    6  8  6  7 10  8  0  0  0  0   
238a   0  0  8 10  7  8  7  8  6  8    8  7  8  9  8  8  8 10  9  9    9  7  9  8  8  8  7  6  8  9    9  8  7  8  6  6  8  6  5  8   
238b   6  6  8  9  7  7  9  6  5  8    6  7  6  9  8  7  7  5  7  5    6  6  9  7  7  7  8  7 10  8    8  7  7  8  8  8  0  0  0  0   
239a   0  0  7 10  6  8  9  8  7  9    8  8  9  7  8  6  8  7  9  6   10  7  8  7  6  8  7  7 10  7    6  8  5  7  6  7  5  6  5  5   
239b   6  7  6  5  5  6  7  7  8  9    8  7  7  7  5  9  7  8  6  8    8  8  6 10  7 10  6  7  9  7    8  9  6 10  9  7  0  0  0  0   
240a   0  0  8  9 10  8  7  8  6  7    8 10  5 10  7  9  9  8  6  5    6  8  6  8  6  8  6  6  4  5    6  6  6 10  6  6  7  5  6  7   
240b   5  7  6  6  6  6  6  7  6  8    5  8  8  9  7  7  7  8  6  8    8  8  6  7  8  9  9  8  9  7   10  7  9  8  7  8  0  0  0  0   
241a   0  0 10  9  7  7  7  6  9  9   10  7  8 10  7  7  8  8  8 12    6  7  6  7  7  6  7  9  8  6    7  7  5  8  6  6  5  6  8  6   
241b   5  5  5  6  7 10  8  7  7  7    9  8  8  9  7  8  6  7  8  8   10  8 10 12  8  8  7  5  9  8    6 11  7  9  5 12  0  0  0  0   
242a   0  0  8  8  6  8  8  8  7  7    8  6  6  7  5 10  6  7  8  7    8  7  7  7  6  6  6  6  8  6    5  8  7  6  8  6  7  6  5  6   
242b   6  7  6  9  7  6  8  7  7 11    6  7 11  7  8  6  8  8  5  9    8  7  8  7  8  9  7  6  6  7    7  7  8  8  8  9  0  0  0  0   
243a   0  0  9  8 10  6  6  9  9  6    8  8  8  8  8  7  7  7  8  6    8  8  8  8  7  7  8  6  6  7    8  7  6  6  7  7  5  6  6  7   
243b   6  7  7  7  6  7  6  7  7  6    8  7  9  7  6 10  8  8 10  7    8  8 11 10  8  8  7  9  7 10   10  7  8 10  7  9  0  0  0  0   
244a   0  0  9  5  6  7  8  9  7  6    6 10 10  8  8  8  7  8  7  7    7  7  8  8  5 10  8  7  7  5    8  8  6  6  8  6  7  8  7  8   
244b   7  7  7  5  9  5  6  7  7  5    6  7  6  5  6  6  7 12 10  8    8  8 10  6  7  8  8  6  8  7    8  9  8  8  7  7  0  0  0  0   
245a   0  0  8  6  6  8  8  9  8  6    8  6  9  9  9  8  7  8  5  7    9  7  9  7  9  8  6  8  6  8    7  9  6  8  5  7  5  5  5  8   
245b   6  4  6  7  6  7  6  8  6  5    6  7  7  7  6  7  8  8  8  9    8 10  6  7  7  7  7  8  6  7    7  7  7  8  7  7  0  0  0  0   
246a   0  0  8  9  7  8  8  7  9  8    6  7  6  6  7  6  9  8  7  8    8  8  9 10  8  5  8  8  6  6    6  8  8  6  6  4  6  8  7  4   
246b   6  6  6  7  7  7  7  6  7  7    6  5  9  9  8  6  6  7  7  6    7  7  9 11  8  7  9  7  8  8    5  7  9  7  8  9  0  0  0  0   
247a   0  0  9  7  8  7  9  7  8  9    7  8 11  9  7 11  7 12  8  8    7  9  7  8  8  8  7  8  5  7    9  7  6  9  6  8  8  5  5  7   
247b   6  5  6  8  7  5  6  6  7  7    7  6  7  7 10  6  7  9  8  7    8  7  8  7  6  9  7  7  9  9    7  8  6 10  6  8  0  0  0  0   
248a   0  0  9  8  7  7  6  8  7  7    6  7  9  9  6  7  7  9  8  9    6  9  6  8  8  7  7  6  7  6    7  8  6  5  4  5  8  8  4  5   
248b   6  7  5  8  7  6  6  7  6  8    7  7  7  6  7  6  7  6  7  9    7  7  8  6  9  8 10  8 10  9    9  8 10  7  6  9  0  0  0  0   
249a   0  0 11  6  8  8  7  8  9 11    9 11  7  9  7  9  7 10  8  6   10  7  7  8  8  8  8  6  8  9    8  8  8  5  8  5  6  5  5  6   
249b   6  6  6  6  5  5  8  5  6  6    7  7  8  5  9  8  8  8  9  9    7 11  9  7  8  7 10  7  7  8    8  7  7 12  8  7  0  0  0  0   
250a   0  0  9  8  6  7 10  7  7  6    4  5  9  8  6  7  7  6  9  8    7  7 11  8 10  7  8  8  6  6    6  9  7  8  5  7  7  5  3  5   
250b   5  7  5  6 10  9  8  7 10  7    8  7  8  7  7  8 10  5  7  7    7 10  7  9  9 10  6  7 10  7    7 10  8  5  9  8  0  0  0  0   
251a   0  0  6  5  8  8  7  8  7  8   10 10  7  7  7 10  6  7  8  8    8  6  6  8  8  8 10  6  6  5    8  5  7  5  6  7  6  5  5  6   
251b   7  7  6  5  8  6  6  8  6  6    6  6  6  7  6  8  7  7 10  8    8 10  6  6 10  7 10 11  7 10    7  8  8  9  8  7  0  0  0  0   
252a   0  0  7  9  9  6  8  8 11  9    8  8  8  5  7  7  6  9  8  8    7  9  6  8  9  6  6  8  8  7    7  9  6  5  7  8  5  6  6  4   
252b   3  6  8  8  7  8  6  6  8  6    6  8  6  8  6  9  7  8  7  5    5  7  7  8  8 10 12  7  7  6    8  6 10  8  6 11  0  0  0  0   
253a   0  0  8  6  7  6  9  7  8  8    6  7  8  7  8  8  7  9  8  7    8  7  9  9  9  9  7  6  8  7    7  6  4  6  6  7  6  8  7  6   
253b   6  5  7  6  9  8  7  7  9  8    6  7  5  8  8  8  7  8  7  8    8  7  8  9  8  8  9  9  9  9    9  6  7  8  8  6  0  0  0  0   
254a   0  0  9  8  9  8  8  7  5  7    9 10  9  6  6  7 11  8 10  7    9  7  6  7  8  7  8  7  5  7    7 11  5  8  7  6  6  6  6  5   
254b   6  6  5  6  7  4  6  6  5  9    6  6  6  8  6  6  9  8  8  7    9  7 10  8  8  8  9  8  8  7    8  7  9 10  8  7  0  0  0  0   
255a   0  0  7  8  7  9  7  8  7  7    7  6  9 11 11  9  7  6  8  6   10  8  8 10  7  8  6 10  7  7    8  6  5  6  7  8  8  7  5  5   
255b   6  6  6  4  7  6  8  6  6  7    6  7  7 10  8  8  9  9  8  7    9  7  8  8  8  7  6  8  6  8    7 10  8  7  6  6  0  0  0  0   
256a   0  0  5  6  7  7  7  7  9  8    6  9  9  9  8  7  7  7  7  8    8  8  8  9  8  9  8  7  6  7    6  9  6  8  6  6  5  5  5  7   
256b   5  7  7  7  5  8  6  7  5  8    8  7  6  8  9  5  8 10  7  9    7  6  7  7  8  6  9  7  8  7    7  8 10  7  9 10  0  0  0  0   
257a   0  0  7  7  7  6  7  8  7  9    9  8  7  7  8  9  7  7  7  9   10  9  8  6  6  7  7  8  8  7    5  7  8  7  9  4  4  8  6  4   
257b   6  5  5  6  4  5  6  7  7  6    8  5  8 10  8  9  8  9 11  8    6  7  8  9  8  6  7  7 10  8    8  8  6  7  8  8  0  0  0  0   
258a   0  0  7  7  7  8  7  7  8  7    6 10  7  8  8 11  7 10  9  7    6  7  9  9  8  5  5 10  9  7    8  7  8  7  6  7  6  5  6  6   
258b  10  8  7  8  6  6  6  9  6  8    6  7  6  9  9  6  6 11  8  6    9  7  8  9  8  9  8  9 10  7    8  7  8  8  8  7  0  0  0  0   
259a   0  0  8  8  9  7  8  7  7  7    8  9  9  8  7  7 10  6  6  6    8  7  6  7  9  8  7  7  8  8    8  6  6  7  9  8  5  9  7  8   
259b   7  7  7  6  7  9  9  6  7  7    6  6  5  8  8  7  9  8 10  9    8  8  9  8  6  6 15  6  5  7    7  9  8  6  6 10  0  0  0  0   
260a   0  0  8 11  8  8  7  8  8  6    7  8  9  8  7  9  6 10  7  5    9  7  9  7  8  8  6  7  7  6    7  7  8  5  6  8  6  6  7  6   
260b   7  8  7  6  6  7  5  6  6 11    7  7  7  8  8 10  9  8  6  8    7  8  8  7  7 11  8  9  6 10    7  7  7  8  7  9  0  0  0  0   
261a   0  0  7  7  6  7  6  8  9  9    9  8  8 11  8  7  5  7  7  7    7  7  6  5  8  8  6  7  6  8   11  7  7  7  8  6  8  6  6  5   
261b   8  6  7  8  7  6  5  6  8  5    6  8  6  8  6  7  5  9  6  7   11  8  9  8  6  6  7 10  7  9    7  9  9  9  9  7  0  0  0  0   
262a   0  0  8  6  7 10  7  7  9  6    7  8 10  7  6  9  4  6  6  4    7  8  7 10  8  9  8  7  9  8    7  7  6 10  7  7  8  7  7 10   
262b   7  6  6  6  4  7  7  7  8  6    6  7  7  8  9  9  8  5  6  7    8  8  9  9  7  6  8  7  8  6    9  7  7  6  8  8  0  0  0  0   
263a   0  0  7  8  9  6  6  9  7  7    8  7  8  7  9  7  6  6  6  8    7  7  6  8 10  8  6  7  7  7    6  6  7  7  8  9  6 10  8  6   
263b   6  5  7  7  8  5  6  7  5  6    6  9  6  6  6  8 10 10  6  5    6  8 10  8  9  8  7  9  9  7    8  8  6 10  6  5  0  0  0  0   
264a   0  0  9  8  6  7  8  5  8  7    9  7  7  6  6  8 10  8  7  6    8  8  5  5 11  7  7  6  8  7    6  6  7 10  8  6  8  7 10  7   
264b   8  6  6  6  8  6  7  8  8  6    7  7  8  7  9  6  8 11  7  8    8  7  7  9  7  9  7  8  7  6    7  7  7  8  7 11  0  0  0  0   
265a   0  0  8  8  6  7  8  8  8  7    7  7  7  9  9  7  7  9  9  9    7  9  6 12  8 11  8  9  8  6    8  7  5  7  9 10  7  6  7  7   
265b   5  8  7  7  8 10  9  5  6  5    8 10  7  6  7  8  6  6  6  7    9  9  6  8  8  6  6  6  7  5    8  7  6  8  8  7  0  0  0  0   
266a   0  0  8  9  7  5  7  6  8  9    7  7  7  6  9  7  7  7  9  9    8  8  6  8  9  8  7  6  9  7    8  8  8  6 10  6  6  6  6  8   
266b   6  9  6  4  8  5  5  7  7  7    7  7  6  6  6  6  9  8  7  8    8  8  7  8  7  8  7  8  7  8    8  9  9  9  8  8  0  0  0  0   
267a   0  0  8  9  9  7  7  9  8  7    8  8  7  8  9  6  6  8  8  7    8  7  7  9  8  8  8  8 10  6    7  7  9  8  9  6  8  9  7  9   
267b   5  5  7 10  6  7  5  8  6  7    7  8  6  9 10  7  8  9  9  7    6 10 12  6  9  7  6  7  7  8    8  6 10  7  9  7  0  0  0  0   
268a   0  0  9  7  8  6  8  8  8  8    8  7  9  9 10  8  7  7  6 10    7  8  9  8  6  7  8  7  7  7    7  6  6  7  8  7  9  9  7 11   
268b   7  8  7  7  6  6  7  8  7  6    7  7  6  8  7  8  7  9 10  6    6  7  9  7  7  9  8  7  9  8    9  7 10  9  8  9  0  0  0  0   
269a   0  0 10  7  7  7  7  9  6 10    7  9 10 13  9  9  8  7  7  7    7  7  9  8  7  6  9  6  8  6    7  7  7  9  8  6  6  7  8  8   
269b   6  7  4  6  6  5  6  7  7  7    6  8  7  7  7  9  9  5  6  7    8  6  8  8  9  7  8 10  8  8    7  8  7  9  9  7  0  0  0  0   
270a   0  0  7  6  6  6  8  8  7  7    8  7  8  8  6  9  7  8  9  8    8  6  7  7 11  8  8  6  6  6    7  8  7  6  8  7  6  7  7  7   
270b   6  7  6  5  7  7  8  8  7  7    5  6  8  5  7  7  9  9  9  8    8  6  8  9  7  7  9  9  7  8    7 10  7  9  7  8  0  0  0  0   
271a   0  0 10 10  9  7  8  9  8  8    6 10 11  8  9  7  9  7  8  5    8  7  6  7  9  5  7  5  7  8    8  8  7  9  6  7  7  6  7  7   
271b   7  5  7  7  7  7  7  8  6  6    6  8  7  7  9  8  7  7  7 10    9  9  8  8  8 11  8  7 10  7    7  9  6  8  9  9  0  0  0  0   
272a   0  0  7  8  8  7  6  9  7  6    9  8  8  7  8  8  6  8 10  7    6  8  9  6  9  9  7  7  8  6    7  8  8  6  8  6  6  6  8  7   
272b   6 10  7 10  6  6  6  7  6  7    8  9  7 10  8  9  6 11  7  7    7  7  7  6  9 10  8  6  8  6    9  7  9  7  6  7  0  0  0  0   
273a   0  0  6  8  7  7  8  7  5  7    9 12 10  9  9  6  7  9  7  6    7  8  7  6  6  8  8  8  8  6    9  7  8  7  8  9 10  6  7 10   
273b  10  6  6  6  7  6  6  7  6  8    8  8  7  7  7  8  7 10 10  6    7  8 10  8  6  7  8  9  8  7    9  7  7  9  9  7  0  0  0  0   
274a   0  0  8  9  6  7  8  9  7  8   10  8  8  6 10  5  7  8  9  7    8  7  8  7  7  8  8  7  5  8    8  7  7  7  9  9  7  9  8  6   
274b   6  6  7  8  5  6  6  7  9  8    7  9  6  8  9  7  9  8  8  7    9  8  8 10  8 10  9  6  5  8    8  5  8  7  8  9  0  0  0  0   
275a   0  0  9  7  9  6  7  9  6  7    8  8  7  9  8  9  9  8  6  5    6  9  9  6 10 10  7  7  8 10    5 10  8  8  8  7  6  5  7  6   
275b   6  7  7  8  6  8  8  7  8  7    9  9  9  7  6  8  6  8  7  9    8  7  8  8  8  5  7  9  6  8    7  8  8  9  8  7  0  0  0  0   
276a   0  0  6  7  8  7  8  9  7  5    8  9  9  8  8  6  7  9 10  6    7  5  9  5  6  6  6  8  6  8    7  7 11  7 11  7  7  7  6  7   
276b   9  7  7  7  6  8  4  7  6  7    8  9  7  7 11  9  8  7  9  7    8 10  7  9 10  7  8  8  8  8    8  7  8  9  7  7  0  0  0  0   
277a   0  0  9  9  8  8  7  6  7  7    9  8  8 10  8  8 11  7  7  7    7  6  8  7  6  8  8  7  9  8    8  8  8  9  7  7  7  6  9  6   
277b   6  7  9  6  7  5  7  9  7  8   11  8  8  7  8  6  8  9  7  7    9  7  9  9  8  7  7  8  8 10    8  7  7  7  6  7  0  0  0  0   
278a   0  0  8  6  6  7  9  8  8  7    7  8  8  9  6  8  6  9  8  9    8  7 11  8  7  7  9  7  9  6    8 10  8  7  9  7  6  8  8  5   
278b   8  8 10  7  7  6  7  8  6  6    8  6  8  6  7 11  8  7  7  9    9  8  9  9  8  7  8  9  9  7    9  8  6 10 10  9  0  0  0  0   
279a   0  0  8  9  7  8  9  8 10  9    6  8  0  8  8  6 10 11  8  7    8  7  6  6  5  6  6  8  8  6    9  6  8  7  5  6  8  9  7  6   
279b   7  8  9  8  9  9  8  6  8  6    7  8  7  8  6  8  6  7  6  8    5  8 10  9  8 10  6  6  9 10    7  7  7  9 10  9  0  0  0  0   
280a   0  0  8  9  7  8  8  7 12  7    9  8 10  8  7  7  7  5  7  9    6  7  7  7  8  7  7  7  8  6    7  7  9  7  7  9  7  7  7  8   
280b   5  7  6  9  8  8  8  7  7  9    8  6  6  7  8  7  7  9  8  9   10  6  8  8  8  9  7  7  8 10    9  9  8  8  8  9  0  0  0  0   
281a   0  0  6  6  7  8  6  8  6  8    7  8  9  7  7  9  9  9  9  6    7  8  8  7  7  8  7  7  6  8    7  9  7  7  7  7  7 11  7  6   
281b   9  8  6  9 12  6  6  7  5  7    6  7  9  7 11  7  7  7  9  8    6  7  7  9  8  9  5  6  7  7    7  8  8  7  7  8  0  0  0  0   
282a   0  0  8  8  8  7  9  6  8  7    6  7  6  7  8  8  5  8  9  6    8  8  9  9  7  7  9  7  7  8    7  8  8  7  7  7  9  7  6  6   
282b   8  6  7  7 10  6  8  5  7  8    6  6  7  7  8  9  7  7  9  7    9  8  7  8  8 10  6 12  6  9    6  9  8  8  9  7  0  0  0  0   
283a   0  0  9  8  7  6  7  7  9  8    8  8  7  7  9 10  7  8  7  7    9  7  8 10  8  9  7  7  7  8    6  8  5  9  8  9  8  8  8  7   
283b   7  8  7  8  8  6  7  8 10  8    8  6  8  7  6  6 11  9  8  8    6  8  7  7  8  6  8  7  6  6    7  8  6  6  7  6  0  0  0  0   
284a   0  0  8  6  7  6  8  8  7 10    9  5  8  8 10  7  8  8  6  7    9  9 11 10  6  8  7  8  8  7   10  5 11 10  6  8  7  8  7  8   
284b   9  7  6  9  6  7  8  9  6  8    9  7  8  8  8  7  7  6  7  9    9  7  8  7  7  7  8  7  7  8    9  7  7  8  7 10  0  0  0  0   
285a   0  0  9  8  7  9  6  8  9  6    6  8  9  7  6  6  7  6  9  8    8  7  5  8  6  9  9  6  6  8   10  7  7  8 10  9  8  7  6  5   
285b   7  7  5  7  8  9  6  8  9  7    8  7  9  9  8  9  9 11  5 11    6  8  7  9  8  8  8 11  7  8    8  9  9  8  8  8  0  0  0  0   
286a   0  0  9  7  7  8  8  7  6  9    8  8 10  8  8  8  8  8  6  7    9  7  7  7  9  6  9  7  7  9    6  6  8  8  7  7  8  6 10  8   
286b   7  8  8  8  9  7 10  9  9 10    7  8  8  7  7  6  8  8  8  7    9  8  8  7  7 10 11  7 10  7    7  8  6  7  5  7  0  0  0  0   
287a   0  0  7  7  7  7  8  8  7  5    9  7  8  6  7  6  8  9  8  7   10  7  7  7  8  8  9  8  7  8    7  8  7  7  7  8  7  7  8  7   
287b   7  9  7  6  7  8  7  7  7  8    7  8  8 10  7  7  8 10  9  8    7  7  8  7  9  6  9  7  9 10    8  8  6 11  9  6  0  0  0  0   
288a   0  0  9  6  8  9  7  8 10  6    7  7  8  9  8  6  8  8  9 11    8  7  8  8  9  8  5  7  7  8    6  6  8  7  8  7  9  7  7  6   
288b   5 10  5  7  7  8  6  8  7  9    8 11  6  9  8  6 10  8  6  7    8 10  9 10  8  8  7  7  7  8    9  6  7  7  7  9  0  0  0  0   
289a   0  0  9  8  8  7  7 11  6  9    8  8  8  9  8  8  7  8  8  7    7  9  6  7  8  7  8  8  7  7    8  8  7  6  7 10  7  9 10  8   
289b   8 11  7  8  8  7  6  9  8  7    8 10  7  9  8  6  9  7 12 10    6  8  7  7  6 10  9  8 10  8    9  8  6  7  7  8  0  0  0  0   
290a   0  0  8  7  8  7  7  8  9  8    7  8 10 10  6  7  7  9  6  6    8  6  8  9 10 10  6  6  8  6    9  7  9  8  7  7  7  8  7  7   
290b   7  7  8  6  7  9  7  6  8  7    8  7  8  7 10 11  9  8  8  7   10  9  8  8  7  8  9  7  9  7    8 10 10  9  8 10  0  0  0  0   
291a   0  0  7  7  9  9 10  9  8  7    7  7 10  8  8  7  9  7  7  9    8  6  8  6  7  7  7  8  8  7    7  8  8 10  9 10  5  8  9  6   
291b   8  7  9  6  9  7  7  7  7  9    7  6  5 10  7 10  7  6  8  9    9  6  8 10  9  8  9 10  8  9   10  5  8 11  7  6  0  0  0  0   
292a   0  0  8  8  7  7  8  7  7 11    8  9  8  7  7  6  6  6  7  8    9  7  9  5  8  8  7  9  6  6    8  8  6  8  8  8 10  9  6  7   
292b   8  8  9  7  5  9  6  8  7  9   10  9 10  7  8  6  6  7  8  9    8  7  9 10  9  8  8  7  9  6    6  7  9  9  7  7  0  0  0  0   
293a   0  0  9  8  7  6  8 10  9  6    6  7  7 10  7  9  7  7 10  6    6  6  7  9  5  7  6  7  4  7    6  8  8  8 10  8  7  9  8 10   
293b   7  8  6  9  9  7  8  8  9  8    7  8  7  7  7  7  8  9  8  8    8  6  6  8  6  9  8 12  8  9    7  7  9  7  7  6  0  0  0  0   
294a   0  0  8  7  9  9  7  7  7  7   10 10  8  7  8  7  6  7  5  6    7  9  7  9  6  5  7  7  9  6    7  8  7  7  7  9  6  9  8  6   
294b   9  6  6  7  7  6 10  6  8  7    7  7  7  7  7  8  7  6  6  8    9  7  7  9  7  5  7  7  7  8    8  7 10  7  6  9  0  0  0  0   
295a   0  0  7  7  8 10 11  9  8  8    9  6  6  8  7  9  8  8  7  6    8  7  8  8  7  8  7  7  8  7    8  7  8  8  6  8  7  9  9  9   
295b   8  8  7  7  9  8  6  8 10  9   10  7  7  7  5 10  9  8  6  9    6  7  7  6  6  9  8  6 10  9    9  9  6 10  6  8  0  0  0  0   
296a   0  0  7  8  6  7  9  9  8  6    6  6 10  7  6  5  8  9  7 10   11  8  6  6 10 11  7  6  8  7    6  9  8  8  7  6 10  8  8  8   
296b   7  7  5  7  6  7 11  6  8  9   10  7  7  7  8 10  6  7  7  8    7  7  8  7  7  8  8 11  7  7    8  9  7  8  8  7  0  0  0  0   
297a   0  0  8  6  8  9  6  9  8  6    6  6  7  8  9  8  7  9  8  9    8  8 10  9  8  6  6  9  8  9    8  8  6  8  8  7  7  6  6  7   
297b   6  8  7  8  6  9  8  7 11  6    8  8  8  9  5  7  6  7  6  6    8  8  8  7 10  6 12  9  7  6    9  8  7  8  6  6  0  0  0  0   
298a   0  0  8  7  8  9  7  6  9  8    5  8  8  9  9  6  7  6  7  7    6  7  9  8  8  7  8  6  7  6    8  7  6  7  7  6  8  8  7  7   
298b   7  8  9  7  7  6  5  7  9  7    7  7  8  7  8  7  7  8  8  8    9  7  7  7 11  5  8  8  9  9    8  8  9  7 10  8  0  0  0  0   
299a   0  0 10  6  7  6  7  8  8 10    6  7  6  8  8  6  6  9  8  8    9  9  7  9  7  8  6  7  7  6   10 10  9 10  8  9  7  9  9  8   
299b   6  9  6  7  6  8  7  7  6  8    8  7  7  6  8  8  6  9  8  7    8  7  7  7  7  7 10  9  7  7    7  8  8  8  7  9  0  0  0  0   
300a   0  0  8  9  6  8  9 10  7  8    7  9  8  8  7 10  8  9  7  8    7  9  9 10  8  8  6  5  6  8    6  7  6  9  7  7 12  7  6  7   
300b   7  8  6  7  8  9  9  9  9  8    9  7  5  6  8  7  7  9  7  7    9  8  8  7 10  9  7  8 10  8    8  8  9  9  7  6  0  0  0  0   
301a   0  0  8  7  7  8  8  9 11  8    7  6  8  9  8  8  8  9  7  6    8  7  6  6  7  6  8  5  9  8   10  9  8  7  7  7  6  7  8  8   
301b   7  9 10  8 11  8  6  7  7  7   10  8  9  9  7  9  8  7  7  8    7  6  7  6  8  9  6  8  7 10   10  8  7  8  7 10  0  0  0  0   
302a   0  0  7  9  9  7  8  6  6  7   10  8  7  9  7  7  7  9 10  7    5  8  9  8  9  7  6  7  6  8    8  8  8 12  8  8  9  9  7  9   
302b  10  8  9  6  6  7  7  8  8  9    7  6  7  7 10  9  8  6  7  9    7  7  9  6  9  6 12  8  7  6    7  9  9  7 10  8  0  0  0  0   
303a   0  0  7  7  8 10  7  9  6  6    7  9  8  8  7 10  7  9  6  8    7  6  8  7  8  5  7 11  8  7    7  6  9  8  8  7  7  7  6  9   
303b   8  8  7  7  7  7  8  7  7  6    6 11  8  5  7  8  8  8  9  8    7  8  6  7  7  7  9  8  9  8    9  9  8  8  8  8  0  0  0  0   
304a   0  0  9  7  8  8  8  8  6  6   10  9  7  8  5  6  7  7  9  5    7  8  9 10  7  9  7  8 10  9    9  9  7  8  8  8  8 10  8  8   
304b   5  7  8  7  7 10  8  9  8  6   11  8  7  8  7  7  9  8 10  8    7  9  6  9  7 10  7  7  7  7    9  8  8  7  9  7  0  0  0  0   
305a   0  0  7  6  8  6  8  7  6  7    7  6  7  5  6  7  6  8  8  7    7  8  9  6  7  5  8 10  6  8    7  7  8  9  7  7  7  7 10  6   
305b   8  8  7  9  7  7  8  7  8  7    8  9  6  6  9  8  7  7  8  8    6  7  9  7  7  9  7  8  8  8    8  8  9 10  8  8  0  0  0  0   
306a   0  0  9  9 10  7  7  6  7  8    7  8  8  9  7  7  7  6  9  5    8  7  8  8  6  8  8  7  8  8    7  9  9  6  7  6  6  7  7  9   
306b   7  9  6  6  6  6  7  9  6 11    6  9  7  7  7  9  7 10 12  8    6  7  8  7  7  8  8  9  6  9    8  8  7  7  9  6  0  0  0  0   
307a   0  0  6  7  8  9  6  7  7  9   12  7  8  7  6  7  8 11  8  6    7 12  6  7  5  5  7  7  6  8    7  9  7  8  7  8  7  9  6  7   
307b   9  7  9  5  8  8  9  6  8 11   10  9  7  8  8  9  8  7  5  7    9  7  7  5  6  7  7  7  8  8    6  7  8  6  7  8  0  0  0  0   
308a   0  0 10  9  7  9  8  8  8  8    7  8  9  9  7  8 10  8  6  5    8  9  9  8  8  8  7  8  8  8    9  7  6  8 11  7  7  9  7  7   
308b   7  6  8  9  7  7  8  7  8  6    7 10  8  8  9  7  5  6  6  7    8  9  9  7 11  7  5  8  8 11    8  8  9  9  8  8  0  0  0  0   
309a   0  0  9  9  7  8  5  9  9  8    6  8  9  9 10  7  8  9  5  7    8  7  8  6  8  8  7  8  9  8    7  6  7  7 10 10  5  9  5  6   
309b   6  7 12  7  8  8  9  7  7  6    9  9  8  6  6  6  8  8  6  7    6  7  6  7  6  9  8  9  6  9    8  6  9  8  6  8  0  0  0  0   
310a   0  0  7  8  8  8  7  6  8  7   10  8  9  8  6  9 10  8  9  8    8  6 10  8  6  6  6  7  6  9   10  8  6  8  9  6  9  8  5  6   
310b   7  8  5  6  9  9  7  6  8  9    6  9  8  8  8  8  6  8  6  9    6  9  9 10 10  7 10  8  6  9    6 11  7  8  8  7  0  0  0  0   
311a   0  0 10  8  7  9  8  9  8  7    7  5  8 11  8  9  7  9  6 10    7  8  6  7  7  7  8  7  7  7    6  8  6  7  8  9  7  7  6  8   
311b   9  6  5  7  8  6  7  8  6  8    5  7  7  8  7  7  6  7  6  8    8  7 10 10  8  7  8  6  7  8    8  9  7  7  7  8  0  0  0  0   
312a   0  0  6  9  7  7  8  7 11  6    8  9  6  7  8  7  7  9 11  7    5  5  6  6  6  9  7  8  7 11    7  6  6  9  7  9  7  7  7 10   
312b   6  9  9  8  7  7  6 10  9 10    7  5  7  7  5  7  8  8  7  5    6 10  8  8  9  9  7 10  8  8    8  9  5  6  9 10  0  0  0  0   
313a   0  0  6  7  6  5  7  9  8  7    8  6  9  8  9  8  8  7  9  7    6  7 11  8  7  7  7  6  5  7    7  8  7  7 12  9  9  8  8  6   
313b   7  6  7  7  8  6 11  9  9  9    8  6  8  6 10  7  7  6  7  9    9  8  7  7  6  9  8  7  6  8    5  6  6  7 11  7  0  0  0  0   
314a   0  0  7  7  5  6  6  8  6  6    8  8  7  7  7  7  8  6  7  4    7  5  6  8  8  7  6  7  7  7    7  7  7  9  7  9  8  6  7  7   
314b   7  9 10  9  7  9  8  7  8  8    7  8  7  9 10  7  7  8  8  7    6  7 11  7  7  7  9  8  9 10    7  7  7  7  7  7  0  0  0  0   
315a   0  0  6  7  8  7  8  7  7  8    6  6  6  8  8  5  8  9  6  6   11  7  9  7  7  5  6  7  7  8    6  6  7  8  6 10  8  6  8  8   
315b   7 12  6  7  9  8  7  9  7  7    7 10  8  9  8 10  8  7 10 10    9  7  7  6  7  7  8  8  7  6    8  6  9  9  6  8  0  0  0  0   
316a   0  0  7  8  6  8  8  5  7  8    8  8  9  7  7 10  7  7  7  8    6  8  9  9  9  8  8  7  6  5    7  7  7  8  6  8 10  7  9  7   
316b   5  8  6  9  7 10  8  7 10  6    7  7  8  8  8  5  6  9  8  9    8  9  7 10  8  8  8  6  6  7    7  9  7 10  8  9  0  0  0  0   
317a   0  0  7  9  7  7  7  8  6  9    7 10  7 10 10  7  8  5  5  7    9  6  6  8  7  7  6  7  8  7    7  8  8  5  8  8  8  7 10  5   
317b   6  8  7  9  9  8  8  7  8  6    7  9  7  7  6 10  9  7  7  7    7  7  8  7  7  6  8  6 10  7    8  7  6  8  5  8  0  0  0  0   
318a   0  0  8  6  9  6 10  7  5  9    7  9  6  6  9  9  8  7  7  7    7  8  6  7  8  9  8  6  8  7    9  6  7  8  6  6  7  7  8  8   
318b   7  7  8 10 11  8  7  9  9  8    9  8 10  8  8  8  6  9  7  8    8  6  9  8  6  7  9  9  8  6   10  6  9  7  7  8  0  0  0  0   
319a   0  0  8  8  7  7 10  8  7  9    7  7  6  9  5  8  8  8  7  9    8  7  9 11  8  8  7  7  7  8    9  8  7  7  6  7  6  7 11  8   
319b   7  9  5  7  6  6  7  6  8  7   10  8  7  7  8  8  6  8  8  7    7  9  5  8 11  7 10  7  8  8    9  8  8  9  6  9  0  0  0  0   
320a   0  0  7  5  8 10  7  7  7  9    8  6 10  6  9  7  8 11  8  9    6  6  8  8  7  7  8  6  7  5    8  6  7  6  8  6  6  7 10  7   
320b   7  8 11  7  9  7  8  8  8  6    8  8 10  7  9 10  9  6 10  8    7  9  7 10  8  6  8  8  9  7    8 10  8  9 10  8  0  0  0  0   
321a   0  0 11  4  6  7  8  8  7 10    9  9  5  7  7  8  7  8  7  7    6  7  9  9  7  7 10  4  6  9    9  9  8  8  8  8  8  8  8  6   
321b   8  8  9  7  8  7  8  8  7 10    8  8  7  9  7  7  7  7  8  7    7  7  8  8  7 10 10  9  8  8    6  9 11  9  8  8  0  0  0  0   
322a   0  0  8  7  8  9  7  7  8  7    6  5 10 10  8  9  4  7  8  9    8 10  6  6  5  7  5  6  9  9   10  6  8  7 10  8  7  7  8  9   
322b   8  8  9  8  7  8  7  7  5  9   10  9 10 10  7  6  9  8  7  9    7  7  6  8  9  8  7  9  9 10    7  6  8 11  8 10  0  0  0  0   
323a   0  0  6  8  7  8  7  9  7  6    8  8  7  7  9  6  0  7  9  9    7  5  9  7  6  8  7  9  6  8    9  6  5  8  7  9  7  7  8  7   
323b   7  8  8  8  8  9  8  6 10  8    8  9  9  6  7  7  6  5  9  8    7  9  9  7  9  6  8  6  7  8    7  9  6  7  9  7  0  0  0  0   
324a   0  0  7  7  8  7  9  7  7  6    5  9  7  8  7  6  8  6  6  8    6  7  9  8  6  5  8  9  7  6    8  5  7  9  7 10  5  8  9  9   
324b   9  8  5  8  7  7  8  8  9  7    7  8  8  8 10  6  8  8  8  6    5  9  6  6  9  7  9  9  8 10    8  9  7  6 11  8  0  0  0  0   
325a   0  0  8  9  9  9 10  7  9  8    8  7  7  9  7  8  8  8  8  8    8  8 10  7  7  7  6  7  9  6    9  5  6  6  7  8  6  6  6 10   
325b   6  8  5  6 11  7  8 10  6  5    9  9  5  7  9  6 12  8  9  7   10  8  7  6  7  9  7  7  8  7    9  9  8 10  8  7  0  0  0  0   
326a   0  0  8  7  8  7  6  8  7  7    8  8  5  7  6  8  9  7  7 10    8  6  9  7  5  6  8  8  8  6    6  9  8  7  9  8  9  7  7  7   
326b   8  9  7  8 10 10  6  8  6  8    7  6  8  6  7  8  6  7  8  7    8  7 10 10  7  8 10  9  8  7    5  8  8  9  9  8  0  0  0  0   
327a   0  0  6  9  6  7 10  6  8  7    8  6  8  7  6  8  9  7  7  8    9  7  7  7  9  6  7  7  7  7    8  8  9  7 12  9 11  8  6  8   
327b   7  5  8  6  7  7  8 12  6  8    6  7 11  7  8  7  6  8  8  6    7  8  8  9  6  6  7  8  9  8    7  9 12  8  8  8  0  0  0  0   
328a   0  0  7  9 10  5  7  9  9  8    7  8  5  7  9  6  8  9 10  8    6  8  7  8  8  8  7  6  7  7    7  8  6  7  7  8  7  6  9  6   
328b   8  8  9  7  9  8  8  9  7  8    9  9  9  7  6  8  7  7  8  7    9  8 10 10  8  9 10  7  6  8    8  8  8  6  6  7  0  0  0  0   
329a   0  0  7 10 10  7  9  7  9  6    6  6  7  7  5  7  8  6  7  9    7  8  7  7  7  9  7  8  7  6    7  8  8  7  9  6  7  6  7  7   
329b   9  9 10 11  9  8  9  9  5  8    6  9  7 10  8  8  8  7  8  9    6  5  8  8  8  8  8  6  9 11    7  7  8  7 10  9  0  0  0  0   
330a   0  0  9  9  7  7  7  6  9  8    9  8 10  7  9 10  8  8  5  7    7  9  7  6  8  7  9 10  7  9    6  5 10  8  7  8  7  8  7  7   
330b  10  7  6  6  7  8  9 11  8  8    8  8  6  8  8  7 10  6  7  9    8  7 10  8  9  7 10  8  9 11   10  8  8  7  7  7  0  0  0  0   
331a   0  0 10  8  8  6  8  6  8  8    9 10  7  9  9  6 10  6  6  9    6  8  8 10  6  8  8  9  8  7    7  9  7  8  5  7  5  9  9  9   
331b   7  8  7  7  6  8  8  6  8  7    8  8  6  7  8  7  7  9  8 10    7  6  9  7  9  5  7  8  7  5    9  7 10 10  6  7  0  0  0  0   
332a   0  0  7  8  9  6  6  8  8  8    7  7  7  7  7  9 10  6  7  7    7  5  7  7  7  8  9  8  8  6    7  5  9  6  9  7  7  8  6  5   
332b   9  7  8  8  7  9  7  7  7  9    7  9  8  8  6  8  8  9  7 10    8  8  7 10  8 10  8  5  6  8    6  8  9  8  8  9  0  0  0  0   
333a   0  0  8  8  6  8  9  8  6  9    8  9  9  8  7  6  5  6  7  7    8  8  7  5  6 10  9  9  5  7    8 10  9  7  8  7  7  9  8  8   
333b   7  4  6  7  8  8  7  8  8 10    8  5  8  6  7 10  6  6  8  6    6  8  6 10  6  9  7  7  9  9    7 10  7  7  7 10  0  0  0  0   
334a   0  0  7  8 11  6  9  8  7  7    7  7 10  9  8  9 10  7  6  8    9  8  7  9  8  7  8 10  8  6    8  6  8  8  9  7  7  6  7  7   
334b   8 10  7  9  9 10 10  7  9  6    8  8  8  9  9  7 10  6  7  8    7  7  8 12  7  7  8  6  5  9    8  7 14  9  7  7  0  0  0  0   
335a   0  0  7  8  6  6  8  6  8  8    8  8  6  7  8  7 10  7  7  8    8  7  6  5  8  8  9  6  5  5    6  9 10  6  8  6  5  8 12  7   
335b   9  6  8  7  7  9  7  8  6 10    8  8 12  9  6  6  8 11  7  9    8  9  6  8  8  7  8  7 10  7    7  7  8  7 10 10  0  0  0  0   
336a   0  0  6 10  9  6  7  6  8  8    6 10  7  6  6  8  7  6  6  8    6  8  7  9  8  7  9  9 10  7    6  8  8  8 10  8  9  6  6  6   
336b   7  7  7  9  8  8  6  9  7  9    7  8  7  6  8  5  9 11  7  8    8  8  7  8  7  7  7  7  5  8    9  9  9  9  6  8  0  0  0  0   
