###    1  2  3  4  5  6  7  8  9 10   11 12 13 14 15 16 17 18 19 20   21 22 23 24 25 26 27 28 29 30   31 32 33 34 35 36 37 38 39 40   
###   41 42 43 44 45 46 47 48 49 50   51 52 53 54 55 56 57 58 59 60   61 62 63 64 65 66 67 68 69 70   71 72 73 74 75 76 77 78 79 80   
  1a   0  0 13 14  9  8  9  9  8  8    9  9  8 10  8 11  7  8  9  8    8 10  7  0  0  0  0  0  0  0    0 13  9 10  8  0  0  0  0  0   
  1b   0  0  0 10  8  8  9  0  0  0    0  0  0  0  0  8 10  9  9 12   11  9  9  6  9  9 10  8  9  8   11  9  6  7  6  9  0  0  0  0   
  2a   0  0  9 10  9 10  8  7  8 10    7  7  8  8  8  6  9 11  9 10    9  9 10  9  9  8  9  8 11  9    7  8 10  6  9  8  9  9  8 10   
  2b  10  9  9 11  8  9  7  9  9  9    9  6  9  9 11  9  8 11  7  8    9  9  9  8  9  8  9  8  8  7    6  9  8  9  8  6  0  0  0  0   
  3a   0  0  9  8  9  8 11  7  9  9    8  7  9  9 10  9  8  8  9 10    8  8  8  9  8  9  9  8  9 11    9  7  8 10  9  9  8  8  7  9   
  3b   9 11  9  9 12  9  8 10 10  6    8  6  6 12  9  9  9 10 11  7    8  8  7 10  8  9 11  9  9 11    8  9  7  9  8  7  0  0  0  0   
  4a   0  0  9  9 10  7  8  9  8  9    9 10  9  8  7 10  9  9  9  8    7  7  7  8  7  9  7 10  7  8    9  9  8 10  8  8 10 10  9 10   
  4b   8 12 10  9 10  7 10  7  8 11    9 10  8  8 10  8  8  8  9  8    8  7  8  8  9 12  8  9  8  7    8 10  8  8  7  8  0  0  0  0   
  5a   0  0  7  7  8  9  7  8 10  8    9 10  8  8  9  8  9  8  8  9    8 11 10  9  8  8  8  9 12 11    9  9 10  9 10  8  9  7  9 10   
  5b   8  9  8  9  9  9  7  8 10 10   10  7  6  9  9  7  8  9  9  8    8 10  8 13  8  9 10  8  7  8    9  8  9  8  8  8  0  0  0  0   
  6a   0  0  8  8  9 10  8  9  9  7    9  8 10  8  8  9 11 11  8  9    7  9  8  7  9 11  9 10 10  8    9 11  8  8  8  8  8  9  9 11   
  6b   8  9  9  9  9  6  8  9  8 12    8  8  9 11  8  7  9  9  7  6   10  8 11  7  8  9  7  8  7  9    8  7  9  7  8 10  0  0  0  0   
  7a   0  0  8  9  8 10 10  7 12  8    9  9  7  7  9  8  8  8 10  9    9  9  7  9  9 10 10  9  9  8   10  7 10  8  7  9 11 12 10 12   
  7b   8  9  8  8  8  7  9  9 10  7   10 10 10  8  7  9  8  8  9  8    8  6  7  9  9  8 10 11  7  7    8  7  8  9  6  9  0  0  0  0   
  8a   0  0 11  8  9  9  8  9 10  9    9  8  7 11  9  8  7  8  8 10    8  8  9  8  8 11  9  9  9  8    8 11 10  9  8  8 11 11 10  7   
  8b  10  9 13 10  8 11 11 11  8  9    7 11  8  8  9  9  8  8  8  8    9  7  7  7  8  7 10  9  7  8    6  7  8  8 10  8  0  0  0  0   
  9a   0  0  9 10  8  8  7 12  9 10   10  9 11  8  7  7  8  8 10  7   10  8  8  7  8 11 10  9 10  9    6  9  9 10  6 10 10  9  7 10   
  9b  13 11  9  7  8  9 11  8 10  8    9  7  8  7  9 10  9  8  9  8    8  7  8  9  8  8 10  7  8  9   10  8  8  7  8  8  0  0  0  0   
 10a   0  0  8  6  9  9  9 11  8  7    9 10  9  7 10  9  7  8 10  9    9  9 10 10  9  7 10 10  9  9   11  9  8  9 11  7  8 10  9  8   
 10b   9  9  7 10  8  9  9 10  8  9    8  9  7  9  8  8  7  9  8  7    8  8  6  9  7  8 10  9  8 10    9  8  8  9  7 10  0  0  0  0   
 11a   0  0  9  7 10 10  8  9 11 10    9  9  9  8  8 11  8 10 10  7    9  9  8  8  9  9  8  7 11  7    9  7 11  9  9  8 10 10  9 10   
 11b   8 10  9 11  9 10  9 10  9  9   12  8 10 10  7 11  9 10  7 10    7  8  7  8  9 10  9  7  8  7    8  9  8  9  7  7  0  0  0  0   
 12a   0  0  9  9  8 10  9  8 10 10    8  9  8  7  8 10 11 11  8  9    8 10 10  8 11 10  8  9 10  7    8  9  9  8  7  8  8 10  8  9   
 12b   8 10 10 12 10  8  9 10  7  8    8  6 10 10  8  8  9  8 10  8    8  9  9  9  9  8  8 10  9 10    7  8  8  9 10  7  0  0  0  0   
 13a   0  0 10 10  9 11  7  7 10  6   10 10  9  6 11  9  9  9 11  8   11  8  8 10  8  8  8  6  9  9    9  9  9 10  7 10 10  9 12  8   
 13b   9  9  8  9  9  9  8  9  8  9    7  8  9  7  8  9  8  8  7  9    7 10  7  9 10  7  8  8 10  9    7  9  8  7  9  6  0  0  0  0   
 14a   0  0  8 11  8  6 10  7  9  6   10  8  7  7 10  9  8  8  8  9    9  8  8  8 10  9  9  8 10  7    8  9  7 11  9  7  9 11 12  9   
 14b   8  8  9 10  8  7 11  6  8  8    9  9  9  8  7  9 10  7  8  7    8  8 10 11 10  8  8  7  8  8    8  8  7  9  8  7  0  0  0  0   
 15a   0  0  9 10  9 10  7  9  7  8    9  9  8  8  8  7  8  9  8  8   10  8  9  9  7  9  8  8  9  8   11 12  9  8  8  9 11  9  6 10   
 15b  11 10  9  9  8 11  8  9  8  9    8 10  9 11  9  8  9 10  9  8    7  7  7  9  9 10  7  8  7  9    9 10  8  9  8  7  0  0  0  0   
 16a   0  0  8  8 11  9 10  9  8  8    8  7  9  9  8 10  9  8  8  9    9  8  7  8  9  9  9  6 10 10    9  8 11  8  5  6 10  7  7  9   
 16b   9 11 10  9  8  9  9  9  7  9    9  8  8  8  9  8 10  9  8  7    9  9 11  8 10 10  9  9  9  7    9  9 11  8  7  9  0  0  0  0   
 17a   0  0 11 11  7  7  9  8 11  9   10  9  8  6  8 10 10 10  9  9   13  9  9  9  9  9  8  6  8  9    9  9  7  9  9  8 10  9 10  8   
 17b  11 11 10  9  8  9  7 11 11 10    9  9  7  6  9  8  8  8 10  8   11  9  8  9  7  7  7  8  9  9    7  7  7  9  7 10  0  0  0  0   
 18a   0  0  9 11 11  9  9  7 11  8   10  7  9  8  9 10  9  7  9  9   11  9 10  8  8  8  8 10  7  8    8  7  8 10  9  7  9 10  9 10   
 18b   8 10 11 11  8 11  7 11  8  7    8  9  9  9  8  7 13  9  9  9    8 10  9  8  9  9  8  8  6  8   10 11  6  6  8 13  0  0  0  0   
 19a   0  0  8  7  8 10  8  8  9  7   10  9  8  7  9  8 10  8  9  8    9  9  8 11  9 10  9  8 10 12    8  9  9  8  8  9  9 10  8  8   
 19b  13 10  9  8  9  8 10  8  8  9    8  9  9 11  7  9 10  8 10 10   10 11  8  7 10  9 11  9  9  8    9 12  7  8 10  8  0  0  0  0   
 20a   0  0  8  7  9  8  9 10  8  9   10  8 10  6  9  8 11 10  7  7    9  9  7 10  8  9  8  8 10 10   10  6  8 11  8 10  9  8  8  9   
 20b  10 12 10  9 10  5  9  8  8  8    8 10  8  8  8 11  8  7  9 10    7  8 10 10  9  6 10  6  9 10    9  7  8  7  8  8  0  0  0  0   
 21a   0  0  9  9 10  8  8 10 12 11    9  8 11  8 10 10  8 10  8 10    7 10  8  9 10  8 10  9 10  9   10  9 10 11 11  8  8 10 10  9   
 21b   9  9  9  9  7  8 11 11 10  8   10  9 11  9  7  9  7  7  8 10    9  7  8  6  9 10  8  8  9  8    7  8  8  8  8 10  0  0  0  0   
 22a   0  0  9  8  0 10  9  9  9  9    9  9  8  9  9  9  9  8  9  8   10  9 10  8 10 11  9  9  9 10    8  9  9 12  8  8 11 10  7  8   
 22b   9  8  8  6  9  8 11  9  7  9    7  9  8  9  8  8  9 10  7  8    7 10  9  9  7  7  7  8  7  9    7  8 10 10  7 10  0  0  0  0   
 23a   0  0  7  9  8  9 10  8  8  8    7  8  8  7  7  9  8  6 10  8    8 10  9  7  8  8  7 10 14  9    9  7 10 12 10  9 10  9  9  8   
 23b   9  9  9  8  8 14  8  7  8 10    9  9 10 10  8  7 10  9  9  8    9  8  9  9  9  9  9  9  9  8    8  8  9  9  8  8  0  0  0  0   
 24a   0  0  9  8  9 10  8  9  9  9    8  8  7  8  9  9  8 10 10  6    9  9  7 10 10  9 10 11 10 11   10  7  8  8  9 11  9  9 10 10   
 24b   9  8 10  9  8 11 11  9  8  9    7  7  8 10  8  7  9  8  7  8    9  8 10  9  9  8  9  9  6 10    8 10  8  9  7  9  0  0  0  0   
 25a   0  0  8  8 10  9  8 10  8  9    8  6  9  8  8  9 10  9  9  9    7  9  7  9  7  8  7  8  9  9    9  9 10 11  7 10  9  9 11  9   
 25b   9 10 10  8  7  9 10  8 10  7    9  9  9  8  9  6  8 11  7 11    9 11  8  9  6  9  9  9  7  6    6  8 10  9 11  8  0  0  0  0   
 26a   0  0  8  9  7  7  8  7  9  9   10  8  7  6 11  8  8  9  8  8    8  9  8  8 11 10  8  9  9  8   11  9  9  9  9  8 10 11 11  9   
 26b   8  9  8 10  9 10 10 10 10  8    9  8 12  8  8  9  9  9  8 11    9  8  8  9 10  9  9  9  7 10   11  9 11  7 12  7  0  0  0  0   
 27a   0  0  9  8 11  8  7  9  5 10    8 11  8  7 10 10 10  8  7  9    8 10  9 11 10 11  9  8  7 10    8  9  8  9  9  9  8 10 11 10   
 27b  10 11  8  9  8  6  9  8 12  9   10  7 10  9  9  9  8 10  8  8    8  7  9 10  9  7  9 11  8  7   10  9  6  8  7  8  0  0  0  0   
 28a   0  0  7  7  9  9  9 11 10  9    9  8  8 11  7  8  7  9 10 10   10  8  9  8 10  8  7  8 10  7    8 10 10  8  9  9  8  8 10  9   
 28b  10  9  8  8  8  9  9 12  9  6    8  6 11  8  9  8  8 10  7  8    7  7  8 10  9 12 11 11  8  7    8  9  8  9  8  9  0  0  0  0   
 29a   0  0  8  8 10 11 10 10  8  7    8  8  9  7  8 10  8  9  8  9   10 10  7  8  8 10  9  8  9 10    8  7  8 10 11  8 10 10  8  8   
 29b  10  9 10  9  8  8  9  9  9 10    9  9  9 10 13  7  8  8  9  8    9  9 10  8  8  9  7  7  7  8    9  8 11  7 10  7  0  0  0  0   
 30a   0  0 10  9  9  9  8  8  9  8    8  7  7  6  8 10  8  9  9  9   10 10  6  8  8  8 11  9  9  7    7  8  9 12  9  8  8  9 10 12   
 30b   9  8  9 10  8  9  8  9 11  9   10  8  9  9  8  7 11 10 12  7    7  9 10 10  9  7  8  9  8  8    8  8 13  9  7 10  0  0  0  0   
 31a   0  0  9  8 11 14 10  8  9  8    9  7  7  8  7 10  9  9  9  9    9  8  8 11 10 12 10  7 11  9    9  9  8 10  8  8  8 10  8  8   
 31b  12  9  9 11  9  8  8  8 10  9    6  9 10 10 10  8  8  8 10  9    9  6  9 10  7  8 10  9  9  8    9  9  7  8 10  9  0  0  0  0   
 32a   0  0 10  7 10  9  8  8 11 12    9  9  8  8  7  6  8 10  8  9   12  7  7  9  9  7 10 10  9  8    6  8  9  9  9 11  8 10  7  8   
 32b  10  8  9 12  9  9 11  8  9  5    6 10  9 11  9  9  7  9  8 10    8  8 10 10  7  8  9  8  9  9    8  8  8  8 11  9  0  0  0  0   
 33a   0  0  9  8 10  8 10 11  9  9    9  8  7  8  8 10  8 10 11 10    8  8  7  8 12  9  6  6  8 10    8  7  7 11  8  8  9 10 10  7   
 33b   9 13  9  8  8  9  9  9  7  9    9  8 10 10 12  9  9 10  9  9    8  9 10  8  7  9  7  9  8  8   10  7  9  8  9  7  0  0  0  0   
 34a   0  0  9  8 11 10  9 10 11  9    9 10 10 11  8 10  9  8 10 10    9 11  7 10  9  8  8 10  8 10    9  9 10  9  8 10 11 10 10  9   
 34b   9  8  9 11  9  9 10  9 10 10    9 11 11  8  8  8 11  9  0 10   10 11  8  8  8 11  8  9 10  8    8  8  8  9  7  9  0  0  0  0   
 35a   0  0  8  7 11  9  8 12  9  9   10 10  8 10  9  8 10 10 10  9    9 11  8  8  8  9 10  9  8  9   10  9  9  9  9  7 10  9  8  8   
 35b   8  9 10  9 11  9 10  8  9  9    8 10  9  8  9 10  8  7 10 10    8 10  7  7  9  8  7  8  9  8    8  8  8  8  8  9  0  0  0  0   
 36a   0  0  9 14  9 10  8  9  9  9    8 10  8  9  9  8  7 10  9  7   11  7  8  8  7  9 12  6  9 10    6  8  9 12 11  8  9  9  8  9   
 36b   8  9 11 10 10 10  8  8  9  8    7  9  9 10 11 10  8  9  8  8    9  9  8  9  8  9  8 11  9  8    8  9  9  8 11  9  0  0  0  0   
 37a   0  0  7  6  9 10 10 10 10  9   12 10 13 11  8  8 10  7  7  8    8 11 10 10  9  8 10  8  8  9    6  8  8 10 10  9  8 10  8  8   
 37b  12  9 10  8  8  8  7  8 10  7    9  9  8  7  8 11  8  8 10  9    8 10  9  8  7  9  8  6  8  9   10  7  8  7  9 10  0  0  0  0   
 38a   0  0  8 10  8  8  9 12  7  7    9  8  7  8  9 10  9  8  9  7    6  8  6  7  7  8  8 12 10  8    8  8  8  9 10  7  9 11  8 11   
 38b   9 12  9  9  9 12  7  8  7  7    9 10  8 10  9 10  8 11  9  8    9 10  8  8  9 10  8  8  7  9    7  8  7  8 11 10  0  0  0  0   
 39a   0  0 10  8 12  6  9 14  9  8    9  9  9  7  8 10  9  9  8  8    7  9  9  9 12 10  8  9 10  8    8  9  9 10  8  8  9  8 10  9   
 39b   9  8  8  9  9  8  8 11 10  7    8 10  9 11  8  7  9  9  7  8    9  7  7  8  7  8 11  8  8  7    9  8  7 13 10  9  0  0  0  0   
 40a   0  0  9 10  8 10 10 10 10  8    9  9  9  9  8  8  9  9 11  9    8 10  7  8 10 10  9  8  8 10   10  9 11 12  9 10 10 11  8  9   
 40b   8  9 10 10  9  9  8 11 10 10    9  8 10  9  8  9  8  9  8  7    9 11  8  6  9  7  8 10  9 11    7  9 10  9  7  9  0  0  0  0   
 41a   0  0  7  9  9 11  9  9 12  9    7  8 10  7  8  7 10  8  8  7    9 12  7 10  9  9  7  8  9  8    8 10  7  8 11  8 10  7 10 11   
 41b   7  9  9  6  7  8 10  9  7 10    8  8  8 10  8  8  9  9  8  9    9  8 10  8  8  9  8  8  9  8   11  8  9  8  7  6  0  0  0  0   
 42a   0  0  9  8  9 10  9  8 10 10   10 10  8  9 10  8  8  8  9  9   10  8  7  9  9  9 10  9  8  7    8  9 10  8  9  8 14 11  9  8   
 42b   7 11  9 10 10 11  8 10  7  7    8  9  8  9 10 10  8 10  8  7    7  8  9  7 10 11  8 10 10  9    8  8 11  8 10 12  0  0  0  0   
 43a   0  0  8  9  9  9 10  9  7 12    8  8  7  8  8  7  9 10  8  8   10 10 10  7 10  9  9  8  9 11    8  7  9 11  8 10 11  7  8  8   
 43b  10  8  9  8  8 12 10 10 11 10    9  6  9  8  7  7  9  8  8  8    8  8 11  7  7  9  7 10  9  8    8  8  8  7  8  9  0  0  0  0   
 44a   0  0 10  8  9  9  9 11 11  7    9  7  7  9 10  8 11 10  8  8    8 10  9 11  7  9 10  8  8  9    7  9 10  9  8 11  9  8  8 11   
 44b  11 11  9 12 10  9  8  9  9  8    8  7 11 10  9  9  8  8  9 10    9  7 10  6  7 10  7 10 10  9    9  7  8  8 10  9  0  0  0  0   
 45a   0  0 10 10  9  8  8 10 11 10    8  9 10  7 10 10  9  9  8  9    8 11  8 11 10 11  8  8 10  8    8 10  9 10  9  8 11  9 10  8   
 45b  11  8  7 12  8  9  9  9 12 10   11  7  7  8 10 10  9  9  9 10    7  9  9  9  8  8  6  8  9  9   12  8  9  8  9 10  0  0  0  0   
 46a   0  0  8  9  8  8  9  8  9  8    9 10 11  8 10  8  9  8  9  8    5  9  8 10  7  9  8  9 10  9   10  9  8 12 11  8  8 10 10  8   
 46b   9 10 10  9  8  8  7  9  9 10    9  8 11  9  9 10 10 10  9  8    7  8  8  9  9  9  7  8 10  9    9  8  9  9  8  7  0  0  0  0   
 47a   0  0  9  9 11 10  8  9  9  9   11 11  9 11 10 11  8  8  9 10    9  9  9  8  8 10 11  9  8  8    7 10  9 10  9  9 10 13  8  9   
 47b  11  9  8  8  8  8  8  8  9  7    7  9 11  8  9  9 10 10  6  6    8  7 10  7  7  8 11  6  8  9   10 11  8  8  9  8  0  0  0  0   
 48a   0  0  9  7  9  9  9  8  8  9   10  9  6  8  8  8  9 11  7 10    9  8  7  8  9  8 12 10 10  8   10  8  9  9 10  7  7 10 10  9   
 48b   8  9 14 12  7  9  8  9  7  9   12  9  9  9  9 10 12  8 12  8    8  8 11  8  7 12  8 10 11  9   11 10  9  9  9  8  0  0  0  0   
 49a   0  0 11  9  9  8  7 12 10 11   10  8  8  9  9 10 10  9 11 12    8  8  9  9  8  9  6  9 11  8   11 13  9  8  9  8  9  8  8 10   
 49b   6  8 10 12  7 10  8  7 10  8    7  8  8  9  7 11  8  9  8 11    8  7  9  7  8 10  8 10  7  7    8 10  9  7  8  9  0  0  0  0   
 50a   0  0  9  8  8  9 11 11  7  7    9  9  8  8  8  8  9  8  9  6    9 10  7  9  9  9 10  6  9  7    7  9  9 10  9  9  8 11  9  8   
 50b   9  8  9 10 11  9  7  9  7  9    8  7  6  9  9  9  9  9 10 11   10 11  7  7  7  8  7  9  8  8   10  7  9  8  7  7  0  0  0  0   
 51a   0  0  9  9 11  8  9  8  8  8    8  8  7  7  8 10  8  9 11  9   11 10  7  9 11 10  8  7  7  9    9  9  8  8  8  9 13  9  8  9   
 51b   9  9 10 10  8  9  9  9  8  7   10  8 11  8 10  8 10  8  8 10    9  9  9  8  8  8  9 10 10  9    8 11 10 13  8 10  0  0  0  0   
 52a   0  0  7  8  8 10  9 10 10  7    7  9  9  8 10  8 11  7  7  8    9  9  8 10 11  8  8 10  9  9    6 10 11  9  9 11  9  8  7  8   
 52b  11 11 10 11  9 10  9  9  9  8    6  9  8 10  8  8  9  8  7  9    7  9  9  8  9 10 11  7  7  9   11 10  8 11  6  9  0  0  0  0   
 53a   0  0  9  8  9  9  9 10  9  8    8  8  8  9 10  9  9 12 10  7    9  9  8  9 10  7  8  8  9 11   10  9 10  9  9  8  9 11 11  9   
 53b  11  9 10 11 10 12  7  8  8  8    7  8  7  9  9  8  9  9  9 10   10  9  8 10 10  8  7  8  8  9    7  7  8  7  8  7  0  0  0  0   
 54a   0  0  9  9 10 10  7  8  8 10   11  8  7  7  8  9  8  8  6  9   10 12  9 12  8  9  7  8  9 10   10  7  9  8 11  7 10  9  7 12   
 54b   8  8  9 10 10  7  8 11 11 10   10 11  9  9  8 11  8  8  9  7   10  9 10  8  8 10  9  8 10  7    9  9  9  8 10  8  0  0  0  0   
 55a   0  0  9  7  8 11  8  8 11  9   10 10  7  8 10 11 11 10  7  9    9  7  9  8  9  8  7  8  8  8   10  8  8  9 10  8 11  9  7  8   
 55b   9  8  8  9  8 10  9  8  8  7    9  8  9  9  8 12  9  7  8 10    7  7  9  9  8  8  9  8  8  7    9  8  9  8  8  8  0  0  0  0   
 56a   0  0  9  7  9 10 10  9  8  7   10 11  8  7  8  8  9  7 10  9    9  7  8  7  7 10  8  9 10 10    7  8 11 10  9 11  9 11 10 10   
 56b   9 10 10  9  8  8  8  7 11  8    8  8 11  9  8  7 11 11  9 10    8  8 10  9 10 10  9  8  9  9    9  9  7 10  8  8  0  0  0  0   
 57a   0  0  8 12 10  8  8 10  9  9    8  7  8  9  7  9  9 11  7 10   11 11 10  9 10  9  9  7  9 10    7  7  9  9  8  9 10 10  8  9   
 57b   9  9  9  8  0  8  9  7  9  7    8  9  9  9  9  8 10  8  8  9    6  8 11  8 13  8  7  7 11  9    7  8  9  8  9  8  0  0  0  0   
 58a   0  0 10 10  9 12  9  9  9 12   10 10 11  9  8  9 10 10  8  7   10 10  9  8 10  8  8  8  7  8   10 12  8 10 13 11  9 10  9 10   
 58b   9 10 10  8  9  9  8  9 11  9    9  7  9  8  9  9  7  9  9 10    9 10 10 10  8  8 11  8  7  7    9  8  7  8  9  8  0  0  0  0   
 59a   0  0  7  9  9 11  8 10  9  9   10  8  6 10  8  9  8  6  9  9    7  9  7 10 11  8  6 10  9 10    9  8  9  8  9  7  8  9  9 10   
 59b   8  9  8  9  9  9 11  9 10  9    6  9 10  7  7  8  7  8  9  9   10  8  9  7  7 10  9  7  8  8    7  9  7  7  8  9  0  0  0  0   
 60a   0  0  8 11 10 12  8  8  9 10    9  8  7  7  9  9  9  9 10  9   10  9 10  9  8 11  7 10  9  9    9  7 10  9 10  8 11 10 10 10   
 60b  10 10  8  9  8 10  8  9  9  7    8  9 10  8 10  9 10 12 11  9    8  9  9 10  7 11 10  8  8 10    9 10 11 10  9  8  0  0  0  0   
 61a   0  0 11 11  9  9  7 10  8  8    8  8  9 11  9  9  9 11 10  8    8  7  5 10 11 11 10  9  9 11    9  7 10  8  9  9 11 10  9 10   
 61b  11 10 11  9  9  8 11  8  7  8   10  8  8 10  9  9 10  9 10  9    8  9 10  8  9  7  9  8  8  8    9  9  8  7  8  6  0  0  0  0   
 62a   0  0  9 10  9 11  9  9  9 10    8  9  7  9  8  9  9 10  9  7   10 10  9  8  9  6  7 11 10  9    8 13 10  7  8  7  9  8  8 14   
 62b   7  7  8 10  7  6 10  8  8  9    8  9  8  9  9  8  8  9 10  9    9  9  6  8  9  9 10  9  7  7    9  7  9  9 10  9  0  0  0  0   
 63a   0  0 10 12  8  9  9  7  8  8    8  7  8  7  9  8 10 10  7  7   10  7  9  7  9 10  9  5  8 11    8  8 11  8  6  9  8  9  8 11   
 63b  11 10  9  7 10 10  8  6 12  8   11  8  9  9  8  7  9  8  8  8    9  9 10  7  8  9  8  8  8  9    8 10  8  8  8 10  0  0  0  0   
 64a   0  0  7  9  7  8  9  7  8 10    8  8  9  9 11  9  9 10  9  8   10  7  9  9 12  7 10 10  9 10    8  7 10  9 10  8 10  9 11 10   
 64b  10 11  8  8  8  9 12  6  8 12    7  8  8  8  8 10  8  7  8  9    8 10  9 11 10  9  8  8  9 10    9  9  9  7  8  9  0  0  0  0   
 65a   0  0  7  8  9 11  9  7  9  9   11 11  9  7  9  8 10 12  7  9   10  8  8 10 12 10  8  7  9 10    9  8  8  9 10  9  8  9 10  9   
 65b  10  8 10  9  8 12  8  7  9  9    8  8  9  9  8  8 10  8  8  8    9  9 10 11  8 13 10 10  8  7   10 10  8  8  7  9  0  0  0  0   
 66a   0  0  7 10  9  9 11  7 10 12   10  6  6  7  8  8  8  9 10  7    9  9  7  8  9 10  8  8 11  9    9  7  9  8  7  8  7 10 12  9   
 66b  12  9  9  8  9  9 10  7  9  8    8  7  8  7  9  9  8 10  8  8    7  8  9  7  8 10  8  7  9  9   11 11  8  9  8  8  0  0  0  0   
 67a   0  0 10  9  8  7 10  8  8 11   10  8  7  9  8  7  8  9 10  9    9  7  7 10  8 10  8  9 10 10   11  8  8 11 10  7  7 10 10  9   
 67b   8  9 11  8 11 10 13  8  8  8   10  7  9  9  9 11 10 10 10  8   10  8  9 10  9 10  9  8 10  8    8  8  8  7  8  8  0  0  0  0   
 68a   0  0  7 10  8 10  8  9 10 11    8 10  8  7 10  7 11  7  8  9    9  9  9  8  9 10  6  8  9 10   10  8  9 10  9  7 10 10  7 10   
 68b  10 10 10 13  9  8 10  8  9  7    9  7  9 10 10  6  9  9 11  9    6  7  9 11  9  8  9  9  8  9   10  8  8  9  8  7  0  0  0  0   
 69a   0  0  9  9  9  9  9 10 10  8   10  9  8  9 10  8 10 10  8 10    9 10  8  6 11  8  7 10  8  8    8  7 10  9  9  8  9 10  9  9   
 69b   9 10 11 10 10  8  9  9  9 10   10  9 10 10  9  9  7 10  8  7    8  9  9  9  9 10  9 11  8  8    8  8  9  8 10  6  0  0  0  0   
 70a   0  0  9  7  9 10 10 14 11 10    7  8  9 10  7 10 10 10  8  9   10  8  8 11  8 10 10  8  9  8    8  9  9  9  8  9  8  9 10  8   
 70b   6 10  7 11  8 10  8  9 12 10    8  7 11 11  9 10  8  9 10  9   11  9 10  8  9  9 10  7  7  8    8 10  9  8  8  9  0  0  0  0   
 71a   0  0  8  9  9  7  9 10  9  9    8  9  8  8  9 10 12  9  9 12   11  8 10  9  9  9  8  8  9 10    9  8  9 10  8  7 10 11  9  8   
 71b  13  9 14  8  9 10 11 10  9  8    6  7  9 12 10  9  9  7  9  8    9 10  8  8  8  8 11  8  9 11    7  8  9  8 11  8  0  0  0  0   
 72a   0  0  8  8 10  8  9  9  7  8   11  9  9  7  9  9  8  7 11 11    9 11  9  6  9 11  8  9  9 10   11  8  9  9  8  9 10 12 10 11   
 72b   9 10  9  9 11  9 10  8  8 10   14  9 13  9 11  8  9 10 10  8    8  8  8  8  8  9  8 10 10 10   10  8  8 10  8  8  0  0  0  0   
 73a   0  0  8  8 10 10 11  8 10  8   10 10  8  8  8  6  9 12  9  9   10  9  8  8  9  9 13  9  8 10    7  9  7  9  7 12 10  9 10  8   
 73b   9  8 10  9  8  9 13 10 10  8    8  8 10 11  8  7  9 10  8  8   10 10 11 11  9  9  8  8  8  9   10  7  8  8  7  7  0  0  0  0   
 74a   0  0  9  9  8  8 11  8  9  9    8  8  7  6  9  7 14  8  8  9    8 11  8 11 11 11  6  7  9  8   10  8 12  9 10  8  9 10 10  9   
 74b   9  9 10  9 10 10 11  8  7  9   10  8  8  8  8 10  9  8  7 10    8  8  9  8 10  8 10 10  8  9   11  8  9  8 10  9  0  0  0  0   
 75a   0  0  7  7  9  9 11  7  7  9   10 10  8 10  8 11 12  7  9  8   11  7 10 11 10 10  7 12  9  9   10  8 11 10  8  8  7  8  8  9   
 75b   8 11  7 11  9  8 10 11  9  8    7  9  9  8  9  8  9  7  8  9    9  8  9  8  9  9  9 10 10  8    9  7  8  9  9  9  0  0  0  0   
 76a   0  0  8  8  8  9 10  9 13 10    7 10  9  8  8 12  7  9 10 10   11  9 10 13  9 10  9  7 10  9    7  9 11  9 10  8 11  9 10  9   
 76b  11  7  9 10  7 10  8  9  7  8   10  9  9  8  9 10  9  8 10 10   10  9  8  9 11  9  8  8  8  8   10  8  8  9  9  8  0  0  0  0   
 77a   0  0  8 12  7 11  7  9 11 12    9 10  9 10  8 10 10  9  7  8    9  8  7  9  8  9 10 10 10  8    9  8  8  9 10  9 11 11  9 10   
 77b  12  9  9  9  8  6 12  9  8  8    8  7  9  6 10  9  9 10  7  8    8  9  8  9  8  8  8  8 12  7    7 10  8  9  8 11  0  0  0  0   
 78a   0  0 10  9  9  8 10  9  7  9    9  9  9  8  9 10 10  8  9  9   13  9  8  7  8  9  7  8  9  9   10  8  9  9  8  8 10 10  7 12   
 78b   8 10  9  9  9 10  8  8 10 10    7  8  9  8  8  9  9  9  6 10    7  9  9  7  7 10  9 10  9  8    9  7  8  8  7 10  0  0  0  0   
 79a   0  0  9  9 10 10  8 10 10 11   10 11  7  9 10  8 10 10  9 11    8 10 11  9  9 10  9  9  9 10    9  9  8  9  9 10 10 10 10  9   
 79b   9 11 11 11 11  8 10  6  9  8   11  9  7  9  8  8  8  9  8  8    9  9  8 10  9 10  7  9 10  9    8 10  8  9  9 10  0  0  0  0   
 80a   0  0  8  8  6  9 11  9  9  8    8  9 10  7  8  9 10 11 11  7   11  9  9 11  8  9  7  7 10  9    7  9  9  9  7  9  9 11  8  6   
 80b   9 10 12  9  9  9  7  9  9  9    8  9  8  8  7 11  7  8  9  9   11 10 10  7  9  8  8  9  8  7    9  7  7  7  9 10  0  0  0  0   
 81a   0  0 11  9  8  6  9 10  8  9   11 10  7  6 10 11  9 10 10 10   10 10  7  9 10  8 12 10 11  9   10 10  8  9  8  8  8 10  9  9   
 81b   9 10 10  9 10  9  9 11  8  8    7  9  9 10 10 10 10  9  6  8    8 11 11  8  8  9 12  8  8 10    8 11  8 11  8  7  0  0  0  0   
 82a   0  0 11 10  8  8 11  7  9  8   11  8  9 10  8  9  9 10  7  9    9 10  9  9  8  7  9  9  8 11    9 10  8  9  8  7  8  9  8 11   
 82b  10 10 12  9  7  8  7  8 10  9    9  7  7  9  7  8  7  7  6  8    9  9  8 10  8  6  8  9  9 10   12 10  9  7  9 10  0  0  0  0   
 83a   0  0 10  9  7  9  7 10  8 11    8 11  6  7 11  9  8 10  9  7    7  9  9  8  9  8  6  8  9 10    9  9 10 10  8  9 11  9  9  9   
 83b   9 11  8 12  9  7 11  8  7  6   11  9  8 11  9  7 10 11 11  7    9  8  9  9  7 10 10 10  8  8    9  8  9  9  9  9  0  0  0  0   
 84a   0  0  9  9 10  7  9 11  9  8    8  7  8  7 10  7  8  8  8 10    8  9  9 11  7 12 10  8  9 10    8  7  9 10  9  8 12  8 12  8   
 84b   8  9 10 11 12 11  9  8  6  9   11  7 10  9  7  9  9 11 10  8    9 11  9 10 10 10  8 11 10  9   10  7  8 11 11  8  0  0  0  0   
 85a   0  0  8  6  9 10 10 11 11  7   10  7  7 10 10 11 12 10  9 10    9 11  7 10  8 11  9  9  9 10    8  7  9 11 14  9  8  9 10  9   
 85b  11 10  9  7 10  9 10  9  9  6   10  9  8 10  8  8 10  9  9 10    8  8  8  9  8  8  9 10 12  8    7 10  9 10 11  8  0  0  0  0   
 86a   0  0 10  9 10  9 11  7  9  7    9  9  9 10 11  9 10 10  9  7    9 10 10  8  8  9  7  9  9  8    8  8  8  9  9  9 10  9  8  9   
 86b  10 11  8 11  9 10  7  8  8 11    9  6  9  8  8 10  9 10  8  9    8  9  8  9 13  6  8  9  7  8   10  9 10  6 10  9  0  0  0  0   
 87a   0  0 11  8  7  8  8  8  9  7   11 10  8 10 10  9  8  9 11  9    9 10  7  8  9  8  0 10 10  9   11  8  9 10  9  7 12 11  6  9   
 87b   8  9  7 10 11  9  8  9  9  8    8 10 10  9  8 11  9 10  8 10    8 10 10  9  8  8  8  9 10  8    8  8  7  9  9 10  0  0  0  0   
 88a   0  0  9  8  8  9  8  9  9  9    8 11  6  7 10 11  8 13 12 11   10  9  7  9 10 10  7  7 10 10    8  9  9 10  9  7 10  7  8  8   
 88b   8  9 11  8  9  8  8 11 11  9    9 11  9 10  8  8 10  8  8 10    8  8  7 10  9  7  8  9 10 10   10  9  9  9  9  9  0  0  0  0   
 89a   0  0  8  6 10  8  8  8  9 10    9 11  8  7  8 10 10  9  7  9    8  6 10 10  7  9  8  8  9 10    9  6  8 10  7  8 10  9 10  9   
 89b   9  9  8  9  9  8  9  8  9 10    9  8  9  8 10  9 10  8  8 10    9  8 11  9  9  8  8  9  7  9    8  9  7  9  9  9  0  0  0  0   
 90a   0  0 10  8 10 10  9  7 10  9    9  8  9  7  7  9  9  9  9  7    7 11 10  9 11  8  8  9 12  8    8  7  9  9  9  8  9  7  9  9   
 90b  10 12  8 10  7 10  7 10  6  8   10  7  9 10  8  8  8  7  8  9   10  7  9  9  7  6 10  7 10  9    9  8  9  9  7  9  0  0  0  0   
 91a   0  0 10 11  8  8  9 12  8  8   11  8  9  8 11 10 10 10 10 11    9  8  7 10 12 10  7  9 10  9   11  7 10  9  7  6 10 10  8 10   
 91b   7  9 10  8  6 11  5  9  9  7   10  8  7  8  9 12  9 10  8  8    7  9  8 10  7  8 10 10  6 10   13  8  9  9 10  8  0  0  0  0   
 92a   0  0  9  9  8  7 12  8  9  9    9 10  8  8  8  8  8  7  9  9   11  9  9  7 10 10  8  8  9  9    7  9 10  8  9  9 10  8  7  9   
 92b  13  9 10  9  8  8  8  8 11  8   10 10  8 11 10 10  8 10 10  9   10 10  8  9  7  7  8  8  9  9   11  9  7  7  8  8  0  0  0  0   
 93a   0  0  9 10  7  9 11  8  9 11    9  8  7  9  9 10 10  8  9 10    9  9 10  8  8 11  9  8  9  9    8 10 10  9  7  7 11  9  9 10   
 93b   9 10 12 11  6  9 11 11  8  9   10  8 11  9 12  9  8 10  9  9    9  9  9  8  7  9  9  8  9  6    8 11 10  9 11  9  0  0  0  0   
 94a   0  0 11 10 10 10  8  9  8 10    9  9 10  9  9  8  9  8  9 10    8  9  8  9 10 10  8  9  9 10    8 10 10 11  8  9 11 10 11  8   
 94b  11 11  9 11 11 10  7  8  8  6   10 11 10  9  9  8  7  9  9  9    9 10  7  8  9  9  7  8  9  9    9  9  7  8  6  8  0  0  0  0   
 95a   0  0 11  9 11  9  8  9 11  8    9 10  8  8  8  8  9 11 11  6    7  9  9  6  8 10  7  8  9 11    9  9  7 10  8  8 10  9 12 10   
 95b   8  9 10 10  9 11  8 10  8  8   10 10  9  9  7  8  9 10  7 10   11  7  8  7  8  7  9  7  9 11   10  7  8  6  8  8  0  0  0  0   
 96a   0  0  8  7 12  8  8 13  9  6    7  8  9  8  9  9 10 10 10 11    8 11  6 10 11 11  9  8 10  9    7  7  9  9  8  8 10 10  9  9   
 96b   9 10  8  8  9  9  8  9  8 12    9  9  9 11  9 12 10  7  8  9   10  8  6  9  9  7  7  8  8  9    8 11  7  8  6 10  0  0  0  0   
 97a   0  0  8  7  8  9 11  9  9  9    7  9  8  8 11  9 10 11  8 10    9 10  9  8  9  8 15  7  7  9    7  9 11 10  7  8 10 11  8  6   
 97b   9 10  9  9  9  9 10 10  8  9   10  8  8  8  8 11  8  7 10  8    7 11 11  6  8 10 13  9  8  9    8  7  7  8  9  7  0  0  0  0   
 98a   0  0  7 10  9  9  9 11  8 10    8  8  8 12  8  7 10  8 10  9    8 10  9  9  8 11  9  9 11  5    7  8  9 11  8  8 11  8  7  9   
 98b   8  9  9 13  8  8  9  9 10 10   10 10  9  9  9  8 10  8  9 12    9 10 10  8  8 11  9  7  7  6    9  9  7  8  9 10  0  0  0  0   
 99a   0  0  8  8  8  9  7 11  8  9    8 13  7  9 10  8  9  9  9  8    8 10 11  8 10  9  7  8  9  9   10  9 10  8  9  9  9 11  8  9   
 99b  10  9  8 10 10  9 10 12 10  8    8  8 10  9  7  7  9  9 10  7    9  8 12  8  8  8 10  8  9  8    7  7  9 10 12 10  0  0  0  0   
100a   0  0 10  8  8  9  7  8  9 12    8 10  8  7  9  8  9  8 10  7    8  7 11 10  8  8  8  9  9 10    9  9  8  7  8  9 10  9  9  7   
100b   8 11  8  9  9  9  9  9 11 11   12  6  9 10  9  9 10  6  9  9    8  9  7  9  6  8  8  8  9  9    7  9  7  7  8  7  0  0  0  0   
101a   0  0  8  9 11  9  8  9 10 10    7  9  9  9 10  9  9  8  7  8    8 10  7  9  9 10 10  8 11  9   10 11  8 10 10 10  8  9  8 10   
101b   9  9  7 10 10  8 10  8  9 10    9  6  8 10  8  9  9 11  9 10    9  8 11  9 10 10 10  9  8 10    9  9  8 10  8  8  0  0  0  0   
102a   0  0  8 10 10 13  9  7  9  8    9  9 12  9  9 10  9  9  7 11    7  9  7  9  8  8 11  8  9  9   12 10  9  9  9  7  8 10 10  9   
102b   9  9 12 11  6 10  8  7  9  7    8 11  9  7  8  8  8  9  9  8    8  9 10  7 10  7  7 11 10  9    8  9  9  9  9  9  0  0  0  0   
103a   0  0 11  9  9  7  8  8 11 12    9  8  8 10  9  8  9  9  7  9   10 11  9 10  9  9  9 10 10  9    8  8  8 12 10  9  8  9  7  9   
103b  11  9 12  9  8  9  8  7  9  9   10  9 10 10 10  9  9  8  9 12   10  7  8  7  9 10  8 10  9  9    9  9  7 11  7  9  0  0  0  0   
104a   0  0  8 10  9  8  9  8  9  8    9 10  9  8  8  9  9  9  9  8   11  8  8  9  9 10  8  8  8  8    9  9 10  8  8  8  8 10  8 10   
104b   9  8  9  8  8 10  8  8  8  8    8 10 10  9  8 10  9  8 11  8    6 10 10  8  7  8  9  9  9 10    8  8 10  8  8  9  0  0  0  0   
105a   0  0  9  9  8 10  9  7  8 10    9 10 10  7  7 10 10  9  9  8   10  8  7  9  8  9  9  9  9  9   10  8  8 12 11  9 10 10  8  9   
105b   9  9 10  9 10  9 11  9  9 13   11  7  8  9  8  9 10  8 10  8    7 10  9  9  9  9 10 10  8  9    9 11  9 12  8  9  0  0  0  0   
106a   0  0  7  8  8 10  8 10 10  9    8  8  7  8  8  9  9  9  8 10    7 13  9  9  6  9  8 11  8  8   11  8  9  9  8  8  8 10  8 10   
106b   9  9  8  9  9  8 10  8 11 10    9  9 10  8  7  9  7 10  8  9    8 11 11  7 10  9  8  9  9  9   10  6  7  9  8  9  0  0  0  0   
107a   0  0 10 10 11  9 10  9  8  9   11  8 10 10  7  6  7  8  7  9   11  9  9  7  9 10  8 10  9  9   10  8  9  9  8  7  9  9 10  9   
107b   9 10 10 11 10  8  9  9  9 10    8  7 11 12  9  9  9  9  6 10    8  9 10  7 11  8 10  6 11 11    8 11  9 11  8  7  0  0  0  0   
108a   0  0  8  7  9  9  8 11  7  8   12 12  8 10  9  8  7 10  7  9   12  8  9 10 10 10  8  8  9  9    9 10  9  9  9  9  8  8 10 11   
108b  10 11  9  8  9 10  7  7 10  9   10 12  7  8 12 10  8  9 11  9   10  8  8  9  9  8  7  9  8  8   10 10  6  7  8  9  0  0  0  0   
109a   0  0  9  8  9  8  9  9  9  9   12  9  7 10  8 10  7  7 10  8    8 11  7 10 10 10  8  9  8  9   12 12  7 10  8  8  8 11  8  8   
109b   9 12 12 10  7  9  7  8  8  8    9  7 10  7  7  9  9  9  8  9    6 10  7 11  8  9  7  8  9 10   10  8  7  9  9  9  0  0  0  0   
110a   0  0  8  8  7  9  9  7  8  6    9  8  8  9  9  8  9 10  8 10    9  8 11  9  9  9  8  9  9  8    9 10 10  9 11  7 10  9  9  8   
110b   9  9  9  9  8  7  8  6 10 10    7  9 11  8  9  8 11 10  9  9    8 10  9  8  8  8  8  9  9 12    6 10  9 10 10  7  0  0  0  0   
111a   0  0  8  9 10  8  8  9  8  9    7  8  7 10 11  9 11  9 10  9    9  9  8 13 10  9  6  8  8 10    8 10  9 10  8  7  9  9  9 10   
111b   9  9 10 11  8  7  8  9 11  9   10  7  9 10  8 10  6  8  9 10    8  9  8  8  6  9  9  7  8 10    8  9  9  9  8  7  0  0  0  0   
112a   0  0 10  8  7 10 10  9  8  8    8  8  8 10 12 10  9  8  9  8    9  8 11  9  8  9  7  7  9  8   10  8  9  8  8  8 11  9  7  8   
112b   9 10 11 10  9 11  8  8 10  8    8  7 10  9  9 12 10 10 10  7   10  9  7 10  7  6  9  9  9  9    9  9  8  8  8  8  0  0  0  0   
113a   0  0  9  8 12 10  9 11  9  8    8  9 10  6 10  7  9  9  9 10    9  9  8  8 10  7  9  8 11 10   10 11 11  8 12  9 11  9  6  9   
113b   8 11 11 10  7  9  8  6 11  9   10  8  9  8  8  8  9  8 10 10    9  8  7  6  9  9  8  9 10  7   10  7  8  9  8  9  0  0  0  0   
114a   0  0 11 10 10  9  6  8  9  8    9 11 11 10 11  8 10  8  8  9    8  9  8  9 10 11  8 10  9 10    8  8  8  8 10 10  8  9 10 11   
114b   8  8  9  8  7  9  8 11  8 11   10  6  9 10 11  7 11  8 10 11    9 10 11  9  7 11  9  8  6  8    7  9 10  8  7  8  0  0  0  0   
115a   0  0 11  9  9 10 10 11 10  8    8  9 10 11 12  8  9  9  9 10    9  9  9  7  9  9  8  8  7 10    8  9  9  9  8  9  9 13  8  9   
115b  10  8 11  8  8  8  8 13 11  8    9  9  8  9  7  7  8  7  9 10    9  7  9  9  8  8  9 10  9 10    9  8 10  8 11  7  0  0  0  0   
116a   0  0  7  9  9 11 11 10  8  9    8  7  8  8  8  8  9  8 14  9   10 10 10  9  9  8 10  8  9 10    9  9  9 12  9  6 10  8  9 10   
116b   9  8  9 11  8  7 10  8  9  8    9  9  9  8  8  8  9  8  9 10   10  9  7  8  8  9  9  8  9  9    8  8  7  9  9  9  0  0  0  0   
117a   0  0  7  6  8  8  9  9  8  9   10  8  7  8  9  8 10  8  9  9    7  9  9  9  8 10  7  8 11  9    8  8 12 10  7  7  9 10  9 11   
117b   9  9  8  7 10  7  8  9  8  9   10  8  9  8 11 10  9  9 10  9    8 11  9 10  9  8  9  6  8  9    7 10  9  8  9  8  0  0  0  0   
118a   0  0  8 10  9 10 10  9 10  9    7  9  7  8  7  8 11  8  9 10   10  8 11  8  7  7 11  9  9  9    9 10  8  9  8 11 10  9  8  9   
118b  10 10  9  9 10  7  9  7  9  8    8 10  9  8  8 11  7  7  9  9   10 10 10  9 10 11 10  9  9  8   10 10 10  7  7 10  0  0  0  0   
119a   0  0 10  9 11  9 11  9 10 11    8  9  6  8  7  7 10  8  6 10    9 12  8  9  8  9  7  8 11  8    8  9  9 11  9  9  7  9  8 10   
119b   9  9  8 12  9  7 11  8 10 12    7  8  8 11 10  9  8 11  9 10    8  9  9  9  9  9 13 10  9  8    8  7  9  9  8  6  0  0  0  0   
120a   0  0  7  9  8  9  9  8  9  9    8  9  8  7  9 10 11  8  9 10    9  7  7  8  9 10  7  8  9  9   12 10  8  9  9  8  9  8  9  9   
120b   9 10  8  9 15 11  8 10  7  8    7  8  9  8 12 10  8 10  6  9    8  9  8  9  9  7  9  9 10 12   11  8  7 10  8 10  0  0  0  0   
121a   0  0  7  9 10 10  7  7  9 10    9  7  9  9  9 10  9 10  8 11    8  8  8 11  9 10  7  7  9 10    9 10 11  8  8  9 10  9  8  9   
121b   9  9 10 12  7  8  9  8 10  7   11 11  9  9 10 10 10 10  8 11    7 10  9  7  9  9  7  8  8  9    9  7 10  9  9  9  0  0  0  0   
122a   0  0 11 10  8  9 11  7 10  8    9  8  8  8 12  8  9  7  8  8    9 10  9  7  8  8  7  9  8  7   11 10  7 12  8 11  8  7 10  9   
122b  10 12 10  6  7 10  9  9  8  8    8  8 10 10  7 11  7  9  9  9   10  8  7  9  9  9 12  8  9  8    8 10  8  7 10  9  0  0  0  0   
123a   0  0  8 11  8  7  9  9  9  9    9  9  7  8  8  8  9 10  7  9    9 11  8  9  8 11  9 11  6  9    8  7 10  9  8 11  9  9 10 10   
123b  10  8  8  9  8  9  9  9  9  7    7  9  9  8  9  8  9  9  9 11    8 11  9 10 10  8 10  9  9  9    9 11  8 10  7 10  0  0  0  0   
124a   0  0  8  7  9 10  9 10  9  8    9  9 11  7  8  9  8  8 10 10    8  7 10 11  8 10 10  6  8  9    8  9  9 10  9  9 10  8  9  7   
124b   8 10 10 11  8  9  8 11  6 10   10  8  8  7  7  8  8 11 10 10    9  9  6  8  8 12  9  9 10  8    8  7 11  8 10  8  0  0  0  0   
125a   0  0  9  8  8  8 10 11  9  9    8  9  8  8  9  9  8 10 11  9   10 11  8  8 10 11 10 11  9 10    6 10 11  9  8 10 11  8  8  7   
125b   8  9 10  8 11  8  9  9  9  9    9  8  9  9  8  9  7  9  8  9    9 10 12  8  8 10  9  8  8 10    8  7  8  7 10  9  0  0  0  0   
126a   0  0  8 12 10 10 10  7  6  8    9 11  9 10  9  8 10 10  8 10    8  8  9  6 13  9  8  7  9 10    8 11 10 10 10  8 10 11  9  9   
126b   8  8 10  8  8 10  8 10  9  9    7  9  9 10 11  8  7 12  9  8    9  8  9  9  8  7  9  9  9 10   10  8  9  8  9  7  0  0  0  0   
127a   0  0 10 10  9  8  8  9  9  7    9  8  8  9 10  9  8 11  7 10    9  9  8  9  9 11 11  8  9  8    9 10  8  9  7 11  9  9 11  9   
127b  11 10  9  8  8 10  9  9  8  9    8  8 10  8  6  9  8  9  7  7   11  9 10 11  8  8 11  9  9  8    6 10  9  9  9  9  0  0  0  0   
128a   0  0  8 10  8  8 10  8  9 13    8  9  7  9  9  7  8  9  8  9    7  9 10  8 11 12  9  8  8 10   11  9  9 10 11  7  8 10  9  7   
128b   8  9  9  8  8 10  9  5 13  7    7  8 11  8  9  8  8  8  8  7    8  7  9  9  7 10  8  8  8  8    8 11  8  8 10 10  0  0  0  0   
129a   0  0 10  8  9 11 11  8 10  8    9  9 10  7 10  8 10 12 11  9   10  9  8  8 11  9  7  7  9  9   10  7 11  9  9 11 10 13  8  8   
129b   9  9 11 11  7  8 10  8 10 10    8  7  8  8  9  9  8  9  9 11   11 11  9  9  8  8 11  8  7 10    7  9  8  8  8  7  0  0  0  0   
130a   0  0  8 10  9  8  9  9  8 10    8  8  7 10  9 11  7  8 11  9    9  9  8 11  9 10  7  9  9 11    9  6  8 10 12 10  7 10  8  8   
130b  10 10  8 10  9 10  8 10  8  9    9  7  8 10  7  9  8  9 10 10   13  9  8  9 10 11 10  8 11 10    9  8  8 10  7  9  0  0  0  0   
131a   0  0 10  8  9  9 11 10 10  8    8 11  7 11 10 11 10 11 10  9    8  8 10  8  9 10  8  8  6  8   10 11  9  9  9  9  9  8  9 12   
131b   8  9 10  9  8 10  8  8  9 10   10  8  8  7  9  8 10  9  8  8    9  6 11  9  7 10 11 10  7  9    9  9  8  7  9  9  0  0  0  0   
132a   0  0  8  8  8  7  7 13  9 10   11  9  8  8 11  9  9  9  7  9    7  9 10  8  7  9 10  7  9  6    9 10  8 10  7  8  9  8  9 10   
132b   9  8 11  8  9  7  6  8  6  7   10  9 10  8 10 10  8  9  8 10   10 10  9 10 13 10 10  8  8  8    8 11  9  8  6  8  0  0  0  0   
133a   0  0  8  9  9 10 10  8  7  7    9  9 10  8 13  8  8 11  7  9    8  8  6  8 11 10  9  8 10  9    9  9  8  9  7  9  9  8 11  8   
133b  10 10  9 10  8  7 10 10 10  7    9 10  8  8  8  9 10  9  7  7    7 10  8  8  9  9 11  9  9  9    7  7 11  8 10 10  0  0  0  0   
134a   0  0  9  7  8 11 10  8 10  8   10  9  9 10  9  7  7  7  9  7    8 11  7  7  8  9  8  9  8  9    8  7  8 10  7  9 11 12  9  9   
134b  11  7 11 11  9  6 13  9  9  8    8  8  9  8  9  9  9  8 10 10   10  8  9  9  9 10 10  8  6  7    9  9  8  7 10  6  0  0  0  0   
135a   0  0 10  9 10  9 10  7  9 10   10  8  9  6 11  8  8  9  9  7   11  9  8  7  9  8  8  9  8  8    8 11  9  9  8  9  8  9  8 11   
135b  10 11  8  8  9  8  8  8 10  8   10  8  9 10  9  9  8  7  8 10    9 11  8  8  8  7  8  9  9  8   10  9  8 10  9  7  0  0  0  0   
136a   0  0  8 10  9  9  9  9  8 11   10  9  9  8  9  8  8  8  8  8   10 11  6 10  8  9  7  8 11 10    8 10  9  9  8  9 10  8 11 11   
136b  10  7  9  8  9  9  8  8  9  8    8  8 11  7  9 10 12 10  9  8    9  9  7  9  8  9  9  9 10  8    9  7  7 11  9 10  0  0  0  0   
137a   0  0 11  7 11  8 13 11 10  8    8  9 11  9  8  7  8 10 10  8   10  9  9  8  8 10 11  7 11  9   11  9  8 10  9 11 10 10  7 11   
137b  10 10 10  7  8  9 10 10  9  7    8  8  9  9  9  8  9  8  9  9    9  8 11  8  9  8  8  8 10  6    7  9  8 11  6  8  0  0  0  0   
138a   0  0  9  7  8 11  8  9  8  7    8 10  9 15  8  8  9  8  8  9    9 10  9  9  9  9  8 10  8  7    7 10  9  8 10 11  9 10  9 10   
138b   9  8  9 12 10 10  8  8 10  8    9  8  8  8  9  8  9  9  8  6    9  8 10  7  8  9  9 10  8  9    8 10  8  8  9  8  0  0  0  0   
139a   0  0  8  8  8  8 12 12  9 10   10 10  9  8  9  9  9  8  8 10    8  9 10  8  9 11  9  6  9 11    9  6  7  9 10  9 10  9  9  9   
139b  10 11  9  7 10  9 10  9  9 10    7  9 10 11 10 10  8  9  7 10    9  9  9  7  9  9  8  6  9 10    8  9  9 10 10  8  0  0  0  0   
140a   0  0  9  8 12 10 10  8 10  9    8  8  8  9  8  9 10  8  8  8    9  9  8 10 10 11  9  8  9 11   10 10 11 10  8 10 10 10  9 10   
140b  10  8 11  9 11 12  8  9 11  8   10  8 11  8 10 10  9  9  8  9    8  9 10  7  7  9 10 11  9  7    8 11  8  9 10  9  0  0  0  0   
141a   0  0  8 10 10  9 11  6 10  8   10  8  7  8  7 11 10  8  9  8    9  9  8  8  9  7 10  8 10  9    9  8  8  8  9  8  8 10  8 10   
141b  11  9  8  8  0  8  6  7  9  9    7  8 10 12 10  9  8  9  9  7    9  9  8 10  9 11 11  7 11  8    7  9 10  9  9  7  0  0  0  0   
142a   0  0  8 10 11  8  9  9 10  8    9  8  8 10  9 10  9 11  9  9   11  8  8  8  9  8  7  7 11  8    9  7 12  9  7  9  9 10  0 10   
142b   8 10  9  7  9  9  8 10  8  7    9  8 11  8 11  7  8  9  8  7   11 10  9  8  6  9  8 10 10 10   11  9  6  9  7  9  0  0  0  0   
143a   0  0 11 10  8  8  9  8  9  8    9  9  8  7  8  9  9  8  9  9    8  9 11 11  8  9  7  8  8  9    8  8 10 10  8  7  8 11  9  9   
143b  11  8  9 10  8 10  7  8  9  8    8  9  8 11  9 10  8  9  7 10    8 12  9 10  8  8  9  9  8  7   10  9  8  9 12  6  0  0  0  0   
144a   0  0  8 10  9 10  8  8  8  7    8  8 10  9  6  8  8  7  8  8   11 10  7  8  8  9  8  8 10  8    8  8 12 10  8  8  8  9  7 10   
144b   8 13 11 10  9  8 11 12  9  9   11  8 10  8 10  8  7 10  7  8    9  9 11  7  8 10  9  7 12  8   10  9  9  9  9  8  0  0  0  0   
145a   0  0  6  8  7  8 10 10  8 10   10  8  8 10  9  8  8  9  9  7    8  8  8  9  9  8  8  8  7 13    7 11 10  8  9  8  8 10  9  8   
145b  14 10  9  7  7  8  9  9  8 11    8  7  9 10  9  8 10  8  7 10    9  9 11 10  8  7  8  8  8  6   11  7  9 13  9  9  0  0  0  0   
146a   0  0  8  9 10  8  9 11  9  9    8 11  9  8  8  7  9  8  9 11    9 10  9  8  9  8  8 10  9 10    9  9  8 10  7 10  9 10  9 12   
146b   8  9  8  9 11  8  9  9  9  8    8  9  8  9  8  8  7 11 10  8    8  9 11  9  8 11  8  8  9  9    9  7  7  9  8  8  0  0  0  0   
147a   0  0 11  9  8  8  8  8  6  7    8  8  7  7  7 11  9  9  9  8    9  8  6  7  9  7  9  9 11  9   12  8  9  9  9 11  8  7  8 10   
147b   9 10 10 13 10  7  6  9  9  9    7  9  8 10  7  9  8 10  8  8   10 10  8  8  8 12  9  9 10  9    9  8  8 10  9 10  0  0  0  0   
148a   0  0  8 11  9 10  6  8  9 13   10  8  8  9  8  8  7  7  8  7    7  9  8  8 11  9 10 10 10  8   10 11 10  9  7  8 13  9  9 10   
148b   9  8  8 12  7 11  9 11  9  7    7  8  9  9  8 11  8  8  7  8    7 10  9  9 11  9  9  8  9  9    9  9 11  8  7  9  0  0  0  0   
149a   0  0  8  9  8 10  8  9 10  8    7  8  9  7 10  9  8  9  6  9   10  9 10 12 10  8  7  7  8  8    7  9 10  8  9  9 10  8  9  9   
149b   8  9  8 10 11  9 11 11  7  8    9 10  9 11  8  9  8  9  9  9    9  8  7  9  9 11  8 10  8  9   10  9 10  8  8  9  0  0  0  0   
150a   0  0  8  9 10  8  8  9  9 10    9  9  8  7  9  8  7  8  9  8   10  8  9  9 10  9  9  7 11 10   11  8  8 12 10  9 10  7  9  8   
150b  10  7 10 11 10  7  9  9  9  8    8  8 10 10  8 12 10 10 11 10    8  8  9 10  9 11  6  9  9 10   10  8  8  9 10  9  0  0  0  0   
151a   0  0  7 10 10  8  7  8  9 10    9 11  9 10  7  9 12  7  9  9    9  9  8 13  9  8  9 10 10  7    9 10  8 11 10  7  9 10  8 10   
151b   9  8 10 10 12  7 11  8 10 10    6  8 12  8  8  9 11  8 12 11    8 11  8  8 10 10  7  8  9  8   10 10 12  7  7  7  0  0  0  0   
152a   0  0  8  9 11  9 11  8 11  7    9  8 10  7 10  8  8  9  9 10    7  9  8  8  9  6  8  8 10  9   10 11 11  8  7  8  8 10 11  9   
152b   7  7 10  9  9  8 11  8  9  8   10 12  8  8 11  8  9  7  7 10    9 10  8  9  9  7  9  7  8 11    8  9  8  9  8  9  0  0  0  0   
153a   0  0  8  8 11  8 10 10  7 11    9  8  7 10 11  8  9  8  8  8   10  8 10  9  9  9  7 10  8 12   10 12  9 13 10 11  9  8  9  9   
153b   9 11 10  9 11 11  9 10 13 10    8 10  9 11  9 10 10  9  8 10    7  8  8  8  7 10  8  9  9  7   10  8 10  9  9  9  0  0  0  0   
154a   0  0  9  7  7  9 10  8  8 10   11  8  7  8  7 10  9  8 11  9    8  9  7  9  8  9  8  9 10  7   10  9  8  5  9  8  9  9 10  7   
154b   8 10  8  9  8  9  9  7  8  6    9  7 10  8 11  8  8  8  8 11    8  8  9  9  8  7  8  8  9  7    8  9  8  7  7  8  0  0  0  0   
155a   0  0  8  9  8  9  8  9 10  8    8  8  9  7  8  8  9  8  9  8    8  8  7  8  9 12  9  9  9  9    8 12  8  9  8  8  9 12  8 10   
155b   8 10  9  8  8  9  9  9  9  9    7 10  7 10  9 11  8 10  9  8    9  7  6  7  8  9  7  7 10  9    9  7  9  8  8 10  0  0  0  0   
156a   0  0  9  8  8 10  9  9 11  9    7  8  8  9 10  7  8  9  8 10   10 12 10  7  9  9  9 10 10  9   10  8  8  8  7  8 11 10  9 10   
156b   9  9 11 10  9 11  9  8  8 10    7  9 10  8 11 11  9 10  9  8    9  9 10  9  6  8  8  8  6  7    8 13  8 10  9  9  0  0  0  0   
157a   0  0  9 10 11  9  7 12  8 10    7  8  7  8  7 10  8  8  8 11    9  9  8  8  9  9  7  8 10  9    8 11  9  9  9 11  9 11  8  9   
157b   9 10  9  9  9  9  8 12  8  9   10  9  9  7  9 10 10  8 10 10   11  8 10  9 10 11  8 11 10  9    8 10  8  9  7  8  0  0  0  0   
158a   0  0  9  9  9  8  9  8  8  8   10 11  8  7  8  9  7 12  9 11    7 12 10  9 11 11 10 10  9  8    7 10  7  8  7  9 10  8 10 10   
158b  11  8 10  8 13  7  8  9  9  9    9  9 10 15  9 11  8  8 10  7    9  8  8  8 10  7 12  7  9  8    9 10  8  7  8  9  0  0  0  0   
159a   0  0  7  9  6 13 10  8  9 12    8  9  9  7 10  9 10  7  9  7    7 10  7 10 10  9  9  8  9 10   10 10 10  8 11  7  8  7  9 10   
159b   9 11  8  8  7  8  8  9  8  6    8 10  8 10  8  9  8 10  9  6   10  9 10 10  9  8  9  7 11  7    9  8  7  8  8  9  0  0  0  0   
160a   0  0 11 10 10  8 10  9  9  8   10  8  7  8  9  9  9  9  7 10   11 10  8  9 11  8 11  7  8  9    8  8  8  8  8  8  8  9  8 10   
160b  11  8  9 10 10  8  7 10  8  8    9  7  8  7  8  9  9 10  7 10    8  8  9  8  8  8  8  8  8 10    8  9  7  9  8  8  0  0  0  0   
161a   0  0 10  7 10  8 10  8  9 12    9 10  8  9 10  9  8  9 10  9   10  7  9  9  9  9  9  7 10  8   12  9 10  9  7 10  9  9  9 10   
161b   8  9  9  9  7  9  8  8  8 11   10  9  9 10  9  9  8  9  8  8    9 11  9  8  8  7  9  8  7  9    9  9  9 10  7  9  0  0  0  0   
162a   0  0  8  7 12  9  8 10 11  8   10  9  7  7 10  8  8  9  9 10    9  7  8 11  9  7  8  8  8  8   11  8 12 10  7  9 14  8  7  9   
162b  11 10 14  9 10  8 11  8 10 10    9  9  9  9 10 10 10 10  7 10    9  9  8  8  9 10  8  9  9 10   10  9  8  9 11 10  0  0  0  0   
163a   0  0  9  8  8 12  8  9  8  9    9  7  9  9  8  8  9 10  9  8    8 10 10 10  9  9 12 11  8 11    8  9  9  9  9 12  8  9  8  7   
163b   8 10 10  9  8  8  9  9  9  8    6 10  9  9  9 11  8  9  9 10    9 10  6  9  7  7 10 12 10  8    8 10  9 10  7  8  0  0  0  0   
164a   0  0  8  8  7  8  8  9  8 10   11 11  7  9 11  9  9  8  8  9   10  8  7  8 10 12  7  8  9 10    8  9  8  9  8  9 10  6  9  8   
164b   8 10 11  9  7  9 10  8  8 11    7  9  9 10 10  9 10  7 12  7    8  9 11  9  8  9  7 10  8  8    8  7  9  9  9  8  0  0  0  0   
165a   0  0  8 10  9 11  9  9 10 10    7 10 11  7  8 10  9 10 11  8    9  9  8  7 10  8  8 10 11  7    8  8 11 10  9  9  8  9 13  7   
165b   7 10  9 10  7  8  6 10  7 11    8 11 11  9  7  9  7  8  9 10    8 13 10  9  9  8  9  7  9  8    8  7  9  8 11  8  0  0  0  0   
166a   0  0  7  9  9 11  9 12  9 10    9  8  9  8  9  9  9  8  9 10    8  8  8  9  9  9  9  7 11  9    8  9  9  8  7  9  8  9 10 10   
166b   9 10 11 10  7  7  8  9  8 10    7  9  9 10  8  9  7  9  9  9   10  9  8  8  7  8  8  9  7  8    7  9  6  7 11  9  0  0  0  0   
167a   0  0  7  9  7 11  9 10  9  9    9  7  7  8  9 10  9  9  7  9    7  9  7  8 10 12 11  8  9 10    9  9 12  9  9  7  5  7 13  8   
167b  10 12 10 10 10  9  9 11  9  8    7  9  9  8  9  7 12  8  9 10    8 10  7  9  8 11  8  9  8  7    9  9 10  8 13 10  0  0  0  0   
168a   0  0  8  7  7  7  9  8  8  8    8  9  7  9  9 10  7  9  8  8   10  8  6  9 10  8  8 11 10  9    9  8  9  9  9 10  7  9 10 11   
168b  11 12 12  7  7  9  6 10  8  8    8 10  9  9  7  8 10 11 10  9    9 10  8  8 11 10  8  8  8  9    8 12  7  9 11 10  0  0  0  0   
169a   0  0 12  6  7 11 11  8  9  9    8 11  9 10  9 12 11  9  7  9    9  8 11  8  9 13  8  7  9  9    9  8 12  9 12  8 11  9  9 12   
169b  12 10  6  9 11  8 10  9  8 10   10  7 10 11 10  8  8  9  7 11    9  8  9  9  9 10  9  8  9 10    8  9  9  8  9  8  0  0  0  0   
170a   0  0 10  7 10  8  9  8  8 11    9  9  9 11 10  8  8  9  9 10    9  7  9  9 10  8 10 13  9 10   10 12  7  9 10 10 11  9  9  7   
170b   9  9 10  9  7 10  9  9  8 10    9  8 10  9  9  7  8  9  9  7    8  8  9  8  8  8  9 12  9  8   10  7  8  9  7  8  0  0  0  0   
171a   0  0  8  8  8  9  7 10  9  9   10  8 10  8  9 10  8  9 10  7    8  9 10 10  8  9  8 10 11  8   10  9  7  9 12  9  9  7 11  7   
171b   9  9 11 11  8 10  9  7 10  9    9  7  9  8  8  7 10  8  9  9    9  8 10  9  9 11  7  8  7  7    9  9 11 10 10  9  0  0  0  0   
172a   0  0  9 10 10 11  8 13 10 12    9 11  9  7  8 10  9  8  8  7    9 11  9  6  8  9  7  8  9  9   10  7  7  9  8  9  7 10  8 10   
172b   8 10  8  9 11  7 10  8  7  7   10  7  9 13 11  8  8  8  8  8   10 11  9  9  7  7 10  8 11  8    9  8 10  8 10  8  0  0  0  0   
173a   0  0  9 11 10 10  8  8  9 11    8  8  9  8  9  8 10  9  9  7    8  8 10  8  8  8  8 11  9  9    9  9  7 10  9  6  8  9  7  8   
173b  10  7  8 10  8 10  8  9  9 10    9  9  8 12  9 10 11  9  8 10    7  8  9  9  8  6 10 12  9  7    9 10  7  7  7  9  0  0  0  0   
174a   0  0  8  8  7  9  8  7 10  8   10 11 10 10 10  8  7  8  8 12    7 10  7  8  9  9  7  8 10  8    9  6 10 10  8  8  7 10  7 10   
174b  11 10  8 10  9  9  8 11  8  9   10 10 11 10  9  8  8  7  9  8    8 10 10  8  9  9  9  6  9  7    8 10  8  7  9  8  0  0  0  0   
175a   0  0 10  9  7  9  9  8  8  9    9  9  8  9  9  7  7  8 10  7    8  9 10  8  8  8  7 12  9  9    8  7  8  9  9 13 10 10  9  8   
175b  12  9  8  9  8  9 11  9  8 10    9  9  9  8  9  9  8  9 10  9   10  7 11  8 10  6  7  8 10  7   10  8  9 13  8  7  0  0  0  0   
176a   0  0  7  8  8  8 11 10 12 12    9 11  9  6  9  8  9  7 10  7    8  8  9 10  9 10  8  7  8  8    7  8  9  9 10  9 10 10  9  9   
176b  11 11 10  8  9  8  9 11  9  8    7  8  9  8 10 11  8  9  9 10    9  9 11  8  9  8  7 10  9 10    7  8  8 10  8  9  0  0  0  0   
177a   0  0  8 10  7  9  7  9 10 10   10  8  8  9 10  8  9 10  8  8    9  8  8  9  8 10 10  9  9  7    8  8  8  8  9  9  7 11  7  9   
177b   9 10  8 10  8  8 10  8  8  8    7  8 10  9  8 12 10 10  7  8   10  9 10  9  9 10 10  8  7  8   10  8  7  8  9 11  0  0  0  0   
178a   0  0  8 10  8  8  8 11 11  8   11 10  8  8  8  7 10  8  7 12    8 10  7  8 10  9  9  9 10  8    9  7 10 10 11  9 11  9  9 11   
178b  10 11 10 10 11  9 11  7  9 12    8  8  9  8  9  8 11  8  8  9   10  8 15 14  7  8 10 10  8  9    8  9 10  9  7 10  0  0  0  0   
179a   0  0  8  7  9  8  7 11 10  8    8 10  8  6  9 10  9 11  8 10    9  8  9  7  9 10  9 10  8 10   12  8  9  9  8  9 10  9 10  9   
179b  10  8  8 10 10  9  6 10  6  9   10 10 10 14  9  9  9  7 11  9    9  9  9  8  8 10  7  9  8  9   12  8  8  8  8 10  0  0  0  0   
180a   0  0 10 10  9 10  9 10 10  8   10  9  7  5 11  8 11 10  9  7    9 10 10 11 10  7  9  9 10  9    7 10  8  9 10  8  9  9  8  9   
180b   9  8  8 10  9  7  9  8  7  6   10  6 10  9  9 10  8 12 13 10   10 10 10 11  7 10 10  7 10  8    7  8 10  9 10  8  0  0  0  0   
181a   0  0  6 11  9 10  9  9  8 12    7 10  8  8  9  8 10  9 11 11    8 10 10 11 10 10  7 10  7 12    9 12  8  9  8  8 13  8 10  8   
181b   9  8  9  9  9  8 11  8 10  9    8  7  8  9  8  9 12 10  8 10   11  9  8  9  7  7  8  8  8 10    9  9  9  7  7 11  0  0  0  0   
182a   0  0 12  6  8  9  8  7  8 10    9  8  9  8  9 10 10  9  7 12   12 10 10 12  7  9  9 11  8  7    7  7  8  8  9  9 12  8  9  9   
182b  10 10  9  9  9  9  9  8  8 10    9 11  9  8 12 10  9  9 10  8    8  7  9  8  7  8  9  8  9 10    9  6 10  8  9  9  0  0  0  0   
183a   0  0  7  8  8 11  9  9 11  8    8  8  7  8 10 10  9  9  8 10    9  9  9  8  8  9  9 11  7  7   10  6 10 10  6  7 10  9  8  8   
183b  10  8  9 11  8 10  8  9  9 10    8  8  9  9  9  9  9  7 11  9    8  8  9  9 10  9  9  8 10 10    7  9 10  7  8  7  0  0  0  0   
184a   0  0  8  9  8 10  9 10  8 11   11  9  9  8  9  7 10 10  8  9    8  9  9  8  9  9 12  8  7 10    9 10 11 11  7  7  9 10 12 11   
184b   9 10 10  9  8  8  8  7  8  8    7  8  8 10 10 10  9  7  8  8   10  7  8  8  8  9  8  9  8  8   10 10  9 11  7  7  0  0  0  0   
185a   0  0  7 10  9  9 10  8 11  9   11 11 10  9  8  9  9 11 11  8   10 10  8  9 11  7  9  9 10 10    8 10 11 11  9  9 11  8 12 13   
185b   8  9 10  9 10 10 10  8  9  7    9  7 10  8  9  8  8  9  8  7    7  9 10  9  8  9  9 11 12  8    8 10 11 12  9  7  0  0  0  0   
186a   0  0  8  8 11 10  9  8  9 11    9 11  9  7 12  8  8  9  7  6   10  9  9  7 10  8  9  9  9 11    8 10 10  7 10  9  9 10 13 11   
186b   9  9  8  9  7  5 10  9  8  7    9  9 10  8  7  8  9  6  8 10   10 10  8 10 10  8  8 10  7 10    9  8  9  9  8  8  0  0  0  0   
187a   0  0  9  9  9  7 10  9  8  9   10 10  8  8 11  7  9  8  8  8   10  6  8  7 10 11  9 11  9 10    9 11 10  8  9  9 10 10  9  7   
187b  10  9  6 10  9 15 10  7  6  9    9  8 10  9 11  9  7  8  8  9    8 12  7  8  9  8  7  8  8  9    8  7 10 11  8  9  0  0  0  0   
188a   0  0 11  9  9  9 10 10  8  9    5  8 11  8  9 10  9  8  9 10   10  8  8  8 10 11 10  8  9  8    7  8  9  8  9  8 10 10 10 12   
188b   9  8  9  8 10  8  8  9  9  8    9  9 15  8  8  9 10 12  9  8    8 10 10  9  9 13 10  8  9  9   11  9  9  7  7 10  0  0  0  0   
189a   0  0  7  8  9 10 12  8  6  9    8  6  7  7  6  8 11  9  8  7    9 10 10  8 10  8  7  9  8  9    9  9 10 10  9  9 10 10  9  7   
189b   9  9 10  9  9  9 10  8  9  9    6  9 10  8  8  8 10 10  8  8    8 10  7 10 10  9  9  9 12  7    7  8  7  8  9 10  0  0  0  0   
190a   0  0  9  9  9  8  8  7  8 11    9  9 10  9 11  9  9 10  8 11    8  8  8 13 10  8 10  9 10 10   13  9  9 11  8  9  8  7  9 11   
190b   9  7  8 10 10  8  7  9  8  9    9  7 10 10  8  6  9 10 11  9    8 11  8 11  8  8 10  8  9  8    9  9 11  9 11  8  0  0  0  0   
191a   0  0  7 10  9  8  9  9 10  7    8  9  8  8  9  9  9  9  8 12   10  9  6 11  8  9  7 11 10  9    9  8  9 12 10  9  8  9  8  9   
191b  12 10 10  8  8  8  9  8  9  9    8 10  9  8  8  9  9  9 10  8    8 10 10  8  8  8 11  9  9  8    8 10 10  8 11  8  0  0  0  0   
192a   0  0  8 10 10 10  8 10  7 10    7 10 10  8  9  9  9 11  8  8   12  9  8  7  8  8  6  8 11  8    8  7  8  8  8  9  8 10 11  9   
192b  10 10  8 10  8 10  9  9  7 11    8  9  9  9 10  9  8  8 11  8    7 10  9  7  8  6  9  9  8 10    9  7 10  9 11  9  0  0  0  0   
193a   0  0  8  9  7 12 11  8 10  9    9  8  8  8  8  9  9 10 11  9   11  7  8  9  8  8  9  9 10 10    8  9  9  8  9  8 10 10  9  9   
193b   8  9 14 10  8  8  9 11  8  9    9  9 10  7 10  7 11  7  8  8    9  9  7  6  9  7  8  8  9  9    7  8  9  9  7 10  0  0  0  0   
194a   0  0  7  9  7  8 10  8  9  9    7  9  9  9  9  8 10  7 11  9    9  9  8  8  9 10  8  9  8  7    9  8  9 11  9  9  8  9  8 13   
194b  11 10  7  7  7  8  9  8  7 10    9 10  8  8  8  7 11 10  7 10   10 10  9  9  8  7  8  8 10  8    8  9  8  9  7  8  0  0  0  0   
195a   0  0  9  7 11 10  9  7  9 10    9  8  9  9  8 11  9 10  8  8    9 11  5  7  8 10  8  7 10  8   10  8  9  9  7 10  8 11  8 10   
195b  11  9 10  9  8  9  9  9  9  8    8 10  9  8 10 12 10 10  8  9   10 10  9  8 10  9  8  9  9  9    8 12  9  8  7  7  0  0  0  0   
196a   0  0  6  7  9  8  9  8  8  8    7  8  8  8  8  8  9  8  9 10    9  9  8  8  7  8  9 12  8 10   10  8  9  8  9  8 11  8 11  9   
196b  10  8  9  9 11 10 11 10  9  7    9  7  9 10  8  8  9 11 11  8    9  8  9  8  9  8  7  9 10  9    9  8  7  9  8  8  0  0  0  0   
197a   0  0  8 11  9 10  8  7  9  8    8  9  8  9  9  7  8  8  9 11    8 11 10  8  8  8 10  8 10  8    8  8 11  7  7 11  9 10  9 11   
197b  10 10 10  9 10  8 10 11  7  9   10  8 10  8  8  9  9  9  9 10    9  9  9  9 10 11  9  8  9 10   10  8 10  9  8 10  0  0  0  0   
198a   0  0  9  8  9 10 11  9 10 10   10  8  8  9  7  7 10  8  7  9    9  9  7  8  8  8  5 12  8  7    8  7  7  8  9 10  9  9  9 10   
198b   7 12 10 11  9  8  7  7  8  8    8  9  9  9  9  8  8 11 10  8   11  8 10  9 10 10  9  8  9 11    7 11  8  8  9  9  0  0  0  0   
199a   0  0  9 12  8  7 11 11  9 10    9  9  9  8 10 11  8  8 10  9    7  9  8  6  9 10  7 11  8  9    8 13  7  9  8  8  8 10  9 10   
199b   9 10 10  9  8  9  9  8 11 10    8  8 10  7  9 10  8  9 12  8    8  9  9  8 10  7  7 11  8  7    7  8  7 12  7 11  0  0  0  0   
200a   0  0 10  9 10  7  9  9  9 10    9  9  9  9  8  7 10  9  9  9    9  8 10 10 10  8  8  8  7  8    8 10 11 10 10  8 13  9 12  9   
200b   8  8 10  8  9  8  7  7  8  9   10 11  9  9 10  7 10  8  9  8    7  9  9 10  9 10 10  9  9  7   10  7  8 11  5 13  0  0  0  0   
201a   0  0 11  7  9 11  7  8 10  8    8  7  5  9  9  8 10  8  8 10   10  9  7  6  9  9  7  8  7  9    8  7  8  9  8  8  9 11  8  8   
201b  10 10  8  8  8  9 11  8  7  9    9 10  9 10  9 11  9  8 10 10   10  8  8  9  7  7  8  8 10  9   11 10  7  7 10  9  0  0  0  0   
202a   0  0  8  8 10  9  9  6 10  7   11  9 10  6  8  8  9  7  8 11   10 10 11  8  9  9 10 12  7  9    8 10  9  9  8  9 10 11  8 10   
202b  10  8 10 11  8  9  9  7  9 10    8  7 10  8  8 10 10 10 10 11    9 10  9  9  8  9  9  8  9  8   10 10  8  9  8 10  0  0  0  0   
203a   0  0  9  9  9  8  8  9 10 10   10  7  8 10  7 10 10 10  9  9    9  8  8  8  9  8  8  8 10  9    8  8  9  9  9 10 12  8  8  9   
203b  13 10 12 12  8  7  7  6  6  9    9  8  9 10  7  8  7  9  7 10    8 10  7  8  7 10  9  8  8  7    9  9  9  9  8  9  0  0  0  0   
204a   0  0  8  7 10  9 11  9  8  8    8  8  9  9 10 11  9 11  9  8    9  9  7  7  8 10  6 11  9  8    7 10 10 10 10  8 10  9 10  9   
204b   9  9  9 12  9  7  9  7  9  9    9  9  7 10  8  9 10  8  9 10   10 12 10  9  9  8  8  7 10 10   10  8 11 12  8 11  0  0  0  0   
205a   0  0  7  8  7 11 10  9  7 12    8 10  9  5  9 10  8 10  9 11    9  8  7 10  7 10  6  8  8  8   10  8  8  8  8  9  9  9 12 11   
205b   9 12 10  8 10  9  7  7  9 10    8  7  9  7 11 10  7 10 10  7   11  9  8  9  9 10  8  9  8  9   10 10  9 11  9  8  0  0  0  0   
206a   0  0  7  7 10 10 10  9  8 10    9 11  8  9  7  9  9  9  9  8    9  7  8  7  8  7  7  7  8  8    7  8  7 10  9 10  8  9 10  8   
206b   7 11  9  8 10  9  8  9 10  8    9 11  9  8 10  9  8  8 10  9    9  9  8  8  8  8 10  7  9  9    9  8  8  8 10 11  0  0  0  0   
207a   0  0  8  9  9  9 11  8  9  7    9  7  7  8  8 10  9  8  8 12    9  9  7  6  7 12  8  8 10  9   10  8  9 11  9  9 10 12  6  8   
207b  10 10  8  7  8 11 11 12  7 11   10 10  9  9  8 12  8 10 10  9    7  9  8 10  7  9  9  9  9  7    6  9  8  8 10 11  0  0  0  0   
208a   0  0  9  7  9  9 13 10  8 11    9  8  8 10  8 10 11  8  9  7    9 11  8 12 10 10  9 14 11 11    8  8 10  9  9  8 10 11  9 10   
208b   9  8  7 10 10  9  9  8 10  9    9  7 10  9  9  9  9  9  9 10    9  8  9  9  8  8 10 11  8  9    9  7 10 10  8 10  0  0  0  0   
209a   0  0 10  9  7  9  8 11 12 10    9  9  8  8  9 13  7  8  8 10   10  9  8  8  9  9 10  7 10 10    5  8  8  9  9  8  7  9 10  9   
209b   9  8 10 12 14  9  9  8 10 10   10  7 12  8 11  8  8  9  9  8   12  9  8  9 10 10 10  6  8  8    9  9 10  8  7  8  0  0  0  0   
210a   0  0 10 11 10  8 10 12  8  9    8  8  8  9 10  7 10 10  8 10   10  7  9 11 11  8  9  7 10  9    8  8  8 11 10  7 10 12 12 11   
210b   8  9 10  9  8 10  9  8  7  9   11  7 10  8 11 10  9  7  8  8    8 13  9  9  9  8 10 10  7 10   10  8 10  9  8  8  0  0  0  0   
211a   0  0 10  9 10  8  9  8  9 10    7 10  8  7  9  9 11  8  9 10    9  9  9  8  8  8  9  8 10  8    8  6 10  9  8 10  9 10  8  9   
211b   9 10  8  8  9  9  8  8  9 11   12  9  9  9  9  9  8 11  9 14    9  9  9  8  9 10 12  6  9 10    8 11  8  9  9  8  0  0  0  0   
212a   0  0  7  9 10  7  7 10  8  9   10  8  7  7  9  8  8  8  8  9    9 10  9  8  9  8  8  9 11 10    8  7  8  8  9 10  8 10 10 10   
212b  10 10  7 10 11  8  7  8  8  8    6  8 11  9 10 11  8  8  9 11    8  9  9  9 13  8  9  9  8 10    9  7  9 10 10  9  0  0  0  0   
213a   0  0  9  9  9  9  6 11 13 12    8 10  8  9 12  8  8  8  7 12    9  9  8  8 10 10  9  7 10 11    7 12 10  9  9  8  8  9 10 10   
213b  10  9  8  9  9  6  7  9  7  7    9  9  9 11  9 11  9  7 10 10    8 10 10 11  8  8 11  9  8  8    9  8  8  8 10  8  0  0  0  0   
214a   0  0  8  9  9 10  9  8  8 11    7  7  9  8  8  7 10  8  9  9   10  8  7  8  8  9  8  9  8 12   10  8 10  9 11  7  7  9  9  8   
214b  10 10 11  8  8  8  9 11  8 10   10 10  8 10  9  8 12 11  9 11    9  9  9  9  8  7 10 10 11 10   12  9 10 10  9  8  0  0  0  0   
215a   0  0 10  5 10  7  7  9 11  9    7  7  6  9 10  8  8 10 11 10    8 11  8 11  9  9 10  6  8  7    8 10  9  9  9  9  8 10  8  8   
215b   8  7  9 10  6  9  9  9  8  8    8 10 10  8 10 10  9  8  9  8    9  8  9  7 10  8 10 10 11 10    9  9  9  9  8  8  0  0  0  0   
216a   0  0  7  9  9  8  9  9  8  8    8 11  6  9  8  7  9 11 10 10    8 11  8  8  9  9  8  9  9 10    9  8 11 10  7  7  8 11 10  8   
216b  10 11  9 11 10 10  9  9  8  8    8  8  9  9  7  9  7  7  9 10   10  9  8 10  7 12 11 10 10  8    7 12  9  8  8  7  0  0  0  0   
217a   0  0  7  8  8  8 11  7  7 10    8  8  9  8  9 12 10  9  8 11    7  9  8 12 10 10  8  9 10  8    7  7  9  8 10 11  8 12  8 11   
217b  12  9  8 12  7 10  9  6  9 10   10 10  9  9  7  8  9 11  9 10   10  9 11  9  8  8 10  8 11 11    8  8  9  9  8 10  0  0  0  0   
218a   0  0  7  8 10  8  9  7  8  9    8 10  7  8  7  8 11  9 10  9    7  8  7  7 10  9  9  8 10  9   11  9  9  8  8  9  8  8  9  8   
218b  11 10  8  8  9 11  7  7  9  8    8  9  9 10 10  7  9  6 10  7    9  9  8 11  8  9  8 10 10  8    8 10  9 11  9  7  0  0  0  0   
219a   0  0  9  9  8  8 11  8  8  8   11 11  8  9  8  9  9 10  9  9    8 13  8  7 11  9  7  8 10 13    8  9  8  9  9  7  8 10  8  9   
219b   8  8  9  9  9 10  9  9  7  9    9  7  9  8 11  8  9  9  9 10    9  9  9 10  9  9 10  9  9  7    7  8  8  7  9  8  0  0  0  0   
220a   0  0  8  7  9  8  8  8  8 10   11  9  8  8  8  9  8  8  7 11    9  8  7  9  9  9  7  9 11 11    7  9  9 12 10 10 11 12  8  8   
220b   9 10  9 10  8  9  8  9  9  7    9  8  9 10  8 10  7 10  8 10    9  9  9 10  8  9 10  8  7 10    9  9  8  9  8 10  0  0  0  0   
221a   0  0  7  9  9  7  7  8 10  8    6  9  9  7  9  8 10 11 10  9    9  9  7 10 11 10  9  8  8  9    6  9  8  9  8  9  9  9  9  9   
221b   8  9 10  9 10  9  9 11 10 10    7 10  8  8  8 10  8  9  9  9   10  9  9  7  8  9  9 11 10  8    7  8  9  8  9  7  0  0  0  0   
222a   0  0  9  8 10 10  8  9 11 10   11 10  9  6  7 10  6 10  7  9    9  8  8  7 14 11  7  9  8  7    8  8  9 10  8  7  8  8  8 10   
222b   9  8  9  8 10  9 11 10  8  7    8 10  9  8 10 12  9 11  7  9    9  8  8 11  8  7  7  8  9  7    9 10  8 11  8  8  0  0  0  0   
223a   0  0  7  7 11 12 10  9 10  9    8 10  8  8 11 11 10  8  8  8    8  8 12  9  9 10  8  8 10 12    8  7  9 11  9 10  8  9 10 10   
223b   9  8 10  7  9 11  7 10  8 10    8  8  9  8  7 10 11  9  7 12    9  8  8 10  9  9  8 10 10  8    7 10  9  9  7 11  0  0  0  0   
224a   0  0  9  7  9 11 10  7 10  9    7  8  8  7  9  8 12  9  8  8    8  9  9  6 10 10  8  9  8 10   13  7  9  8  8  8 11  9  9  9   
224b  11 11 10 10  9  9  9  8 10  8    8  7  9  7  7  8  7  9  9  9    8 10  8  8  9  9  7 10  9 12   11 10  8 10  7  9  0  0  0  0   
225a   0  0 10  8  7 10  9 10  8  7    8 11  8  9  8  9  8  8  9  9    8  9 11  8 11  9  7  8 12  9   10 10 11 11  9 12  7  8  9  9   
225b   7  9  7 11  9 11  8  9  9  8    6  8  8 11  9  8  9 11  9  7    9  8  8 10  7  7  9  9  7  8    8  9  8  7 10  9  0  0  0  0   
226a   0  0  9  9 11  9 11 11  8  7   12  8 10  8  9  9 10  9  9 10   11  9  9  9  7  8  8  8 10  9    8 10 12 10  8 12 10 11 10 10   
226b   9  9  8  8  8  9  8  8  8 10    8  7 11 10 12  9  7  7  8  8   11  7  9  8 10 10 10 10  9 10    7 10  9  9  7  8  0  0  0  0   
227a   0  0  8  9  9  9  7  8  9 10    9  9 10  9  7  9  8  9  8  7   10  9 10  8  9  9 10  9 10 11    8  8  9 12  9  9  8 10  8  9   
227b  10 10 10 10  8  6  9  9 10  8    7  7  8  9  8  9 11  9 11  8    8 11  9  8  9 10  9  8  7  8   10  8  9  7  8  8  0  0  0  0   
228a   0  0  7  8  9  8  9  7  8 10    9  8  8  7  9 10 10 10 10  8   10  8  8  8  8  9  8  8  8 10   10  9  7  9 10  8  9 10 10 11   
228b   9 10  9 12  6  9  9  8  8  8    9 10 11 10 12  9 12 11  7 12    7  7  9  9  9  7  8  9  7 12   10  8  8 10  8  9  0  0  0  0   
229a   0  0 10  6 10  8  7  9 10 10   10 10  9  9  9  8  9 10  8  8    9  9  9  8  7  8 10  9  9  9    7  9  8  9  6  9  7 10  7  9   
229b   8 13  6 10 11 12  7  9  7 10   10 10  8  7  8 11  8 10  9  9    7  9  9  8  9  7  8  9  9 10    8  9 10  7 10  9  0  0  0  0   
230a   0  0 10 10 12 10  9  8 10  8    8  7 10  8  8  9  7  8  8  8    7  9  9  9  9  7  8 10 12  9    8  8  9  8  9  7  9 10  8 10   
230b   9 11  9  8 10  8  8  7  9 10    7  9  9  8 11  7  9  8 12 10    9  9  6 12 11  9 10  9  6  8   10  8  9  9 10  8  0  0  0  0   
231a   0  0  8  8  9  9  9 11  9  8    7  9  9  8  8 11  9  7  8 10   10  8 10  7  9  9 10  9  8  9    9  7  8  9  8  9  9  8  9  8   
231b   9  9 11  8  9 10  7 10  8 10   11  8  9  9  8  9 10 13 11  8    8  8  6  8 10  9  8 12  7  8    8  9  8  7 10 11  0  0  0  0   
232a   0  0 10  8  9  9 11 10  8  9    7 11  9  8  9  9  9  8 10  9    7 10  7 11 11  9  9  8  9 10    9 10  7  9  9 10  9  7  9  9   
232b  10  8 12  7  7  9 10  8  8 10    8  7  9 12  8 10  9 12  7  8   11  9 11 11 10  9  9  6  6  9   11  9  8  9  8 10  0  0  0  0   
233a   0  0  9  7 10  8  7  7  8  8    9  9  6  5 10 10  9  7  9 11   10  8  9 12 10 10 11  8 10  9    8  8  9 13  9 10  9  9  8  7   
233b   8  9  9 10 10  7  7  9 11 10    8  8 10 13  9  8  9  9  8  8    8 10  8  9 10  7 11  9 11  9    7 10  9  8  9  8  0  0  0  0   
234a   0  0  9  9  9  8  8 11 11  8    8  8  7  9  9  7  9 10  7  9    9  8  9  8  9  9  8  7  9  7    9  7  8 11  7  8  9  7  9  8   
234b  10 10 11  9 12  9 12  7  8  9    7  8 11 10  9  7  8  9  9 12   10  9  8 10 10  7  8  9 11  9   10  9  8  7 10  9  0  0  0  0   
235a   0  0  8  9  9  8  8 13  8 10    9  8  8  9  9  6 12 10 10  9    8  8  8  9  7 10  8  8 10  9    8  9 13 11  8  9  9 11  8 10   
235b   8  8  9 11  9  8  9  7  8  8    9  9  8  9 11 10  8 10  7  8    9  8  8  9  9  8  7  8  9  7   10  9  8 11  9  9  0  0  0  0   
236a   0  0  8 11  8 10  9  8  8  9    8  9  7  9  8  8 10  7  9  8    9 10  9 10  8  9 10 11  9  7    9  8  9 10 10 11  9 10 11 12   
236b   9  9  9  9  8  8  8 10  9  9    7  9  9  9 11  9  8  8  9  7    9 11 11  9  8  9  8  9 10  8   10 10  9  8  6 10  0  0  0  0   
237a   0  0  9  9 11  9 12 10  9 11   11  9 10  7  9  8 10  9  9  8    8  9  8  8 10  9  7  6  9  8    8  9  9  9 10  8  7  7  9 10   
237b  10  9 11  9  9  7  7 11 10  9   11  6 10  9 11  9  8 11  8 10   10 11 10 12  9  9 10  9  8 10   10  8  8 10  9  8  0  0  0  0   
238a   0  0  8  8 10  8 10  9 13  8    8  9  7  7 11  8 10 11  7  9    9  9  8  8  9  8  7  8 10 11    7  8  8  8 11  8  9  7 11 11   
238b   8 10 11  8  8  8 10 11  8  8    8 10 11  8  9  9  9  8 10  8    8  9  9  9  9  9  9 10  9 10    8  8  7  8  6  8  0  0  0  0   
239a   0  0  7  9 11 10  8  8  9  8    7 10  8  9  8  7  9  9  9  9   12 11  9  6 10 11  8  7 12 10   11  9  6  9 10 10 11 12  8 11   
239b  11 10  9 12 13  8 11 10  5  8    7  7 10 10  9 10  8  7 12  9   10  7  9  8  9 10  8 10  8  9   12  9  9  8  7  9  0  0  0  0   
240a   0  0  7 10  9  8  8 10  9  7   10 10 10 11  8 10 10  8  9  7    8  7 10 12 10  6  8  7  6 11    7  7  8  9  7 11  8  9 11 12   
240b   9 11 10  9  8  8  8 10 10 10    9  8 11 10 10  9  8 10 10  9    8 11  6  9  7  9 11  9  9  8    6  9 10  9  8  9  0  0  0  0   
241a   0  0  9  8  8 15  9  7  8  9    9  8  7  6 11  8 11  7  7  7   10  8  6  9  9  9  8 12 10 10    8  9 11 10 10  8 10 11 10 10   
241b   9 10  9  9  9  9  6  9  9 10   12  9  9 10  8 11 11 11 10  8    9  8 12  9 10 10  9  7 11  8    8 12  9  7  8 11  0  0  0  0   
242a   0  0  7 10  9 12  8 10  8  8    9  9  8 10  8  9 10  9  7 10   10  9  8  9 11  8 10  9  8  9    8  9  7  7  9  8 10 12  9  8   
242b  12 12  8  8  9  8 11  8  8  7    7  8  9  8 10 10 11 10  8  9    9  9  8  8  9 11  7  9  9  7    9 10  6  8 10  7  0  0  0  0   
243a   0  0  9 10  7  8 10 11  9  8    8  6 10 11  9  8  9 11 10  9    9  9  9  9 10 10  9  7  9  9    7 10  9  7  7  9 10 10  9  8   
243b  10  9  9 11 11  9 11  7 11 10    9  8  9  9  9 10 14  9 12  9    8  8  9  8  9  9  8 13 10  9    8  7  6  9  8  8  0  0  0  0   
244a   0  0  9  7  8 10  7 10  9  8    8  8  7 10  0 10  7 10  8  9    8  9  6  9  9  8  7  8  7  6    9  9  9  9  8 12  7 12  7  9   
244b   8  9  9  8 10  9  9  9  9 10    8  8 11  7 10 11  9  7  9  8    9  9  9  8  8  9  9  8 10  9    7  8  7  9  7  8  0  0  0  0   
245a   0  0 10  8  7  7  7  8  9  9   10  8  9 10  8  9 12  8 10 10    9 10  8  8  8  8  7  8  9  8    7  9  9  9  9  9  9  8  8 10   
245b   8 10  9  9  7 10  8  8  8  7   10  7 10 11  7  9  9  8 11  8   14  9  9 11  9  7  8 10  7  9    9  8 13  7 12  8  0  0  0  0   
246a   0  0  9  8 10  9  7  7  9  7    9 10  8  6 11  9 11  8  9  8    9  7  7  8 10  8 12  9 10  8   11  8  8  9  8  9 11  9  7  9   
246b  10  9 10  9  7  9  9  8 11  9    8  8 11  9 10 10  8  9  9  8    9  8  8  9 10  9 10  9  9  8    7  9  7  9  8  9  0  0  0  0   
247a   0  0  6  7  8  8 11  9  9  9    8  8  8  7 11  9  9  8  7  8    8  8  8  9  8  8  9 11  9 11    7 11 10  9 10 10 10 11  8  8   
247b   9  9 10  7  6  8  7 10  9  9    8  8 10 10 11 11  8  7  8  8    9  7  8  8 10  8  8  9  8  9    9  9  8 10  7  8  0  0  0  0   
248a   0  0  9 10  9  9 10  9  9  9    8  8  8  8 10  8  9  9  8  9   12  8 10  7  8  8  8 10 11  9    9  6 11  9  9  8 11 10  9  9   
248b  10 10  9 10  7  9  8  8 11  9   11  9 10  8 11  8  8  9  9  9    8  9  7  7  9  8  8 11 10  9    8  9  9  9  6  9  0  0  0  0   
249a   0  0  9  7  8 11  7  8  9 10    8  7  9  8  8  6  9  9 10  8    9 12  9  9  8 11  9  8  8  7    7  9 10  8  7 11  9 10  7 10   
249b   9  9  8 11  9  8  7  8 10  7    8  9 10  9  8  8 10 11  9 11   10  8  9  6  6  9 10 10  8  8    9  7 10 11  9  9  0  0  0  0   
250a   0  0  8  8 10  9 12  8 10  7    8 11 10  9  9  8 11  8  9  7   10  9  9  7  9  8  8 10  8 10    9  7  8 11  9 11  7  9 11  8   
250b  11  7 10  8 10 11 10  8  7  8    8  8  8  9  8  9  8  8 11  9    8  9 10 10  9  8  7 10  8  9    8  9  9  9  8  7  0  0  0  0   
251a   0  0  9  9 10  7 10 10 10  9    8  9 10  7  9  8 10  9  7  8    7 10 13  8  9 10  8  8  9  9    9  6  9  9  9 10  9  8  8  9   
251b  10 10  7  9  9 12  9  8  8  9    8  7  9 10  7  8  8  8 11  9    8  8  8  9  9  8  6  8 11  8    8 10  7 10  7  9  0  0  0  0   
252a   0  0  8  9  7  9  9 10 11  8   10  8  8 10 10 10  9  8  8  8    9  9  9  9  8  8 10  9  7  9    8  8  8  7  9  8 10 10  9  9   
252b  11  9 10  9  7 10 11 10  7 10    8 12  8  8  9 11 11 13 10  9   11 11  9 10  9  8  9  7  8  9   10  7  7  9  7  8  0  0  0  0   
253a   0  0  9  7  9  9  8  8  8  8    9 11 11  8  7  8  8 10  9  9   10  9  7 10 11  9  8  9  9 11    8  9  8 10  7  7  9 10 11 10   
253b   9  9  8 10  9 10  9  8  7  8    6  8  8  8  9  9 11  7  9  9   10 11 11  9  7  8  9  8  9  8    8 11 10 10  9  9  0  0  0  0   
254a   0  0  7  9 11  7  9  9  8  7    9  8 10  7 10  8  9 11  9  9   10  8 11  7  8  9  9  7  6 10    9  6 11  7 10 11  7 11 13  9   
254b   9 13 10  9  8 10  9 10  7  7    9  8  8 12  9  9  7  8  8 10    8  9  7  9  9  8 10  9  8  9    7  7  9 10 10 10  0  0  0  0   
255a   0  0  9  8 10  9  9  7  8  9    7 10 10  8  8  8 12  7 10  9   10 10  8  9  9  9 10  9  9 11    8  9  9  9  9  8 11  8  9  8   
255b  10  9  9 10  8  9 10 10  9  9    6  8  9  9  7 10  7 11 10  8    9 10  7 11  8  8  9  9  7 10    7  8  7  9  8  8  0  0  0  0   
256a   0  0  7  8  8 10 11 10  9 11    9  9  7  8 11  8  9  7 11  9    9  9  6  8  9  7  7  8  8  7    7 10  9  8  9 10  9  9 10  1   
256b  10  9  9  9 11 11  7  7  7  8   10  9 10  9  9 10  9 10  7 10    7  9  8  8  9  9  9 13  8  9    8 10  9  8  8  8  0  0  0  0   
257a   0  0  7  8  8  9 15 10  9 10    8  9  8  8  8  9  8  8 10  9   12  7 11  7  8  9  8  7 10  9    9  7 10  8  7  8 10  9  8 10   
257b  10  9 10  8  8  9 10  7  8  9    8  7  6 10  9  8  8  7  8  8    9 10  9  9 10  7 10  8  9 10    8  7  9  9 11  9  0  0  0  0   
258a   0  0  7  9  9  9  8  8  9  9   10  9  9  9 10  9  8  9 10 11   12  9  8  8 10  9 11  8 10 10    8  9  9  9  8 10  9 13  9  9   
258b   8  8 10 11  8  8 11  9  9  7    8 11 11 12 10  7 10 11  7  7    9  7  9 11 10  6 10  9 10  7   10  8  8  8  8  8  0  0  0  0   
259a   0  0  7  7  7 11 10 10  8 10   11  8  9 11  8  9  8 10 12  9   10  8  8  8  9 11  8  9  8  9    8 10  8 10  7  8 11  8  8 11   
259b   8  9 10 10  9  9  7  9 12  8   10  8  9 10 11  8  8  8  7  8    9  8  9  9  7  9  9  9  9 11    8 10  9  8 12  9  0  0  0  0   
260a   0  0  8 10  7  7  8  9 10  9    8  7  8  9  9 10  8  9  8  9    8  9  7  7  9  8 10  6  9  8   12  6 10  9  9 10  9  9 10  9   
260b  10 10 10 10  9 10  9 14 10  7   10  9  9  9  9  9  7  8  7  9    9  9  9 10  8  9 10 10  9 10    9  9  9  7  9  9  0  0  0  0   
261a   0  0  8  7  9  8  7  8  9  9   10 11  8  8  8 11  8  9  8  7    8  9 10  9  9  7 10  9  9  8   10  8  9 10  7 10  9  8  9 11   
261b   9 10 10 11  8  9  8  8  7  8   10  7  8  7  9  9  9 11  7  9    9 11  8 10  9  9 10  9  6  9   10  9  9  7  9  9  0  0  0  0   
262a   0  0  7  8  8  9  7  9  8  7    6 10  8 10  9 10 10  7  9  9    8 10 10  8  9 10  8  8  8  9    6  7 10 11  9  8  8  9  9  9   
262b  10  8  9 10  9  9  7 10 10  8   10 12  9  9  9  8 10  8  7  9    8  9  7  9  9  9 10 11  8  9   10  8  7  8  7  8  0  0  0  0   
263a   0  0 10  7  9  9 10  9  8 10    9 11  8  7  8  9 11  8  7 12    8  8  8  7  9 10  8  8 11  8    6 10  9  8  9  8  8 11 10  9   
263b   9  9 10  9  6  6  9  9  9  8    8  9  8  9 11  8 10  9 10 10    5  8  9  7  9 11  9  9  7  7    9  9  9 10  8  8  0  0  0  0   
264a   0  0  9  7  9  9 10 10  9  9    7  9 10  9  8  7  8  9  8 11    7  9  7  7  8  9  8  8  9  9    9  9 12  9 11  9  8 10  9 10   
264b   9 10 10 11  8 11  8  8 10 11    9 10  8  9  7  9  9  8  7  8   10  9 10  8  7  8 11  7  9  8    7  8  7  8  8  7  0  0  0  0   
265a   0  0 11 10  9 11  9  7  8 11    9  9  6  7  7  8  7  8  9  9    8  9  8 10  8  9  8 10  8 10    6  6  8  9 12  9 10  9  8  9   
265b  10  8  8  7  8  9 10  8 10 11    8  7  8  9 10 11  7  7  9  8    8  7 11  9  9 13  7  8  8  8    7 10  8  8  9  8  0  0  0  0   
266a   0  0  7  9  9  9  8  9 11  9    9 11  8  8  8 12 11  8  8 10    9  9  8  9  9 12  9  8 10 10    9  9  9  9  8  8  8 10  8 10   
266b  10  9  9  9  9  8  7 10 13 10    9  9 13  9  9 10  8 10 12  8    8  8 10 10  8  9  8 13 10 10    9  8  7  9 10  7  0  0  0  0   
267a   0  0  6  8  8  9  8  9 10  7    8  9 10  9  7  7  7 10  8  8    7 11  8  9  8  7  7  7  9  9    9  8  9  9 10  8 12  7  8  8   
267b   8 11 10  7 10  7  9 10  7  9   11  7  7  7  8  9  9  9 10  9    9  9  9  8  8  6  7 11 10  9    8  8  9  9  9  9  0  0  0  0   
268a   0  0  9  8  9  8 11 12  9  8   10  9  8  8 12  7  7  8  9  9    9 10  9  9 11 11 10  7  9 10   10  8 11  8 10  9 10 12  9 12   
268b  10 10  9 11  9  7  9  9  9  9   11 11 10  8  8  8  9  9 10 10    8  8  9  7  8 11 10  9  8  9    6  9  8  8 10  9  0  0  0  0   
269a   0  0  7  8  8  8  9  8 10 12    8 10  7  9  8  8 11 10  7  9   11  9  8  9 10  9  9  8  9 10   11  9  9  7  9  9 12 10  8 12   
269b   7 10 10  9  9  9  8  6 10 11    9  9  9 11 10  8  9  8 10 10    9  8  9  9  8 11  8  8  9  9    9  7  7  8 11  7  0  0  0  0   
270a   0  0  9  9 10  8  6 11 11  8    8 10  9  8  9  8  8  8  8  7   10 10 11  7  8 10 12  9  8 10    8 10  9 12  9 10 11  9 10 10   
270b   9 12 10  9  7 11  8 10  7  8   11  9  9  8  9 11 10 11  8  8    9 10  9 10 10  8  8  9  7  7    8  9 11  6  8  8  0  0  0  0   
271a   0  0  9  9  8 10  8 13 11 10   10 10  9  7  6 12  7 10 10  8   10  8  8  8  8  9  8  8 10 11   10  9  8 10  8  9 14 13  9 10   
271b   9 11  9 10  8  9  7  7 10  8    8  8 10  9  8 10  9  7  9 10    7  9 10  8  8  9 10 12  9  9   10  8  8 10  8 10  0  0  0  0   
272a   0  0  8 10 10  8 10  8  9  7    8  8  8 10  8 10  8  7 10 10    6  9 10  8  9  8  6  8  8  9    9  7  8  9  7  8  7 10 10  9   
272b  10  8  7  8  9  9  9  8  8  9   10 11 12  8 10  7 10  8  9 11    7  8  9  9  7  9  7  7  8  9    9  9  8  9  9 10  0  0  0  0   
273a   0  0  8 10 10  7 10  9  9  7   10 10  8  6 10 10 11 12  9  7   10  9  8  8  8  6  7  8 11  9   10 10 10  7  7  9  9  8 10 10   
273b  11  9  8  8  8  9  9 10  8 10    7  9 11  7 10 10  8  9  7 10   10  8 10  9 10 10  9  9  9 10    8  7 10  8  8 11  0  0  0  0   
274a   0  0  9  7  8 10  8  9  7 11    9  8  8  6  9  9  9 10  8  8    8 10 11 10  8  7  9 10  9  9    8  7  9  9 12  9 12  8  9 10   
274b   9 11  8 11  8  7  9 11  7  8   10  9 10  9  9 10  8  8  8  9    8  8  8  9  8 10 12 10  9 10   10  9  8 10 12  8  0  0  0  0   
275a   0  0 11  8 12  9  8 10  7  9   10  8  7  9  8  7  9  8  9 10    9  6  7 10  7 10  8  9  8  8   11  9 10  9  8  8  9 11  9 10   
275b  12 11  8 11  6  7  9 10  7 12    8  5  8  7 11 10  9  7 10  9    9  8  9  8  8  9  8 10  9 11    9 13 10 10  7 10  0  0  0  0   
276a   0  0  8  8 10  7  8 10 10  8   10  9  8  8  7 10  9 10  7 10    8 11  8 10 12 10  9  7  9 10    7 10  8  9  8  8  8 10  9  9   
276b   8 10  7  8  8 10  9  7  8 11    9  9  8  9  9  9  9  8  9  9    7  7  8  9 10 10  9  8 10  7   10 10 10  9  9  9  0  0  0  0   
277a   0  0  9  7  9  9  7  9 10 10   10  7  7  9  7  7 10  9 10  9   11 10  9  9 10 10  9  9 10  9    9  9 10 10  8 11 10 10 10  9   
277b   8  7 10  8  8  9  8 12  8  7    8  8 10  8 10 10  8  9  7 11    8 10 10 10  7  9  9  8  8 10    9  7  8  7 10  9  0  0  0  0   
278a   0  0  9  7 10 10  8  9 10  9    9 11  6  6 10  9  7 11  8  9    9 10  9  8  9 10  8  8 10  8    8  7  9  8  8  7  9  8  9  8   
278b   9  6 10 10  8 11 11  8  9  9    8  9 10 13 10 11  9 10  8 10    7  7  8 10 10  8  8  8  8  6    8 11  8  9  9  8  0  0  0  0   
279a   0  0 10  7  7  9 10  7 12 11    9  9  8  9 11 10  8 10  9  7   12 10  6  9  8  9  9  8 10  8    9  9  9  8 10 10  9  7  9 11   
279b  11  9  9  9  9 10  9 10  9  6    7  7  8 10  8  9 10  9  6  7   10  8  9  8  8  9  8 10  8  9    8 10 10 10 10  8  0  0  0  0   
280a   0  0  6  8  8  8  9  8  8 10    9  8  8  7  9 11 11  9 10  8    9  9  8 11  8 10 12  9  9 10   11 10  9  9 10  8  8 10  8  9   
280b  10 11 10  9  9  8  8  7  9 12    8 10  8  9  8 10 10  9  8  7    9  8  8  7  8 11 10  8  9  9    9  9  8  9  7 11  0  0  0  0   
281a   0  0  8 10  8 10  9  9  7  8   10  8 11  9  9  8  9  9  9  8    8  8  8  8  7 11  7  8  8  7   10  9 10 10  9 10 10  9 10  8   
281b   9 10  8 10  8  9  9  7  8  6    9 10 10  9 10  9  9 10  7  8    9 10  7 10 11  8  9  6 10  8   10  9  9 11 11  8  0  0  0  0   
282a   0  0  7  8 13 11  8 10  9  7    8 10  9  8  8 10 11  8 11  8   10  8  9 11  9 10  7  6  9 10    7  7  9 10  7  8  9 10  7 10   
282b  11  8  8 11 11 11 10  9  9  9   10 10  9  8  7  8  8 10  9  8    5  9  9  8  7  7 10  8  7 10    9 10  8  8  9  8  0  0  0  0   
283a   0  0  7  9 10 11 10  9 11  8   10  9  7  8  8 10  8  9 11  9    8  8  8  8 12 10 10 10  8 11   10  9  9  9  8  8  9 11 10  7   
283b  10 10 10 11 10  8  7 10  7  6   11  6  8 11  9  9  9 11 10 10   11  7  8  9  8  9  9  8  7  9   10  9 11 10  9  9  0  0  0  0   
284a   0  0  7  9  8  8  9 10 10  8    9  8  9 12  8  9  8 10 13  9   10 10  9  8  8  9  8  9  9  9    9  7  9 11  9  6 11  9  9  9   
284b  10 10 10  8  9 12 10 14 11 10    8  8  9 10 10 10  8  9  8  9    9  9  8 10  8  9 12 11 10 10    9 10 10 10  9  8  0  0  0  0   
285a   0  0  8  8  9 10 10  8  8  6    7  9  8 11 11  8  9  8 10  8    7  6  9  7  9  7  8  8  9  8    9 11  9  9  9  9 10 10  9  9   
285b   8 12  8 10  7  8 10  9  8 10    8  8  9  9  9  9 10 11  7  9    9  9  8  8  8  9  9  9  7 10    9  9 11  7  9  7  0  0  0  0   
286a   0  0  9  6  7  8 10  9 10  8    9  8  7  9 10  9  6  9  9  8    7  8  8 10  9  9  8  8  7  8    9  8  9  9  8  6  8 10 10 10   
286b  10  9  9  7  9  7  9  9  6  9    9 10  9 11  9  7  9  9  9  7    7  8  9  9  9  6  8 10  9  9   10  8  9 10 10  7  0  0  0  0   
287a   0  0 10  7  7  8  7 10  9  8   11  9  7  6  8  9  9  8  8  7    8  8  9  7  7 10  9  7  9  9    8  9  8  9 11  9  8 10 12  9   
287b   9  9  8  7 12 11  8 10  9  9    8 10 10  9  8  8 12  8  8  7    8 10  7 12 10  7  9  9  8  9    8  9 10 12 10 10  0  0  0  0   
288a   0  0 10  8  8  9  9  9  7  8    8 10  8  7  7  8  9  8  5  9    8  9  7  8 11 11  7  7  8  8    8 11 11  9  8  9  8 11  9 10   
288b   8  7 11  8  9 11  6  9  7 10    9  8 10  9  8  8  9  9  9  9   10 11  7  8  9  9  6  7  8  7    9  8  8 10  9  7  0  0  0  0   
289a   0  0  9  9  8  8 11  7  7  9    8  8  6  7  9  8  7  7 10  8   11  9  9 10  9  8  7  8  7  9   10 11 10  9  8  9  9  9  9 11   
289b   8 10  8 11  7  9 10 10  8  9    9  9  7 10  8 10  9  8  7  8   11  9  8 11 12  9  7  9 11  7    8  9  8  9  9 10  0  0  0  0   
290a   0  0  9  8 12  9  9  7  9  7    8  8  8 11  9  9 10 11  8  8    8  9  8  8  9  9 10  7  9  9   10  8  9 10  8 10  7  8 10  9   
290b  11  8  9 10  7  8  7  7 11 11    8 10 10  8  9  9 11 11  8  7   10  8  9  9  9  9  9  9  9  8    7  9 11 10  7  8  0  0  0  0   
291a   0  0  8 10  9  9 12  8  8  8    9  8  7  5 11 10  8  7  9  7    9  9  9  7  8  9 10  9 12  9    8  8 10 10  8  7  8  9  9  8   
291b  11 11  9  9  8 10  8  8  7  8    9 10  7 11 10  8  8 10 10 10    8 11 11  7 10  7  9  8  8  8    7  8 10  8  6  8  0  0  0  0   
292a   0  0 10  9  7  9 11  9 10  8    9  8  9 10  9  8  6  9  8  9    8  9  8  7  9  8  8  6  8  8    7 10 11  9  7 10  9  9 10  8   
292b  10 10  8 11  8  8 10 11 10  8    9  7 10 11  8 10  8  8  9  9   12  6  8  8  8 11 10  7 11  9    8  8 11  8  5  9  0  0  0  0   
293a   0  0  9  8  7 11  8  9  8  7    9  9 13 10  7  8  9  9  8  9   11 10  9  7 10 10 10  8 13 10    6  9  7  9  9  7  7  9  9  9   
293b   8  9  8  7  8  7  8 10 10 10   12  7  8  9  9  9  9  9  9  9    9 12  8 10  8  7  8 10  8 11   10  7  7  8  8  9  0  0  0  0   
294a   0  0  7  8  9  7  7 10  8 10    8 10  9  9 10  8  9  9 11  9   11  8  7 10  7  9  8 13  7 11   11  9  9  9  8  9 11 10  8  8   
294b  10  8  8  8  8 10  8  9  7  7    9 11 11  7  8  9 10  9  9  7    8  7 10 11  8  7  7  8  8  8    8  8  8  7  8  8  0  0  0  0   
295a   0  0  6  8  9  9  9 11  8 11    9  8  7  8  8  9  8  8 10  8    8  9  8  6  8 11  8  9  9  8    9 10  9 11  8  6  9  9 11  8   
295b   9  8  8 10  6  9  9  9  8  8    7  9  8 13  9  9  9 10  8  9    9  9 10  6  9 12  8  9  6  9    9  8  9 11  7  9  0  0  0  0   
296a   0  0  8 10  9  8  8 10  9 11    9  9  8  9  7  9  8  8  8  8   10  9  7  9  8  8  9  8  8  8    7 10 10  7  7  8  9 10  8  9   
296b   9 10 11  8 12  9  6  9  9  7   10 12 10 10 11  9  8 10  8  9   11  9  7 10  9  8  7  9  9  7   11 10  8  6  8 11  0  0  0  0   
297a   0  0  8  8 10 12 10  7  9  8    8 10  9 12  9 10 10  7 10 11    9 10  8  8  9 10  9 10  8  8    9  8 10 10  8 10  9  7  9  9   
297b  11 11 12  9 10 10  7 11 10  9    9  9  8  9  7  8  7  8  8  7    9  8  6  8  8  9  8  8 10  9    9  8 10  7  9  8  0  0  0  0   
298a   0  0  6 10  9 10  9 10  8  8    8  9  7  9  9  9 11 10  6  6   10  9  7  7 10 10  9 10  8  8    8  9  9 10  7  9  9 10 10  8   
298b  11  8  9  9  7  8  8  8 10  8    9  8 11  8 11 10  7  9  9  8    7  8  7  9 11  8  9  8 10 10    7 11  8  7  7  9  0  0  0  0   
299a   0  0 10  8  8  9 10  8  7  8   11  9 11  7  7  8 11  8 10  8    9  9  8 10  8 10  7  8  8  7    6  8 11 10  8  7 10  9  8  9   
299b   9  9 11 10  8  9 10  9  8  9    7  9  9 12  9 11  8  9  8  9    9 10  9  8 11  9 10  9  6 10   10 10 11  9  8  7  0  0  0  0   
300a   0  0  8  8  9  6  8  8  7  5   11  8  9  7 10 10  6  8  8  8    8  8  8 10  9  7  7  8 10  9    8  8 10  9  9 11  8 12  9  8   
300b  10  9  8  8  9 10 11  9 11  8    9  8  7 11  9  9  9  8  8 10    8  8 11  7  8 10  9  7 10 10    9  8  9 10  8  9  0  0  0  0   
301a   0  0  8  8 10  7  8  7  7  9    8  7  9  8  8  6  9  8  9  9    9  9 10  9  8 11  7  9 11  7    8 10  9 10  9  9 10  9  9  7   
301b  10 13 10  8  6  9  9  7  8  9    9  9  8  8 10  8 11  9 10  9   10  8  9  9  7  8  9  9  8 12    6 10  9  9  7  7  0  0  0  0   
302a   0  0  8  9  9  8  8 10 10  8    9 10  7  7  8 10 11 10  8  9    7  7  9  8 10  8  8  7  9  9    9 11  9  9 11  7  8 10  9  9   
302b   8  8  9 11  6  8 11 11  7  9   10  8  6  9 11  8  8  9  8  8   12  9  8  8  7  6  8 10  9  6    9  7  8  9  8  8  0  0  0  0   
303a   0  0  8 11  8  8 10  8 11  8    8  8  9  7  7  9  7  7 10  8   10  9  8  6 11  8  8  9  8  8    8  8  9 10  9  6  9  8 10  8   
303b   8 12 10 10  9 10  8 11  9  6    8  8  9 10 10  7  7 10 10 10    7  7 11  7  9  7  8  8  9  8    9  9  8  9  8 10  0  0  0  0   
304a   0  0  9 10  9  8  8  7  8  8    7 10  8  8 10  9  9  8  9  9   11  7  9 10  8  9  8  6  8  9   10  9  8  8  8  9  8  9  9 11   
304b   8  8  8 11 10  7  7  8  9  8   10  8  7 11 10 10  9  9  9  9    8  8  8 12 10  8  8 10  7 10   11  8  8  8 11 11  0  0  0  0   
305a   0  0  9  9  8  8 12  9  9 10   11  9  7  8  9  8  7  7  7 10    9  9  8  9 11  8  7  7  9 11    9  9  8  7  7  7  8  9  8  9   
305b   8 10 10  8 10  8  8 10  9  8    8  9  8  8  9 10  8  7  7 12    7 10  7  9  7  7 11  7  7 12    8 11  9  9  7  7  0  0  0  0   
306a   0  0  8  6  7  9  8  7  8  8    9  9  7  8  8 10  8  7  7  9   11  8  7  7  8  7  9  8 11  9    9  7  9  8  9  7 10 10 10  8   
306b  10  7  8  9  9  9 12 10  9 10    9  8 10  8  9  9  9  7  9  9    8 11 10  8  8 12  9  7  6  9   10  8 10  9  9  8  0  0  0  0   
307a   0  0  8  8  8  9  8  9  9  5    7 10  8 11  8  9  6 10  8  8    8  7 10  9  8  8  9  8 10 10    6  9  7  8  9  8 10  9  9  9   
307b   9 10 11 10 10  8  8 11 13 10    8  7 10  9 10 10 11 10  9  8    8  8  8  8 12  9  9  8  9  7   10  9  8  9  9  8  0  0  0  0   
308a   0  0  7  8  8 11  8 10  9  8    9  6  7  9  8  8  7  9  8  8    9  7 12  8  6  8  9  7  8  9    8 10 10  8  8  9  8  9  9  8   
308b  11 12 13  9  9  9 11 10  9 10    9 10  8  9 11 11 10  8  7  8   10  7  8  8 10  9 10  9 10  9    7  9  8  8 10  9  0  0  0  0   
309a   0  0 10  8 10  9 10  9  9  6    9 10  7  8 10  8  7 11  8 10    9 11 10  8 10 13  6 10  8 11    9  9  8  9 12  9  8 10  9  8   
309b   9  8  8 11  8  9  8  9  8  9    8  9  9 11  9  9 10  8  8  8   10  8  9  8  9 10  7 11  9  9   10 11  9  7  8  8  0  0  0  0   
310a   0  0  9  9  9 10 10 10  7  9    9  7  6  8  9  9 11 10  9  8   10  8 10  9  7 12  7  8  8 11   10 12  9 10 10  8 10  9 12 10   
310b   8 10 10  8  8 10  9  9  8  7    9  7  9  9  9  8  7  8 11  7    7  9  9  9  9  8  8  9  9  9    9 10 11 10  7  8  0  0  0  0   
311a   0  0  8  8 10 12  9  7  8  8    9  6  7  8  7  7  9  8  9 10    9  9  7  8  9 10  6  8  8 11    6 10  8  9  6  7  9  9  5 10   
311b   8  9  8  9  7 10  8 10  9  8    7  6  7  9  8  8  8  9  8  9    8  6  9  8 10  8  7  6 12  9   10 10 11  8  7  8  0  0  0  0   
312a   0  0  8  9  8  8 10  9  8  7    9  7  9 10  9  9 10  7  9  7   10  9  6  8  8  9  5  9  8  9    7 10  9  7  8 11  8  9  9  8   
312b   8 10  9  8 10  8  7 11  8 12   11  9 10  8 12  9  9  9  9  8    8  8  9  9  9  9  9  9  9 11    8  7  8  8  9  8  0  0  0  0   
313a   0  0  9 11  9  8  8  7 10 10    9  8  8  8 10 11  9  9  8  9    9  8  9  7 11  7  9  9  8  7    7 10 10  9  8  8  9  9  8 11   
313b  14  8  7  6  9  9  8  6  8 10    7  8 10 10  8  8  8  9  9  7    8  8  8  8 10 10  6  8  9  8    9  9  9  9  7 10  0  0  0  0   
314a   0  0 11  7  7 10  8  7  8  8    7  7  8  9 10 11 10  9  9  8    9  8  8  8  8  9  9  8 12  7    6  8 10  9 10  9  8 10 11  8   
314b  12 11  8  8 10 12 11  8  6  8   11  8  9  9 10  7 10 10  7  8    9  6  8  9 11  8  7  8 11  9    6  7  8  8 10  7  0  0  0  0   
315a   0  0  8  9  8 11  7  8 10 10   11  8  6  9  8  8  8  8  8  9    8  9 10  9 10 10  9  9  7  9    9  8  9  8  9  8 11 10 10  9   
315b   7  8 13 10 10 10  7  9 11  8    8  7  9  9  7  7  9  8  8 10   10  9 11  9  8 10  8  9 10  7    9 10  9  9  9  7  0  0  0  0   
316a   0  0  7  7  9  7  9  8  7  8   10  9  8  8 12  9  7  8  8  9    8  8  7  8  9 10  7  7  8 10    6  8  9  9  8  8  9  9 13 11   
316b   8 10  8 10  8  8  9  7  9  7    6  9 11  8  8  6  8  8 10  8    7 11  9  7  9  8  8  7  9  8    9  8  9  8  8  8  0  0  0  0   
317a   0  0  7 10  7  8  9  8  8  8    9 10  9  9  8  9  7  8 10  9    8  9  7 10  8 11  9  8  8 11    7 11  9  9  8  8 11 12 11  8   
317b   9 12 11  9  8  8 13  9 10  9    7  8 11  8  7  6  7 11  9  7    8  9  8  8  7  9  7 10 11 10    9  8  8  9 10  9  0  0  0  0   
318a   0  0  7  8 10  6  8  9 11 10    8  9  8  8  9 10  7  8 10 10    9 10 11 10 10  8 11  9  7  8    9  8  9 13  8 10 11  7 10  9   
318b   9 10 10 11 11  9  9 12 11 10    9 10  7  9 10 10  9  8  9  7    7  9 10 13  8  8  7  8  9  8    9  9  9  9  9 10  0  0  0  0   
319a   0  0  9  7 10  9  7  9  9  8    8  8  8  8  9  8  8 11  9  8    9  7  9  7  8 10  8  6  8  9   11 11  7  8  9  9  8  8 10 10   
319b  11  8 10 10  7  8  9  8  7  9    8  9  9  9 10  7  9  8  9  9    8  9 10  6 10  9  8 11  9  9    8  8  7  8 10 11  0  0  0  0   
320a   0  0  9  9  9  7  8  8  9  8    9  8  9  7 11  7 10 10  9 10    9  8 10 11  9 14  7  7  8  8    7 11 10  8  8  9 10  8 12  8   
320b   7  8 10 10  8 10 11  7 11  9   10 10  8  9  9 10  7 11  8  8    9 10  8  8 10  9  9  7  9  6   12  6  9  9  9  9  0  0  0  0   
321a   0  0 10  8  8  9 11  9  9  8    8  9  9  7  8 10  8  9  8 11    9 10  9  8  7 10  8  7  7  9    8  8  9 12  7  9 10  6  9  9   
321b   8  9  9  9 10  7 11  8  9  8    9  7  9  8  8 11 10  8  8 11    9  9  7  6  8  7  8  6  7 10    9  9 10  7  8  8  0  0  0  0   
322a   0  0  8  8 10  8 11  7  7  8    9  8  8  7 12 11  9  7  8 10    9  9 11  8 10  8 10  7 10 11    7  9  8 11  8 10 10  7 10 10   
322b  11  9  8  9 10  7  8 10 11  8    8  7 10 10  8  8  7  9 10  9    6  9  8  7  8 10  8  8  8 10    9  8  7 10  7  9  0  0  0  0   
323a   0  0  8  9  9 10  8 11  9  7    9 10 10  5 12  9 10  8 11 12   10  7  8  6  9  8  7  8  9 10    8 10  9  8  8  9 10 10  9  8   
323b   8  9  9 11 12  8  8  8  9  9   10  6  7 10  7  8 11  8 10  7    9 10  7  9  9  9  8  8  8  9    8  8  9  7 11  8  0  0  0  0   
324a   0  0  9  7 10 11  9  7  8  8    9  7  8  8  9 11  9  9  8  9    9  8  7  7  9  8 10 11  8  9    9  8  9  9  8  9  9 11  9 10   
324b  10 10  9 10  9  6  7 11  7  8   11  7 10 10 11  8 11 10  8 11    9  9  7 11  9  8  7  8  9  9    9  9  8 10  8  8  0  0  0  0   
325a   0  0  8  8  8 11  8  9  9  8    6  9  7  6 10  7 10  8  7  8   10  6  8 10  9  8  9  9 10  9    9  8 10 12  8  7 10 10  8  8   
325b  10 12  9  9  9 12  8  8  7  7   11  9  7 10  8  9  9  8  7  7    9  7  9  9  9  8  9  8  8  8    8 10  7 11  8 10  0  0  0  0   
326a   0  0  9  7  8  9 10 10 10  7    9  8  8  7  9 10  9  8  9  9    8  7  8  8  7  9 10 10  8 10    7  9 11 10  8  8  9  9  9  9   
326b  11 11 10  9  6  9 11  9  8  9    8  7 10 11  9  9  9  8  9 10   10 10  8  8 11  8 10  8  9  8    7  7  7  9  7  8  0  0  0  0   
327a   0  0  8  9 11  9  7  8 10  9    8 10  8  7  8  7  8  8 12  8    9  7  9  8 11  9 11  9 10  8    7  9  9  7  8  7  8  9  8  7   
327b   9  9  6  8  9 11  7  8  8 10    8  7 10  9  9 10  9  9  8 10    9  7  8  8 11 10  9  7  8  7    7  9  7  9  9  8  0  0  0  0   
328a   0  0  5  8  9  8  9  8  8 10    9  9  8  8  7 10  7 10  9 10    9 10  8  9  9  9 10  8  7  9    8  9  8  9  8  8 10  9  8  9   
328b  10 10  9  9 10  7 11 10  9  8    8  8 10 10  9  9 12  8  9  8    9  7  9 10 10  8 10  7  8 10    8  8  8  7  7  9  0  0  0  0   
329a   0  0  9  7  9  7  7  7  9  9    9 10 10  7  8  8  7 10  8 10   10 10  8  8  9  9  8  7 10  8    8 10  8  8  8  8  9 12 10  9   
329b   9 10  9  9  7  7 10  8  9  7    8  8  9 10 10 11 12 10 11  8    9  8 10  9  7  9  7  7  6  8   10  8  7 13 12  7  0  0  0  0   
330a   0  0  9  8  8  9  9  9  9  7   10  7  8  8  8  8  9  8  8  7    8  8  8  6  8 11 10  8  7  8    9  7  8 10  9  8 14  9  9 10   
330b   9 11  8 12 11  6  9  8  8  7    8  9  9  8 11 10  9  9  8  9    7  9  7 13  7  8  6  9  7  8    8  8  8 10  8  7  0  0  0  0   
331a   0  0  9  8  8  9 10  6 10  7    9 10  8  8  7  9  7  8 11  7    9  9  9  8  8  7  7  9 11  8   10  9 10  8 10 11 11 10 10  8   
331b   9  9  8 10  9  8 10  9  9  7    9  9  8  9 10  8 10  9  7  9    9  9  8  8 10  9  8  9 10  7    7  9  7  8  9  8  0  0  0  0   
332a   0  0  6  7  8  8  9  7  9 10    9  5  7  7  8  9 10  9  8  8   10  7  8  8  9 11 11  9 11  6    8  9  9  8  9  8  9 10 10  9   
332b   7 10  9  9  8  7  7  7  8  8   11 10  8  8  8  8  9  6  8  7    8  7 10  6  8  9  9  8  9  7    8  7  8  8  8  9  0  0  0  0   
333a   0  0  8  8  8  6  9  9  9 10    7 10  7 10  7  9  7  7  9  9    7  9 10 10  8  9  9  9  9  7    9  8  9  9  9  8  8 11  9  9   
333b   9  8  9  8 10 10  8 10 11  7   11  7 10 11  9  8  7 10  7 10    8  9  7  9  7  9  8  9  7 10    8  8  8  8  7  8  0  0  0  0   
334a   0  0  7  8  7  8  7  9 10  9    9  8  7  9  8  9  8 10 12  8    6 10  9  8  8  9  8  9  8  8    6  8  7  9  9  8  9  8 11  9   
334b  10  7 10  9  9  9  8 10  6 10   10  8 11  9  9  8 10  8  8  8   11 10  8 10  8 10 10 10  9  8   10  8  7  8  7  8  0  0  0  0   
335a   0  0  8  8  9 10  9  8  9 11    8  7  7  8  9 10 10  7  6  9    9 10  8  8  8 11 10  8  9 11   10  8  9  8  9  9  9  8  9 11   
335b   8 11  8 10  8  8  7  9  9 10    9  8 10  7  7  9 11  7  9  9    7  8  9  7  8 10  8  8  8 10   10  8  8  7  8  9  0  0  0  0   
336a   0  0 10  7  7  7  8  9  8  7    8  8  9  9  9  9  9 11  7 11    9  7 10  9  9 10  8  8  7 10    7  9  8  9  9 10 10  9  8 11   
336b  11 10 11  9  9  8  8 11 11  7    7  8  8  8  8  9  9  8 10  9    9  8 11  9  8  7  7  8  9  8    7  9  9 11  7  8  0  0  0  0   
