###    1  2  3  4  5  6  7  8  9 10   11 12 13 14 15 16 17 18 19 20   21 22 23 24 25 26 27 28 29 30   31 32 33 34 35 36 37 38 39 40   
###   41 42 43 44 45 46 47 48 49 50   51 52 53 54 55 56 57 58 59 60   61 62 63 64 65 66 67 68 69 70   71 72 73 74 75 76 77 78 79 80   
  1a   0  0 15 13  7  9  8  7  9  8    8 11  8  6  6  9  9  7  8  7    8  8  6  0  0  0  0  0  0  0    0  7  8  8  7  0  0  0  0  0   
  1b   0  0  0 12  7  9  8  0  0  0    0  0  0  0  0  8 10  7 10  8    8  7  8 10 11  9  8  9  8  8   10  8  7  7  9 10  0  0  0  0   
  2a   0  0 10  7 11  8  8  9  8  9    7  7  9  8  7  7  8  8  7  7    9  8  9  7  7  8  7  8  7 11    8  7  8  9 10 11  9 13 10 11   
  2b  10 13 11  9  8 10 11  6  8  8    7  9 10  9  8  7  7  9 11  7    9  7  8  6 10  8  8  8  9  9    9  9  9 12  7  9  0  0  0  0   
  3a   0  0  9  6 10  6  8  9  8 10   10  8  9 10 10  7  9 10  8  6    9  9  6  8  8  6  8  9  7  7    7 11  6 10  7 10  9  6 10  8   
  3b  10 11  9  7  7  7  9  9  8  6    8 10  7  6  8  9  7  7 11 10    8  8 10 12  7  9 10  7  9 10    8  8  9 10  8  9  0  0  0  0   
  4a   0  0  6  5 10  7  7 10  6  9    7 10  9  7  9  9  7  9  8  6    7  7  8  7  9  9  9  7  8  9    8  8  8  9  9  8 10 10 10  8   
  4b   9  9  9  8 10  6  8  8  6  7    8  8  8  7  8  9  7  9 10 10    7 10  8  8  7 11  9 12  9  9    8  8  9  9  9  9  0  0  0  0   
  5a   0  0  8  9  8  7  9  8  9  8    8  8  7  7  9  7  8  7  7 11    8  7  7  7 10  9  6  8  8  9    6  8  8  8  9  9  9 10 10  7   
  5b   9 10 11 10  9  7 10  9  8  7    8  7  9  9 10  8  9  8  7  9    8  9  9  9 10  9  8  7 10  9    8  9  9  9  8  8  0  0  0  0   
  6a   0  0  7  7  9  8  6 11  6  8    8  9  7  6  8  9 10 10  7  8    8  9  6  8  8  9  7  9  7  9    9  8  6  7  9  7  7  8 11  9   
  6b   8  7 10  8  9  9  8 10  7  8    8  7  9  9  7  7  9  7  8  9   10  8  8  8  8  7  9  9 11 10    8  9  9  8  9  8  0  0  0  0   
  7a   0  0  9  9  8  7  8 10  7  7    8  8  8  6  7  7  8  8  9  9    7  8  8  7  9  9 10  6  8  9    8  9  8  8  7  8  8 11 10  9   
  7b  12  9 11 10  9  7  6  9  8  8    7  7 11  8  9  7  7  9  9  8    8  9  7  8  8  8  7  8  8  8    9 10  9  9  8  6  0  0  0  0   
  8a   0  0  9  8  8  9  9  7  8 10    8 10  6  6  9  7 10  9  8  8   10  8  8  8  8  8  6  7  9  8    6  9  7 10  7  7  7  7 10  8   
  8b  13  8  9  9  7  9 10  8  7  9   10  8 10 10  9  6 11  7  9 10    8  8  9 10  8 10  8 10 10 10    8  6  8  7  9  8  0  0  0  0   
  9a   0  0  7  7  9  9  7  7  6  7   10 12  6  8  8  8  8  7  7  6    8  8  9  9 10  8  7  7  9 11    8  8  9  9  9  7 10  8  6  7   
  9b   9  7 10  7  9  9  9  7  9 11   10  7 12  8  9  7  8  9  9  8    7  8  8  8  9  8  8  9  8 12    7  7 10 10  8  8  0  0  0  0   
 10a   0  0  7  9  9  8  9  7  8  8   10  8  6  7  8  7  8  8  8  7    8  9  7  7  8  8  7 10  8  8    9  9  8 10  8 14  7 11  8  9   
 10b   9 10 10  8  8  9  8  8  9 11    8  9 10  7  8  9  7  8  8  9    6  8  7  8  9  7  7  7  9 10    8  9  9  8  8  7  0  0  0  0   
 11a   0  0 13  7  9  9 10  7  9  8    6  8 10  8 12  9  7  9  8  9    8  8  8  7  8  7  8  7  9 10    8  6  7  9  6  7 10  8 10  9   
 11b   8  9 10 11  8  9  5 10  9  7    8  7  8 10  9  7 10  8  8 10   10  7  9  7  8 10  7  8 10  8    9  9  8  7  9  9  0  0  0  0   
 12a   0  0  7  8  9  7  7  8  7 10    8  9  9  8  9  7  9  6  8  8    9  9 12  9  7  9  8  6  8  9    7  7  7  7  9  8  9  8  8  9   
 12b   9  9 10  9  8  9  9  7 10  7    7  9  9  8  8  7  8  8  7  9    8  9  8 10  7  9 11 10  8  8    7  9  9  8  9  9  0  0  0  0   
 13a   0  0  8  8  6  8  8  8  9  8    9  9  8 12  8  8  9  9  9  9    7 10  7  7 11  8  7  8  7  8    9  9  9  9  8  7  7 10  8 13   
 13b  10 10  8  9  8  6  9  7  7  7    8  7  9  9 11  7  9  9  6 10   10  8  7  8  7  7  7  9  7  6    8  8  8  8  8  9  0  0  0  0   
 14a   0  0  7  6  7  7  8  9  9  9   10  9  6  7  8  7  8  8  8  9    8  9  9  8  9  7  7  9  7  7   10  7  9  9  8  7  8 10  7  8   
 14b   9  8  7 11 10  9  9  7 11  8    9  9 10 10  8 11  8  9  7  8    7 10  9  9 11  8  9  9  7  7    8  9 10  8  9  9  0  0  0  0   
 15a   0  0  8  7  8  7 10  9  7  8    9  9  5  7  8  8  7 10  9  8   11 10  8  8  9 10  7 10 10  7    7  8  9  8  8  7  9 12  8  8   
 15b   8  7  7  9  7  8  6  8  7  8    7  9  8  7 10  7  8  7  9  7    8  8  9  8 10  8  9  9  8  9    7 10  7 11  8  9  0  0  0  0   
 16a   0  0  8  6  8  8  9  8  8  7    8  7  8  8  8  7  9  8  8  9   10  7  8  7  7  9  6  7  9 11    7  9  7  8  7  8  9  9  8 10   
 16b   9  9  9 10  8 11  8  8 10  7    6  7  8  9  9  8  8  8  9  9    9  8  9  6 10 11  9 10  9  8    9  7  7  9  8  8  0  0  0  0   
 17a   0  0  8  7  6  6 10  9  8  8    9  6  6  7  7  6 11  8  9  9   10  8  8  9  8  7  8  7  7  8    7  7  9  8  8  8  7  9  8  7   
 17b   7  9 10  9  7  8  8  8 10  6    8  9  7  7 10  9  9  7  7  7    8  8  9  8  8  8  8  9  7  8    8  8  8  9 10 10  0  0  0  0   
 18a   0  0  9  8  8  9 10  8  8 11    7  9  8  7  9  8  9  8  8  7   11  8  7  7  8  8  7  7  6  9    6  7  8  9 11  6  8 11  9  8   
 18b   8  9  8  7  9  6  9  7  8 10    9  7  9  9 11  8  7  7  9  9    7  7  8  9  8  8 10 10  7 10   11  7  9  8  9  9  0  0  0  0   
 19a   0  0  8 10  9  9  9  8  8 10    7  8  8  9  7  6  8  7  8  9    9  8  6  8  7  9  9  6  8  8    9 10  8  9  9  7  7  9  8  9   
 19b   7  8  9  8  8  9  7  7  6  9    9  7  7 10 10 10 10  9  9  8   12  8  7  8  8  7 10  9 11  7    9  7 11 11  8  7  0  0  0  0   
 20a   0  0  9  7  9  8  9  7  9  7    9  8  7  8  8  9  8  7  8 10    6  7  6  7 11  9  6  6  9  8    9  9  8 10  9  7  9  8  8  9   
 20b  10 10  8  9  8  6  9  8  8  8    9  6 10  8  8  8  9 10  7  9    8  9  8 10  9  8 10  9  8  7    8  8  9  8 11  9  0  0  0  0   
 21a   0  0  6  7  9  8  8  8  9  6    8  7  6  7  8  8  8 10  7  9    9  7  8  7  8 11  9  8 11  8    8  9  9  8  7  8  8  9 10  6   
 21b   8 10 10  8  6  9  8 10 11  9    9  7 11  8 11  7  9  8  9  8    7  7  8  8  7  8  8  9  8  8    8  8  9  8 11  9  0  0  0  0   
 22a   0  0  9  6  7 10  8 10  8  8   11  8  7  7  7  9  6  8  8  7    8  7  5 10  9  9  7  7  8  9    6  7  8  9  6  8  8  8  9  8   
 22b  10  9  9  9  8  8  8  9  8  9    8  7  8  8  9  7  7  7  7 10    7  9  8  6  8 11  9  8  8  8    8  7  8 10 10  7  0  0  0  0   
 23a   0  0  7  7  8  8  8  6  9  9   10  8  8  7  8  7  8  6  8  8    7  9  7  8  7  8 10  7  7  8    9  9  9  8  9  7  9  8 10  9   
 23b   9  7 10  6  6  7  7 11  8  8    9  8  8  9  8  9  9  9 11  8   12  8 10 10  9 15 11  9  8  7   10 10 10  8  5  7  0  0  0  0   
 24a   0  0  7  6  8  9  7  8  8  8    9  8  7  6  7  8  7  7  7  7    8  8  6  8  8  8  9 10  8  8    8  9  8 11  7  8  9 10 11  8   
 24b   9  7  9  8  7  7  9  8  7  8    9  6  8 10  8  7  9  8 10  9    9  8  8  9  9 10  7  8  9  8    8  9  8  6  9  7  0  0  0  0   
 25a   0  0  7  7  8 10  9  8  9  9    6  8  6  7  8  8  8  8 10 10    9  8 10  7  8  9  7  8  9  9    7  7  9  7  8  9 10 12  9  8   
 25b   9 12  8  9  7  5  8  8  9 10   11  9 10  8  8  8  8  9  8  8    7  8  7  8  8  9  9 11  9  7    7  9  8  8  8  9  0  0  0  0   
 26a   0  0  7  9 10 11  7 13 12  9    9  8  8  8  8  8  9  7  8 12   10  9  7  8  8  7  7  6  9 10    7 14 10  9  8  9  9  9  9 10   
 26b   8  9  7 10  9  8  8  9  8  6    7  8  8  7 11  9  8  9 10 10    9  7  9  9  7  9  8 10  9  9   10  9  9  9  9  9  0  0  0  0   
 27a   0  0  9  8  7  8  8  9  7 10    7  9  8  8  9  8  8  7  9  8    9 10  7  7  9  9  7  7  9  9    7  9  8  8  9  8  8  9  9 11   
 27b   8 15 10  9  7  8  8  9  7  8    8  9  7  9  9  8 12 10  9 10    7  9  9  8  8  6  9 11  8 11   11 11  8  9  7  8  0  0  0  0   
 28a   0  0  8  8  8  7  9  8  9  8    8  8  8 10  9 11  6  9  8  7    9  7  8  7  8 10  9  8  7 11    7  9  7 12  8  8  7  8  9  7   
 28b  10  8  9 10  9  7 11  9  8  8    9  8  7  9  8  7 10  8  8  7   11  8  9  6 10 10  8  9  8  8    8  9  8  7  8  7  0  0  0  0   
 29a   0  0  9  8  9  8 10  8  8  9    7  8  8  6  7  7  8  8  8  8    9  9  9 10 10  8  8  8  9 10    9  7 10  7 10  8 10  9  8  9   
 29b  11  9 12  9  7  9  6  6 10  8    7  9 10  8  8  8 12  9  8  9    9  7  8  8 10  8  7 10 10  9    8 10 10 10  6  9  0  0  0  0   
 30a   0  0  8 10  9 10  7 12  8  9    8  7  9  7  8  9  7  7  7  8    9 11  9  8  8 10  6  8  8  9    8  8  8 10  8  9  9  8  9  8   
 30b  10  8  8 10  6  9  7  8  9  8    7  9  8 10  9  8  7  8  9  7   11  8  9  9  7  9  8  9  9  9    6 11  8  7  8 10  0  0  0  0   
 31a   0  0  7  8  9  8  7 10  9  8   11  7  6  8  8  7 10  9  8 10    8  7  8  8  8  8  8  6  9 10   10  8 10  9  8  8 10  8  9  7   
 31b   8 12  9  9  7  7  9 13  7  7    9  6 10  9  8  8  9  8  9  9    8  6  9  9 10  8  7  9 10 14    7  8 11  7 10  8  0  0  0  0   
 32a   0  0  8  7  8  9  8  8  6  8    8  8  7  5  7 10  8  9  9  9    9 10  8  9  8 10  6  8 10  8    6  9 10 11  8  8  7  9  8 10   
 32b   8  9  9 10  9  9  8  8  9  9   10  7  9  9  9  8 10 10  9  9    9  7  8  7 10  6  9  9  9 10   10  8  8  8  8  7  0  0  0  0   
 33a   0  0  8  9  8  9 10 12  7  8    7  8  9  9  7 10  8  7  7  7   10 10  9  7  9  8  8  9  8  8   11 11  7  7 10  8 10 11 10  9   
 33b   7  9  9  9 10 10  7  9  9  9   14  9 10  9  8  8  9 11  8  8    9  8  9  9  9  8 10  9 10  9    8  8  8  9  7 10  0  0  0  0   
 34a   0  0  8  9  8  9 11  8 11  6    8  7  7  9  9  7  9  9  9  7   11  9  6  9  9  8  6  7  7  7    9  8  9  9  7  8  8  9  9  7   
 34b  10  8 11  8  8  7  8  8 10  9    8  8  9  8  8  9  8  7  7 10   10  7  8  8 10  8  9 10  9  7    7 10  8  8  7  8  0  0  0  0   
 35a   0  0  8  5  8  7  8  8 10  8    7  9  8  9 10  8  7  9  8  9   10  8  9  9  8 11  8  8  9  9    7  8 10 10  8  9  9  9  8  9   
 35b   8 10  9  9  9  7  9  8  9  9    9  7  8 12  8  7  8 11 10  9    8  9 10  7 10  9  8  9  8  9    9  9  7  8  9 10  0  0  0  0   
 36a   0  0  8  8  6  7  7  8  8  8    8  8  9  7  9  6  9  9  7  8    8  9  9 10  9  9  9  6  8  8    9  6  8 11 10  8  8 10  9 11   
 36b  11  8  9  7 11  8  9  8  8  9    8  7 10  8  8  8  7  9  9  8    8  7  8  7  9  9  9  9  6  7    7  7  7  8  9  7  0  0  0  0   
 37a   0  0  7  9 10 10 10  7  8  9    8  9  9  7  9  8 10  8  8 11    9  8  6  8 10  9  8  6  8  8    9 10  9 10  7  8 12  9  8 10   
 37b   9 10  9 10  8  9  9  7  7  8    8 10 10  9  7  9  9  9  7  9    8 10  9 10  8  8 10 10 10  7   10 10  9  8 10  7  0  0  0  0   
 38a   0  0  7  7  7  9  7  8  9  7    9 10  7  6  9  9 12  7  8  8    8  8  6 10  9  7  6  6  8  8    8  8 10 11  8  7 10  7  8  9   
 38b  11  9  9 10  8 12  7  7 10  8    8  7  8  9  8 10  9  8  8  9    7 10  9  7 14  8  7  8  8  8    8  8  9  9 11 10  0  0  0  0   
 39a   0  0  7  9  7  9  8  8  7  7    9  9  5  8  9  7  7  9  9  6    8 11  8  8  8  9 10  9  8  9    6  8  7  7  9 12  8  7 10  8   
 39b  10 11  9 11  9  8  9  6 10  6    9  6  8  8  8  7  7 11  9  8   10 10 10  8  9  9  8  9  9  7    8  7  8  8  8  9  0  0  0  0   
 40a   0  0  9  7  8 12  8  7  9  9    8  9  7  8 10  9  8  8  9  7    7 10  9  9  9  9  7  9  8  9   10  7  9 10  8  8  9 10  9  8   
 40b   9  8  8  9 10  8  8  6  8  7    7  8  7  9  9  8  8  8 10  7    9  8  8  9  8  9 10  8  9  9    8 11  7  9  8  8  0  0  0  0   
 41a   0  0  7  6  8  8  9  8  8  6    9  8  8  8  9  8  7 10 10  7    7  8  7  7  9 10  8  8  9 12    7  9  9  9 10  6 10  6  8 10   
 41b  10 11  8 11  8  9  6  9  8  9   11 10  9 10  8 11  8  8  9  9   10  8  8  9  9  7  7  8  8  9    8  7  7 11  7  9  0  0  0  0   
 42a   0  0  8  8  9  9  7 10  9 10    8  8  6  6  7  9  6  9  7  9    7 10  8  7  8  9  7  8 10 10    9  9 10  9 10  7  8  9  9  7   
 42b   7  8 10  7  9 10  7  8 10  8    6  7  8  7  9  8  9 10 10  8    8  9  7  9  7  8  9 10  8  9    8  8  9 10  7  9  0  0  0  0   
 43a   0  0  5  6  8  8  9  8  8  9    8  8  7  5  6  7  7  9 10 10    8 10  7  6  9 10  7  8  9  9    6  7  9  8  9  9  8 12  9 11   
 43b   9 10  9  8 10  9  8  9  7  7    7  7  9  9 10 11  9  8  8  9    9  9 11 10  9  8  8  7  7  9    8  8  9  8  9  8  0  0  0  0   
 44a   0  0  8  8  8  8  8  7  7  9    8  7  8  6  7  7  9  9  9  9    8 10  8  8 10 10  6  9 10  9    7  7  9  9  9  9  9  9 11  8   
 44b  10  9 11 10 10  7 11  8  9 11    9  7  9  9  7  8  9  9 10  8    9 11 10 10  8  8  8 10  7  8    8 10  7  9 11  7  0  0  0  0   
 45a   0  0  8  8  9  8  9  8 10  8    9  7  9  8  8  8 10  7  8  8    8  9  8  8  8  8  6  7  8  9    9  8  7 12  9  8  7  8  9 10   
 45b   9  9 10 10  8  7  8  7  8  9    7 10  9  9  7  9  9  7  8  9    7  9  9  8  7  7  8  9  9  9   10  8  9  9  8  8  0  0  0  0   
 46a   0  0  6  9 10  8  7  8  9  7    6  8  7  7 10  8  8  7 10 10    9  9  7 10  9  8  9  7  9 10    9  8 10  9  9  8  8  8 11  8   
 46b   7  8  9 10  8  6 10  9  7  8    7  8  6 10  7  9  8  9  9 10    8  8  9 11  9  9  9  9  7  8    7  7  9  9  9  8  0  0  0  0   
 47a   0  0  8  7 10  8 11  8  6  7    7  8  8  8 11  7 10  8  8  8    7  8  7  7  9  9  7  9  9  8    7  7  8 10  8  8  9 11  9 12   
 47b   9 11  9  8  8  9  7  9 11 10    9 10  8 12  7  9 10  9 11  7    9  8  9 11  9  7  8 10  7  6   12  9  8  8  9  8  0  0  0  0   
 48a   0  0  7  7  8  8  8  9  6  8    9  8  7  7  8  9  8  7  8 11    6  9  7  6 11  8  8  6  7  8    6  9  8 10  8  7  8  9  9  8   
 48b  10  8  9  8  7  9  9 11  8  8    8  7  9  9 10  8  6  9  7  9   10  8 10  9  8  8 11  8  9  8    9  9  8  8 11 11  0  0  0  0   
 49a   0  0  7  6 11  8  8  7  7  9    9  7  7  6  9  7  7 10  8  8   10  8  9  7 11  8  8  6  8 11    7  9  8 10  8  8  8  9  8  8   
 49b   9  7  9  8  8  9  7  9 11  9    7  7  9  9 10  9  9  9  8  8    9  9 10 10 10  8  9 10  9 11    8 10  7 11  8  8  0  0  0  0   
 50a   0  0  7  8 10  9  8  9  6  8   10  8  6  7  8  7  9  8  7  9    6 10 10 10  8  8  7  7  8 10    8  8  9  9 10  9  9  9  7  8   
 50b   8  9  9 11  8  9  7  7  9  8    9  7 12  9 11  7  9  8  8  8   12  7 10 10  8  7  7 10  8 10    9  9 10  8  7 10  0  0  0  0   
 51a   0  0  9  8  9 10  8  6 10  9    8  9  7  8  8  8  7 10  8  9    7  9  8  9  9  7 10  6  8 10   10  8  9  9 10  9  9  8 10  7   
 51b  10  8 10  7  9  9  8  9  6 10    8  8  8  7  9 10  8  9  9  9   10  9  8  8  7  9  9  8 12 12    9  6  9  7  8 10  0  0  0  0   
 52a   0  0  7  6  6  8  7  7  9  8    8  8  8  6  7  8  9 10  8  8    6  8  6  6  8 10  7  8  8 10    7  6  8  7  6 11 10  9 10  9   
 52b  11  8  8  9  8  8  7 12  7  8    8  8  8 11  9  9  9  9 10  9    9 10 10  7  7 10  8  8  8  9    7  6  9  7  7  9  0  0  0  0   
 53a   0  0  5  8 10  8 10  8  9  9    9  7  6  7  7  8  8  8  8  9   10  8  7  7  8  9  7  7  8  8    7  9  9  9  9  6 10  9  9  9   
 53b   8  9 10  9  8 10  9  8  8  6    8  8 11 12 10 10  9  9 10  8    7 11  8  8 10  7  6 11  8  8   11  9  8  8  9  9  0  0  0  0   
 54a   0  0  7  9  9 13  9  8  9  9    7  7  7  8  7  8  8  8  9  9    9  9  7  9  9  8  7  7  8  8    8  7  7  9  7  9 10 11  9  8   
 54b   7  9  9 11  8  7  7  9  8  9    8  8  8  9  8  8 10  8  8 11    9  8  8  8  7  7  7  9  9  8   10  8 11  7  8  9  0  0  0  0   
 55a   0  0  8  9  7  8 10  7 10  8   10  8  8  7  7  9  7  7  8  9    9  9  9  7  8  8 10  6  8  8   13  7 11  9  7  9  9  9  9  9   
 55b   9 10  8  8  7  8  7  7  7  7    7  7  7  8  9  9  8  8  8 10    8  9  8  9  9  9  9  7  7  7    9  8  8  8  9  7  0  0  0  0   
 56a   0  0  6  8  9  9  9  9  7  9    6  9  9  6 10 11  8  7  7 10    7 10  8  8  7  9  6  8 11  8    7  8 12  9  7  6  8 10  9  8   
 56b  11 10  9 10 12 10  7  7  8  7    7  8  8  7 10 10  8 11 10  9    9  9  8 10  7 10  8  8 10  8   10  9 10  9  9 11  0  0  0  0   
 57a   0  0  8  7  8  8  9  8  9  8   10  8  8  8  9  8  7  8  8  9    9  8 10 10  6  8 10  7 10 11    8  8  9 10 10  8  9 10 10  8   
 57b   9 10  8  9  8  9  8 11  6  7    6 10  8  9  9  9  9  9  8  8   10  9  7  9  8  9 11  8 10 10    7 10 10  9 11  8  0  0  0  0   
 58a   0  0 10  7  8  9  9  9  8  7    7  8  8  9  8  8  7 10  7  7    9 11  7  8 10  9 11  8  9 10    6  6  9  9  9 10  9  9 10  8   
 58b  11 10  7 13  9  9  7  7  8 11   11  8 12  8 10  7  7  7  8 10    8 11  8 11  7  9  7  7  9  8    9  9  9 10 10  8  0  0  0  0   
 59a   0  0 10  7  8  8  8  6 11  8    7 11  8  7  8  8  9  9  9 10    7  8  7  8  7  7  7  8  7  9    7  7  9  7  8  7 10  9  9  9   
 59b  11 11  7 13  6  9  8  7  7  8    7  7  7 10  9  8 10  9  7  9    7  9  9 10  9 11  9  9 10  8   10  9  8  8  9  8  0  0  0  0   
 60a   0  0  6  8  9  8  6  8  8  9    7  7  8  7  7  6 11  8  9  7    9  9  9  8  9  7  8  8  6 10    6 10  7 11  5 10  9  8  9  8   
 60b   8 10  7  9  8 11  8 10  8  8    9  8  9 10 10  8  7  9  8 10   10 10  8  8 10  8  7  7  7 11    8  8  8  9  8  9  0  0  0  0   
 61a   0  0 10  7  8  7  8  9  7  8    8  9  8  9 10  9  8  7  8  7   11  8  8  8 10  8  8  7 11  7    8  8 10  8  9  8 12  8  9  8   
 61b   9  9  9  8  8  7  9  8  8  9    7  8  8  9  7  9  8 10  8 10    8  7  8  9  6  7  9  8  8  9    8 10  9 10  9 10  0  0  0  0   
 62a   0  0  6  9 11  7  8  8  8  7    7  7  7  7  7  8  7  8  9 11    7 10  9  8 10  8  7  8  9  9    8  7  8  8  9  6 11  7  9 10   
 62b   8  9  9 10  8  7  8  9 10  7    8  8  7  8  9  8  9  8 10 10    7  7  9  8  9  7  9 10  6  9    9 10 10  7  9 10  0  0  0  0   
 63a   0  0  8  7  7  7  6  6 10  9    9  6  8  7 12  7  7  9  9  8    9 10  8  8  9  7  8  8  8 10    9  6  8  7  7  8  8  9  8  8   
 63b   9  9 11  9  6  6  7 10  9  8    8  7  9 10 10  9  8 11  9  7   14  9  7  8  7  9  8 10  8  7    7  9  8 10  8  8  0  0  0  0   
 64a   0  0  7  9 10  8  8  7 11 10    7  7  8  7  8  9 11  6  8  9    9  7  7  6  9  9 11  6  9 10    8  6  9 11  8  8  8  8 10  9   
 64b  11 11  9 10 10  7  8  9  9  8    7  9 10 11  8  8 11  8  7  9    9  7  8 10  9  9  9 10  6 11    9  8  7 10  9  8  0  0  0  0   
 65a   0  0  6  8  8  7 11  9 10  9    9 10  9  8 10  8  9  8  9  9   10  7  7  9  8 10  8  7  8  8   10  8  8 11 11  6  8 11  8  7   
 65b   8  9 11  8  8  8  8  9  9  8   11  8  8  9 11  9  8  9 10  8    7  9  8  8 10  9  8  8  9  9    9  9  8  9  8 10  0  0  0  0   
 66a   0  0  6  9  7 10 10  8  8  8    8 10  8  9  8  9  8  8  8  7    8  9  6  9  7 11  9  8  9  6    8  8 11  8 10  9  9  9  8  8   
 66b   7  8 10  8 10  9  8  8  7  9    8  7 10  8 10  7  8  8 10  7    9  9  7 10  9  8  8  9  7  9    8  8 10  9  8  9  0  0  0  0   
 67a   0  0  8  9  9 11  8  8  8  7   10  8  8  8  6  8  8  7  8  7    8  9  8  9  9  7  6  7 10 13    9  6  9  9  7  8 11 10 11  7   
 67b   9  9  8  8  9  8  8 10  9  9    8  6  8  7  9 10  7  8 10 10    9  8 10 10  9  8  8 10  7  9    9 10  7  8  7  6  0  0  0  0   
 68a   0  0  7  9  9  7  9  7  7  8    9 10  8  8  7  9 10  7  7  9    7 10  9  7  7  9  8  8 11  9    9  8  9  9 14  8  8  8 10  8   
 68b   9 11  8  7  8  9  6 10  9  9    8  8 10 10  9 10  9  8  8  6    8 11  7 11  7  7 10  8  9  8    8  8  9  9  8  7  0  0  0  0   
 69a   0  0  8  8  8  8  7  8  7  8    8 11  7  7  8  8  7  8  9  8    9  8  6  8  7  7  7  8 11  9    6  8  8  8  8 12 13 10  8  8   
 69b   9  9  9  7  6 12  7 10  7  7    8  7  8 11 11 10  9  9 11  7    7  8  9 10  9  8  8  9 10  9    6  8  9 10 11 10  0  0  0  0   
 70a   0  0  8  8 10  9  8  8  9  9    8  8  8  8 10  7 10  8  9 10    9  8  7  8  7  9  8  8 10  7    9  6  8  9 10  9 10 10  9 11   
 70b   8 10 10  8  8  8 10  7  7  8    8  8  8 10  6 10  8  9  9  9    9 10 10  8  8  8  7 12  8  9    9 12  9 10 10  8  0  0  0  0   
 71a   0  0  7  8 12  8  8  6  8  8   12  8  7  7  9  9  8 10  7  8    8  9  7  6  7  8  7  7  7  9    7  9  9  8  9 10 11  9  9  9   
 71b   0  8  9  9  9  8  6  8  8 10    7  8  9  9 10  9 10 10  7 10    7  8  9 10  7 10  9  9  9  7    8  9  7  9  7  9  0  0  0  0   
 72a   0  0  7  7  9  7  7 10  8  8    7 10 10  8 11  9 11  8  8  9    8  9  9 10  8 10  6  9  9 10    8  8  9  9  9  9 11  9  9 10   
 72b   8 10  7 10  8 10  8 13  9 10    8  6  9  9  9 10  7  9  7  7    9 10 10  9 10  9  8  7 10  9   10  7  8 10 10  9  0  0  0  0   
 73a   0  0  8  8 10  7 10 10 10  7    7  7  7  8  9  9  9  8  7  6   10  7  7  8 10  9  8  8  8  8    9  8  7 11  8  8  9  9 10  8   
 73b   9  8  7  8  9 10 10  7  9  8    9  8  7 10 11 10  9 10  8  8    9 10  8  9 10  8 10 11 11  9   11 10  7  9  9  8  0  0  0  0   
 74a   0  0  8  7  9  8  9  7  8  6   15  7  8  8  8 10  9  9  8  8    8  8  8  9  7  6 10  7  7  8   10  9 10  9  7  8  9  8  8 11   
 74b  10  9  8 11  9  9  7  8  8  8    7 10 10  9  9  9 11 10 10 10   10  8  9  6  9  8  8 10  9  8    7  8  8  8 10  8  0  0  0  0   
 75a   0  0  7  6  8 11  8  8  8  8    8  8  9  8  8  8  8  9  9  8   10  8  7  9  9  8  8  7  8 10    9 11  8  8  8  7 10  8  9 10   
 75b  11 11  8 10  8  7  9  8  7  9    8  8 11 10  9  9  8  8  8  9    9  8  9  7 11  7  8  8  8 11    9  7  8  8  9 12  0  0  0  0   
 76a   0  0  6  7  9 11  9  9  9  8    8  7  9  9  7  8 12  6 10  7    8  9 10  7  7  9  8  9  8 10    8  9 10  9  8  7 10 10  9  9   
 76b   8 11  8  9  8  8  7  8  7 11    8 10  9 11  7 10  8  7  9  9    9  8  8  9 10 10  6  8  9  9   11 10 10  9  8 10  0  0  0  0   
 77a   0  0  9  9  8  8  8 10  8  6    9  7  8  9  9  8 10  9  8  9   10  8  8  7 10  9 10  8  9  9    8  7  9 10  8  8  8  9 10  9   
 77b  12  8 10  8  7  7  8  7  8  8    9  5 11  9  8  8 10  7  8  9    7 11  7  9  9  7 10  9  9  9    7  6  8  8  8 10  0  0  0  0   
 78a   0  0 10  8 11 10  8  7  8  8    7  7  6  8  9  7  9  8  7  9    8  9  8  8  9  7  9  7 10 11    7  8 11 12  8  8  9  7 10  9   
 78b   9 11 10  8  9  6  8  7  7  8   10  6  7  9 11  6 10 10  9  9    8  7 10  9  9  6  8  7  8  8   10  9  9  9  8  8  0  0  0  0   
 79a   0  0  9  7  8  9  8  6  8  7    9 10  8  7  8  9  7  9  9  8    7  8  7  7  7  9  7  8  8 10    9  7  8  9  7  8  9  9  8  8   
 79b   9 11  9  7  7  9 10  9  8  9    7  8 10 10 10  8  9 11  8 10   10 10  8  7 11  9  9 10  9  8    7  8  7  8 11  8  0  0  0  0   
 80a   0  0  7  7 10  9  8  9 12  9    8  9  7  6  8  9  7  9  7 11    8 10  9  8  6  8  7  8  9 10    8  8  9 10  6  7  8  9 10  8   
 80b   8  9 10  8  9  7  9  8  8  9    8  9  8  8  8 11  8 10  9  9    8  8  7 10  7  8  9  8 12  7    9  8  7 10  9  8  0  0  0  0   
 81a   0  0  7 10  8  8  6 10  8  8    7  8  6  9 10  7  8  9  8  9    9  9  8  9  7  9  8  9  7 10    5  8  8  8  7  8  8 10 11  9   
 81b   8  8  9  9  9  8  8  6  8 10    7  9  9  9  8 10  7  9  9  8    8  7  9  7  8  8  8  9  8  8    8 11  8 11  9  9  0  0  0  0   
 82a   0  0  7  6  8  8  8  7  9  6    8  8  8  8  9  9  9  6  8  8    9  8  7 10  9 10  9 10  8 10    7  9  9  9  6  9 11  9 10  8   
 82b  10 10  8 10  7  8  8  9  8  8    7  9  8 10  9  8 10  9  9  8    8  8  7  8 10 10  7 10  7  9    8  8  8  8  9  9  0  0  0  0   
 83a   0  0  8  8  9 10  7 10  9  7   10  8  7  7  9  7 10  7  8 10    9  9  8  6  9  8  8  9  8  8    7 12 12  8  9  9  8 10 11 10   
 83b  10  8  8  8  8  6 11  7 13  8    8  9  8 10  8 11 10 11  8  9   10 11 10  8  7 10  9  9  7  7   11  9  8  7  9  8  0  0  0  0   
 84a   0  0  6  7  9 11  8 10  7 10    8  8  9  7 11  8  8  8  9  8   11 10  6  9 10  8  6  9  8  9   12  6 11  7  8  8  8 10  9  9   
 84b   7 11  8  9 11  9  9  8  8  8    8  9  9 10  8 10  9  9  8  8    8  9  9  7  9  9  7  9 10  8    9 10 10  8  7  9  0  0  0  0   
 85a   0  0  6  9  7  9 10  8  7 10   11  8  9  6 10  9 10  9  6  9    8  8  8  8  9  9  7  7  9  8    7  9 11 11  9  8  8 10 10  8   
 85b   9 10 10  8  7  9  9  7  9 10    8  8 10 10 11  7  8  8 11  9    9  8  7 10 11  9  8  8  8  8   11  9  8  7  8  7  0  0  0  0   
 86a   0  0  9  9  7  9  7  9  8 11    9  9  9  9  9  9  8  6  8  9   11  8  8  7  7  7 12 11  9  7    7  9 11  8  7  9  9  9  7 10   
 86b   9  8  8 11 10 13 10  7  7  9    8  8  9  8  9 11  7  7  7 10   10  8  8  7  7  8  9  8 12  7    9 10  9  9  9 10  0  0  0  0   
 87a   0  0  7  9  8  8  9  9  8  7    7  7  8  9  7  8  9 10  8  7    8  8  7 11  7  9  8 10 10  9   12  6  8  8  9  8  8 11  8  9   
 87b   8  9 11 10  7  8 10  7  9  7    9  9  8  8  9  8  9  9 10  7   11  9 10  8  9 12  9 11  9  6    8  8  9  8  9  8  0  0  0  0   
 88a   0  0  7  9  8  9  7 11  9  9    8  8  8  8  6  9  8  9 10  7   10  7  8  9  8 10  8  9 10  9    8  7  9  8 10  7  8  8  9  8   
 88b   9 10 10  8  9  9  9  6  8  8    7 11  8 10  8 10  7  9  9  9    9  7  7  9  8  9  9  7 10 12    8  9  7  8 12  8  0  0  0  0   
 89a   0  0  9  8 10  8  8 10  9  7    9 10  6  7  9  7  9  8 10 10    8  9  8  8 10 10  9  9 10 10   10  8 10  9 10  8  8  9  9  9   
 89b  10  9  9  8  8 11  8  7  7  9    9  9 10  9  7 10  7 10  7 10    8  8  8  7  9 10  8  8  9 10    8  8  9  9  8 11  0  0  0  0   
 90a   0  0  9  8 12  9  7  8  9  8   10  8  8  7 10  8 10  7  8  8    8  9  7  8  8  9  7  7  8 10    7  7  8  8  9 11 10 10  9 10   
 90b   8  9  9  7  6 11  7  8 10 10    8  7  8 11 14  8  8  8  9 10    8  9  7  8  8 10 10  8  9  8    9  9  7  7  7 10  0  0  0  0   
 91a   0  0  7  9 10  8  8  8 11  8    7  7  9  6  9  8  8  8 10 10   10  9  7  8  7  7 11  7  7 10    7  8  9 10 10  9  9 11 10 10   
 91b   9 11 11  7 11 12  9  9  9 10    9  8 12 10  9 11  9  9  9  8    8  8 11  8  7  8  9  8  8 10    8 10  8  8  8  8  0  0  0  0   
 92a   0  0  6  8  9  9  9 10 10  6    7  9  8  8  8  8  7  7  7  9    9  8  8  9 10 10 13  9  9  9    9  8  9  8 10  8 11  9  7  9   
 92b   9  8  9  7  9  8  8  8  8  7    9  8  9  9  9  8  9  9  8  9    9  8  8  8 11  9 10 10 12  9    9  9  9 10  7  9  0  0  0  0   
 93a   0  0  6  7  6 10  9  7  8  7   10 10 10  9  8  9  7 10  8  8   12  8  8  7  9  9  5  8  8 10    7  7 10  7  8  9 11  9  9  8   
 93b  10 11  8  6  8  9  8  9  6 12    7  8 10 10 10 10  8  8  9  8    9 10  9 10 10  9 11 10  8  9    9  9  9  8  8  9  0  0  0  0   
 94a   0  0  9  9  8  9  8 10 11  8    9  9  9  7  8  7 10  8  9 10    6  7  8 10  7  8 10  9  7 10    7  8 11  9  7  8  8 10 10  9   
 94b  10 10  7 11  8 10  9 10  6  9    6  9  9  8  8  9  6  8  9  9    9  9  8  9  8  9  9 10 10  8    8  8  9  9  9  8  0  0  0  0   
 95a   0  0  7  7  8 10  7  8  8  9    9  9  7  8  7  8 10  9  9  9   10 10  7  7  9  9  8  9  9  9    8  7  9 10  9  7  8 10 10  8   
 95b  11  9  7  9  9 10  8  8  9  7    8  9  8  9 11 11  8  9  7  8    8  8  9  9 10  7  9 10 10  8    8  8  7  9  8  9  0  0  0  0   
 96a   0  0  8  9  9  9 10 10  7 10    7  9  9  7  7  7 10  9  9  8    6 11  8  7  8 10  6  9  9  8    7  7  7 11  7  7 10 11  8 10   
 96b   7  8  8 12  7  7  8  6  7 11    8  8  9  8  8 14  8  9  9  8    8 10  7  7 10 10 10  8  9  8    7  9  9  8  8  9  0  0  0  0   
 97a   0  0  8  6 10  9  7  9 10 12    8  8  7  9  8  8  6  9 10  8   10  7  7  7  9  8 10  6  7 10    7  9 11 10 10  9  8 10  9  8   
 97b   8  8  7  9  9 12  9  9  7 10    8  8 10  8  9  9  8  8  9 11    9  9 10  9  8  9  8 10 10  9    8  9  8 10  8  8  0  0  0  0   
 98a   0  0  8  5  9  8  7  8  8  9    9 10  7 10  7 10 10  9  8  9    9  7  7  7  9  8  7  7 10  8    7  9 10  9  7  6  9 10 10  9   
 98b   8 11  9  9  9 10  9  8 10  9    8  6 12  8  9  9  8  8 10  9   10  9  9  9  8  9  7 10  9  9   10  9 10 10  9  9  0  0  0  0   
 99a   0  0  8  9 10 10  8  8  9 10    8  8  7 10  7  7 10  9  8 10    9  9 10  8 10 11  7  7 10 12    9  7  9 10  9  9 10  9  9  9   
 99b   7  8  8 10  9  8  9  9  9  8   10  6  9  8  9  9 10 10  9 10    9 10 10  9  8 10  8 11  8  9    7  9  9  9  9 10  0  0  0  0   
100a   0  0  9  8  7  9  7  7  6  7    8  7  7  7  9  9  9 10  8  8    8  8  8 10  9  9  9 11  9 11    8  8  9 10  7 10 12  8 11  9   
100b   8  7 10  9  7  7 11  7  9  8   11  9 10 10 10  8  9  7 10  9    7  8  8 10  8  9 10  8  8 10    9  9 10  9 10  8  0  0  0  0   
101a   0  0  8  7 10 10  8  8 10 10   12  7  7  9  7 11  9  9  7  7    6  8  7  8  8  8  8  8  8  8    9  9  9 10  8  8  8 11  9  8   
101b   8  7  9 10  9 10 10  7 12  9    8  8  8  9 11  9  9  7  6  8   10  9 10  9  7 10  9  9 11  8    9  7  9  8  8  7  0  0  0  0   
102a   0  0  9  8 10  8  9  7  9  7   10  9 10  8  9  8  9  9  9  9    9  9  6  7  7  9  7  9  7  9    7  8  7  9  9  9  8  9 10  7   
102b   9 12 10 10  8  9  8 10  9 10    8 10  8  9 12  9  8 10 10  9   10  7  8 12  8  8  8 10  9  9    8  8 10  8 10 10  0  0  0  0   
103a   0  0  8  8  8  9  9  7  9  9    7  9  8  8  8  8  9  9 10  8    9  6  5  6  8  8 10  7 11  9    8  9 10 10  7 10  8  9 11 10   
103b   9  9  9  9  8  8  7  9  8  8    8  8  8  9  8  9  9  7 11  9   10  7  9 10 11 10 10  7 11  8   10  9  8  9  9  9  0  0  0  0   
104a   0  0  6  6  9  7  9  7  9  7    7  7  7  7  9 10  8  8  8  8    7  7  8  9  8  9  8 10 10  9    8  9 11 10  8  8  9  9  8  8   
104b   9  8 10 10  8  8  8  7  8  8    7  8  9  9  9 10  8  8  8 10    8  9 10  9  9  7  8 11  7  8   10  9 10  9  8  9  0  0  0  0   
105a   0  0  7  9  9  9  8  9  6  9    9  9  9  8  7  8  6 10  8  9    9  9  8  9  8  9  7  7  9 11   11  8  8 12 10 10  8 10 10  9   
105b  10  7  9  9  9  9  6  7  9 11    8 10  9  7  9 10  9  9  8  9    8  7 10  7  9  8 10  7  9  8   10  7  9  9  9  7  0  0  0  0   
106a   0  0  8  7  9  9 11  8  9 11    8 10  8  5  8  8  8  8 10 10    7  9 11  8 11  8  9  9  8  7    6 10  9  7  7 10  9  8 12  9   
106b  11 10 10  8 11  9  9  9  8  6    9  9  8  9 10 10  7  8  7  9   10 10  9  8  8 10  8 10  7  8    9  7 10 10 11 10  0  0  0  0   
107a   0  0  8  8  7 10  8  8  8  8    8  8  8  8  9  7  9 11  8  8    8  8  9  7  8  9  7  8  8  6    8  9  7 10  8  9 11  8  6  8   
107b  10 11 10 10  9  9  6 10  8  9    8  8  9  8 12  8  8 11  7  8   11  9 10  9 10 11  9  8  8  7   10  9  9  7  9 10  0  0  0  0   
108a   0  0  8  8  7  8 10  8  8  8    8  7  9  7  7  9  7 10 12 11    7  8  8  8  9  9 11  9  9 10    8  7 10  9  8  7 10  8  9  9   
108b   9  8 11  9  8 10  9  9  8  9    8  9  7 10 10  9  8 10 11  8    9  9  8  9  9  7  9  7  8  9    9  8  7  8  8  8  0  0  0  0   
109a   0  0  8  9 11  7  8  7  8 10    9  9  7  8  8  9  9  8  8  7    9  7  7  8 10  9 10 10  7  7    8  7  9  9 10  9 10  9  9  9   
109b   9  7  9 10  7  7 10 10 10 10    8  8 11  8  9 10 11 11  9 10   11  9  7 10  9  9  9 10  9 10    9  9  8  8  9 10  0  0  0  0   
110a   0  0  9 10  8  7  9  8  7 10    9  9  8  6  9  8  8  8  9  8    7  8  9  8 10  9  6  8 10  9    7  9 11  7  8  8  9  9  9  8   
110b  12  9 10  9  9  7  8  9  7 10    8  8  9  8 11  8  8 10  9 12    8  8  8  8  7  9  9  9  7  8    9  7  9 10  9  8  0  0  0  0   
111a   0  0  6  9 10  7  8  8 10  9    8  8  7  8  9  9 10  8  9 10    8  9  8 10  8  9  9 10  8 10    9  8  7  9  7  8  8 11 10  9   
111b   9  9 10 10  8 11  9  7  9 10   10  6 10 10  8  7  7 10  9  8    9  9  8 11  9 10  8  9  8  8    9  9 10  8  7  8  0  0  0  0   
112a   0  0  8  9 12  8  7  9  8  9    9  8  7  9 10  9 11  7 11  9    8  7  8  8  9  7  6  8  9  8    7 10  8  9 11 10 10 10  8 11   
112b  10  9  7  8  8  7  9  8  9  8    9 10  9 10  9  7 11  8 10  9   10  8  9  8  9  7 10  8  9  9   10  8 10  9 10 10  0  0  0  0   
113a   0  0  7  8 11  8  7  9  8  9    9  7  7  9 10  8 10  7  9 11    8  7  8  7  8  7  9  6  7  9    7  8  9  8  9  8  8  7 10 12   
113b  12  9  9 10 10  8  7 10  9  7   10  8  8  7 12  8  7  9  9  9    8  6 10  8 10  7 10  6 10  8    9  9  9  8  7 11  0  0  0  0   
114a   0  0  5  7  9  8  8 10  8  8    7  7  7  6  8  9  8  8  8  8    8  7  6  7  8  8  9  9 10  7    9  9  9  8  7  9  9 10 12  8   
114b  10  9  8 10 11  8  8  7  9  8    7  9 10  8  9  7  8  9 10 10   13  8 11 10 11  7  9  9  8 10    9 10 11  9 12  8  0  0  0  0   
115a   0  0  8  9  8  8 11  8  8  7   10  7  7  8 10  9  8 10 10  8    9  9  8  8  7  8  7  7  8  9    7  6 10 11  8  7 11 10  9  8   
115b   8  9  8 10  9 10  8 13  8  9    9  9 11  8  9 10  7  8  9 10   10 10  9  9  9  8  7  8  9  8   10 10 10  9 11  9  0  0  0  0   
116a   0  0  7  9  9  9  8  6  9  7   10 11  9  8  9  8 10 10  9  8    7  8  7  8  9  9  9  7  9  9    8  8 10  9  8  8  9 10  9  9   
116b   8  9  9 10  9 11  9  8  8  9    8  8  8  9  8  8 10 10 11 11    7  9  9  8 10  9  7 10 10  9   12  9  8  9  6  8  0  0  0  0   
117a   0  0 10 10  7  8 11 10 10  9    8  8  7  7 12  8  9  7  8 10   11 10  9 11 10  8  6  8  9  8   10  8  9 13 10  8 13 10  7  8   
117b  10  9  8  9  9 10  8 11 10  8    8  8  9  9 12  9  8 10  9  9    9 10 10  7  8  9  9 11  8 13   10  9  8 12  7 10  0  0  0  0   
118a   0  0  8  9  8  9  8  9  9  8    8  8  8  9  9 10 10 11  7  8    8  9  8  9  9  8  6  8 11  8    7  8  7 10  9 10 10  9 10  9   
118b   6 10  9  9  7  6  9  9  9  9   11  9 10 12  9  8  8  7  9  9    8  7 10  9  8  8  8 12 11  8    7 10  7  8  9  7  0  0  0  0   
119a   0  0  9  7  9  9  6  9  8 10    6  8  9 10  7  9  9  8  9  9    6 11  6  7 11 11  8 10  9  7    9 10  9  8 10  7  8  9 10 11   
119b   9  7 10  8  9  7  7 10  8  8    9  7  8 11 10  9  8 11 10  8   10  8 10  9  7  9  7  9  8 11    8 10  9  7  8  9  0  0  0  0   
120a   0  0  7  9  8  7  9  9  8 11   10  9  7  9  7  7  7  9  8 10    7  7  9  8  9 10  8  7  9  8    8  8  9 11  8  8  8  7  9 11   
120b  10 10  8 11  8 10  8  9 10  8    8  7  9  9 10 10  9 10  8  8    7  9  7  9  9  8  8  8 10  9    8  8  9  7 11  9  0  0  0  0   
121a   0  0 11 10 10 10  9  8 10  9    7  9  8 10  8  8  8  8  8 10    8  9  9  7  8 11  8  8  9  9    7  7 11  8  7  8  9  9 10 10   
121b  10  9  8  9  7  7  9  7  9  9   13  8  7  8  7 10  9 10 11  9    8  8  8  8 10 10  8  9 10 10    9  8 10 11  7 10  0  0  0  0   
122a   0  0  7  7  8  8  7  9 10  9    9  9  9  7  9  8  8 11  7  9    8  9  7  7 10 10  8  8  8  7    9  8 11  9  9  7  8 10  9  9   
122b   9 11  9  9  9 11  8 11  9 10    8  8  7 10  8 11 10 11 10  8    9  9  9  9  9  8  9  9  8  9    9 10 12  9  9  8  0  0  0  0   
123a   0  0  8  9 11 10  8  9  7  9   11 10  8  6  9  9 11  9  8  8    8  8  7  7  8  9  7  9  8  8    9  7 10  7  8  7 10 10  9 10   
123b  11  9  9 10  8 10  8  7  9  8    8  8  7 10 10  9  9 10  9  8    9  7 10 10  9  9  9  8  9  8    8 11  8  8  7  9  0  0  0  0   
124a   0  0  7  8  8  9  7  8  9  9    8  7  7  8  7  8  7  9 11  9    8  8  8 10  8 10  7  7 11  8    6  9 11 12  6  9 10 10  8  8   
124b  10 10  9  9 10 10  8 10 10  8    7  9 10 13  9 10  8 11  9 11    9  7 10 10  8  9  9 10 10 10   10  8  9  9  9 10  0  0  0  0   
125a   0  0  7 11  8  9  8  9  7  9    9  8  6 10  7  8  6  9  7  9    8 10  7  8  8  8  9  8  8  8    8  9 10  9  8  7  7 11  7  9   
125b   8  8  8 10  8  9 10  6  7  8    9  8  8 10  8  9  8  8 10  9   10 10  9  8 11  9 10  8  9  9   11 10 12  9  8  9  0  0  0  0   
126a   0  0  8  8  9 10  8  8 10  7    9  8  7  8  9  8  6  7  8  8    8  9  9  7  9 10  7  9 10 11    7  8  8  9  8  9  8 10  7 12   
126b   7  9  9 11  8 12  9  9  8  7    9  9 10 12 10  9  8 12  8 10   11 10  9  9  9  7  9  9  9 10   10 11  8  9 10  8  0  0  0  0   
127a   0  0  9  7  9  8  9  8 10  9    7  9  7  8 10  9  9  9  8  9    9  9  8  9  9 10  8  6 10  9    7  7  9 11  7  8  9 12 10  9   
127b  12 10 10 10  9  8  9 10  8  7    9  6  9 10 12 10  8  8 10  8    9  9 11  9  9  9  7  8  9 11    9  8 10  8 12 10  0  0  0  0   
128a   0  0  8  7  8  8  9  8 10  7    8  9  6  7  9  8  9  8  9  7    9  9  7  8 10  8  9  8 11  8    8  9 11 11  9  7  8  7 10 10   
128b  11 11  9  9 10 11 10  9 10  9    7  9  8  8  9 11  9 11  9 10   11 10  9  9  8 10 11  9  9  8    8  8  8 10  9  7  0  0  0  0   
129a   0  0 12  8 11 10  9 10 10  8    7  8  7  8  8  8  6  8  9  6    7  9  7  7  8  9  7 10  7 11    8  7 10  9  8 11  8  9 10  9   
129b  11 12 10  7  9  9  7 10  7  9    8 11  7  9  9 10  8  8 10 10    8  9  7 10  9 10 10  9 10 10    7  8  9 11  8  9  0  0  0  0   
130a   0  0  8  6  8  9  9  8  9  9    8  7  9  7 10  9  8  8  7  8   10  8  7  8 11  9  8  8 12 10    9  9  8 10  8 11  9  9  8  9   
130b   9  9 10  9  9  9  9  8  8 10    9  9 11 11 10  8  9  9  9  7    9 10  8 10  9 10  9 10  9 10   10  9 10 10  6 11  0  0  0  0   
131a   0  0  9  7  9  8 10  8  8  8   10  8  7  8  9  9  8  8 12  9    8  7 11  7  9  9  7  8  8  9    8  9 10 10  8  9  9 10  9 11   
131b  10  7  8  8  9  7  9  9  8  8    7  9  9  9  9 10  9  8  8 10   10  9 10  8 13  8  8 11  9 12    7 10  8 10  9  8  0  0  0  0   
132a   0  0  9 10  6 10  9  8  8  9   10  9  8  8 10  8 11  9  9  9    9  8  7  8  7  9 10  8  8  9    9  9 12  8  8  9 11  8  9 10   
132b   8 10  8 10  9 12 10  8  9  7    9  8  7  9  8 10  8  9  8 11    8 10 10  8 11 11  9  8  9 11    7  9  8  9  9  8  0  0  0  0   
133a   0  0  7  9  9  7  9  9  9  6   10  7  8 10  9  9 10 10 11 10    8  9  9  8  9  8  8  9 10  8   11  9 10  7  8  8  7 10  9 10   
133b   9  8  9 12  9  8  8  7  8 10    8  8  9  9  8  9 11 11 10  9   10  8 10 10  9  9 11 10 10 10    9  9 11  9 10  8  0  0  0  0   
134a   0  0  9  8  9  7 12  8  9  8    9  8  8 10  8  9  9  9  7  9   10 10  9  7  7  6  7  7 10  9   10  8 10 10  9 10 10 11 10 13   
134b   8  9 10 11  8  8  7 11 11  7    8 10  9  8 12  8  8  9  9  9   10  8 10  8  9  8 10  9  9 10   10  8 11 11  8  9  0  0  0  0   
135a   0  0  8  7 13 11  8  8 11 10    9  7  6  8  8 10  7 10  8 10    8  9  9  8  9 12  9 10  8 11    8  8  7  8  8 11  8 10 10  8   
135b  11 12 10  8  9  9  8  8  8  7    8  7  7  8  9  9  9  8 12  8    9 10 11 10  9  8  9 10  8  9   10 10 12 11  9 10  0  0  0  0   
136a   0  0  9  7  9  9 10  9 10  8   10 11  8  8  7  8  7  8  7 12    7  8  9  8  9  8  7  9  9  8    7  8  8  9  6  8 10  8  8 10   
136b  12 11 14 12 10  9  7  7  8  8    8  8  9 11 10 10 12  8 10  9    8 10  9  9 10  8 11  9  9  8    8  8 11 10  8  9  0  0  0  0   
137a   0  0  6  8 12 10  9 10  8  8    8  9  8 10  8  6  7 10  8  9   10 10  7  7 10  8  8  8  9  7   10  8  7  9  9  6  9  8  9  8   
137b  10 10  9 13  6  8 10 12  7  7   11  8  8  8  9 12  9  9 11  8    9  8 10  9  9  8 11 10  9  9    8 10 10  9 10  7  0  0  0  0   
138a   0  0  8  9  9 10  6  9  8  9    8  8  8  9  9 10  7  8  9  8    9  6  6  9  8  9  7  8 12  8    8 10 11  9  7 10  7 10  9 10   
138b   9  9  9 11  9  9  8 10  9  6   10 11  9 10  9 11  8  9  9  9    7 10  8  7  9  8  8  9  8 11    9 11  7 11 10 11  0  0  0  0   
139a   0  0  0  8  9 11  7  9  9  8    8  8  9  8  7  8  9  8 10 10    8  9  7  9  8  8  8  7 10 11    7  8  8  8  8  6  9 10  9 11   
139b   8 11  9  9  9  8 10  9  7  8    8  8 10 11  9  9 11 10 10  9   11  9 11 10 10  9 10 10  9 12    9 10  9  9  9 11  0  0  0  0   
140a   0  0  7  7  8  7  9  8  9  8    8  9  8  8  9  8 11  9  8  9    8  9  7  6 11  8  9  8  7  8    9 10  9 10  7  8 10 10  6  9   
140b  11  9  8  8  9  8 10  9  8 10    8  9  9  9 10 10  8  8  9  9    9  9  9  8  9 10  7  8  8  9    6  7  9  8  9  8  0  0  0  0   
141a   0  0 10  6 10 10  8 10 10 10    8 10 10  9  9  7  8  9  7  8    7 10 11  8  7  9  7  9  8 10    7  8 10  9  9  8  9 13 10  9   
141b  10 10 12  9  9  8  7 11  9  8    8  8 10  9  9 10  9 10 11  7   10 10  9 10  9  9 12  7  7  9    8 11  9  9 10  8  0  0  0  0   
142a   0  0  8  8  8 10  8  9 10 10   10 10  7  6  9  9  8  8  9  7    8 11  7  7  8 10  8  6 10  8    8  7  9  8 11  5 10  9 10 11   
142b   8  9  9  8  7  7 12  9  8  8   10  9 10  9  9 11 12  8  9 10    9 10  7  8  9  9 11 10  9  9    8  9  7  9  9  9  0  0  0  0   
143a   0  0  8  9  8 10  9  7 11  8    9  9  6  8 11  8  8  7  8  8    8  6  9  7  8  8  6  8 10  9   10  9  9 11  8 11  9 10  9 11   
143b  11 10 12  9  9  9  8 13 11  8   11  8  9 10  8  8 10  8 10  9    9  9  7  9 11  7  9 11  8 10    9  7 10 10  9  8  0  0  0  0   
144a   0  0  9  8  8 10  7  9 10  8   11 10  9  7 10  8  7  8 10  9   10  9  9  9  9  8  7  8  9  8    8  9 10 11 10 10 10 10  8  9   
144b  10 10 11  9  8 12  9 11  7  9   10  8  7  7 10 11  8 10  9  9   11  9  9  7 10  9  9  9 11 11    9  9  9 10 10  9  0  0  0  0   
145a   0  0  7  7  9 10 10  8  8 10    9  9 10  7  8  8  8  9 11 10    8  9  8  7  9 12  8  9  9 10    9  9  8  8  8  9  8  8 15 10   
145b   9  9 10  8  8  7  7  8 10  9   10  6 11  8  9  9  8 10  8 11    7  8 10  8 10  9 10  9  9  7    9 10 10  9 10  7  0  0  0  0   
146a   0  0 10  8  8  8  9  9 10  7    9 10  6  6 10  8  8  8  8  8   11 11  9  9  7  8  8  9 11  8    7  8  9 10  7 10  9  8  8 10   
146b   9  9 10 10 10  9  9  9  8  9    8 10  8  8 10 12 11  9  9  9   11 10  8  7 10 10 11 10  9  8    7  8  9 10 10  8  0  0  0  0   
147a   0  0  7  7 10  9  8  9  8 10    8  6  8  8 11  8  9 11  8  8    8  9  8  6  8  6  5  6  9  9    8  8 11 12  8 11  7 10 10 10   
147b   7  7  9 10  8  7  8  7  8  7    8  6  9  8  9 10  9  9  8  8    8 11  8  8  8  9  9  8  9  7   10  9  7  8  9  8  0  0  0  0   
148a   0  0  8 10  9 11  9  8 10  9    9 10  7  7  9  7  8 10  9 10    8  9  7  8 10 10  8  9  9  9    6  8  8 11  8  9  8 11  7 10   
148b   9 12  9  8  8  7  8 11 12  9    9  9  9  9  9  8 10  9 10 10   10  7  9  8 10  8  9 11  9  7    9  8  9  7  9  8  0  0  0  0   
149a   0  0 11  9  8  8  8  9  8  8    8  8  7  9  9 10  9  7  9  8    8  7  9 10 10  9  7  8  6 10    6  7 10  9  8  8 12  9  9  9   
149b  11 13  8 10  9 11  8  7  9 10    9  6  6 11 10  8  9 11  8 12   10  8  8  9  9 11 10 10  9 13   10  7  8 10  8  9  0  0  0  0   
150a   0  0  7 10 10  9 10 11  8  7    9 11  9  7  8 10  9  9  7  7    9  9  7 10  9  9  8  8  8  9    7  8  8  8  9 10  9 10  8 12   
150b   9  9 10 11  8 11  7  8 11 10   10 10 10 10  9 10  9  9 11  7    8 11  8  9 11  9  9  8  9 10    9  8 11 10  9 10  0  0  0  0   
151a   0  0  8  8  9  9  9  7 10 10    8  7  9  7  8  8  9 11  7  6    8 10  8  9  9 10  7  7  9  8    7  8  8 10  8  9  9  8  7  9   
151b  10  8  9  8  7 10  9  9  6  6   11  8  9 10 10  9 10 11  9  9    9  9 11  8 10 11  8  9  9  9    9 10 10  9 10 10  0  0  0  0   
152a   0  0  9  7  9  9 10  7  8  9   10  7  8  7 10  8  8  9  8  8    8  9 10 10  8  8  7  7  7  8    7  9  8 10  7  6 11  7  9  8   
152b   9  8 10  8  9 12  9  9  7  8    8  6  9 10  8  9  9  9  7  8    8 10  7 11  7  7  9 11 10  9   10  7  9 10  9  7  0  0  0  0   
153a   0  0  7  8  9 11  9 10 11 10    8  9  7  7  9  9 10  8 10  8   12  8 10  9  7  8  8 10 10 11   12  8 10  8  6  8  9 12  8 10   
153b  12 10 10  9  7 10  9  7  8  7    6  8 10  9 10  7 10  8 10 10   10  9  8  9  8 10  7 11 10 12    9  9  8  8 11  9  0  0  0  0   
154a   0  0  8  8 10  9  9  8  8  7    9 10  8  6  8  8  8  7  8  9    7  9  7  9  8 10  7  7  8  9    9  7  9  9  8 11 10 10 13  9   
154b   8  8 11  9  9  9  9  8  9  8    8  8 10  9 10 10  9  9 10 10    8  9  9  8 11  8  8  8 11  9    8 10  8 12  8  9  0  0  0  0   
155a   0  0  8  7  9  9  8 10  9  8    8 10  8  7 10  9  7  6  8  9    7  8  7  8 10  8  8 11  9  8    8  7 10  9  7  9  9 10  9  9   
155b  10  9 13  9  9  9  8  8  7  7    7  9  8 10  9  9  8  9  8  8    9 10 10 11  9  9  8  8  9 11   10  9 11  9 10  8  0  0  0  0   
156a   0  0  8  7  7  8  8 10  8  8    8  9  6  7  7  9  9  8  9  9   10  8 10  9 11  9  9  7  7  8    7  8 10  8  9  9 10  9  8  9   
156b   7  8  9  9  9 10  6  6 12 11    9 10 12  8  9 11  9 10  9  8   13  9  8  8  8 10 10 11  9  9   10  9 10 11  8 10  0  0  0  0   
157a   0  0  9  7 10  9  7 12  8  8    7  7  8  9  9  9  8 10  9  7   10 10  6  7  8 10  8  8  8  8    8  7 11  9  8  9  9 11 10  9   
157b  11 11 10  7  7  8  9  8  8  8    9  9  8  9  9  9  9  8  7  9   10  9  7  8  8  9  6  8  9  8    8 11  8 10  9  9  0  0  0  0   
158a   0  0  9  7  8 11  7 10  9  8    9 10  8  7 11 10  9 10  9  8    9  9  6  7  8 10  8  7  8  8   10  7  7  8  7 12  9  9 10 11   
158b   7  9  9  9  7 10  9  7 10  9    7 10 11  9  8 10 10 11  8 10    8  9  7  8  9  9 10 10  9  9   10  9  9 11  8  9  0  0  0  0   
159a   0  0  7  9  9 10  8  9  9  9    6 10  8  9 11  8  9  8  8  8    9 10  8  9  8  9  9 10  9  8    6  9 10  9  7  9 10  8  9  9   
159b  12  9 10  8  9 12  9  8  9 11   11  8  9 10  9 10 10  9  9  9    9 10 10  8  9 10  8 10 10 10    8 10  8  7  7  8  0  0  0  0   
160a   0  0  8  9 10 10  8 10 10  9    7  9  7  9  9 13  8  9  9  8    8  9  8  9  7  9  7  7  9  8    8  6  8 10  6 10  7 12  9 10   
160b   8  8 10 10 10 12  8  9  9 10    8  8  8 10  8  8 10 10  8  9    9  9  7  9  9  8  7  9  8  7    9  8  8 10  8  8  0  0  0  0   
161a   0  0  7  7  8 10  8  9  8  9   10  8  6  9  9 11  9  8  9 10    9  7  7  7  8  8  9  8 10  8    9 11 10  9  8  9 10  9  8  8   
161b   8 10 12 10  8 11  9 12  8  7   10  8 10 11 10  8  8 10  9  8   12  9  9  7  9  9  9  7 10  8   10 10 10  9  8 10  0  0  0  0   
162a   0  0  7 10  8  7  8  7 10 10    8  7  7  9 10  8  8 11  8 11    9  9  8  8 10 10  8  8  8 10    7 11  8 11  7  7 11  8 11 10   
162b  11  9  9  9  9  8  8  8  8  8    7 10  9 11  8  8  6 11 12  9    8  8  7  9  8  9 10  8  9 11   11  7  9 11  9 11  0  0  0  0   
163a   0  0  9  9  9  8  9  8  9  8    8  9  7  8 10  8  8  7  7 11   10 10 11  8  9 11  8 11  8  8    8  8 10 10  8 10 12  9 11  9   
163b   8  8 11 10  8  9  8  7  9  9    7  9 11  9  7 10 10  9  9  8    8  7 10 10  8  8  8  7  8  9   10  8  9  8 10 10  0  0  0  0   
164a   0  0  8 10 10  9 11  8  8  8   10  8  9  7 10  8 10  8  8  8    9  7 10  8  8  9  9  9 10  9    8  9 10 10  8  8 12 11 10  8   
164b  11  9  9  7  7  7  8  9  9  9   10  8  8  9 11 10  9  8  8  9   10  9  9  8 10  8  9  9  9  7    8 10 11  8  8  8  0  0  0  0   
165a   0  0  8  9  8 11  8  6  9  9    9 10  6  8  9 13 10  8  6  9   11 10  8  7  9 10  8  8 10  9    9  6 10  9  6  7 10 10 10  9   
165b   9 11  9  7  7  7 10  7  7  9    8  6  8  8  8  9 12  8  9  9    8  9 10 10  9  9  8  7 11 10   10  9 10  9  8  9  0  0  0  0   
166a   0  0  7  7 11  8 10  9  9 12    8  9  6  7  9  7 11 10  9 10    8  8  7  8 10 10  8  7  7 13    7  9 10  9 10  7  7  8  7 12   
166b  10 11  9  9  8  8  9 10  9  8    9  6  9  7  9  9 10  9  8  9   12  9  8 10  8  8  9 10  9  9   10  9  9 11  7  9  0  0  0  0   
167a   0  0 10  8  9  8  7  9  8  9   10  7  7  8  8  7  8  9 10  9    9  8  9  9 10  8  7  9  7  8    9  9  7  9  8  6 10  7 10 10   
167b   9  8 10  8  8 12  9  9  9  8    8  7 11 11  9 10  7  9 10 10    9  8 11  9  8 10  8  8  9  7    9  8  9 10  7  9  0  0  0  0   
168a   0  0  7  7  7  7 11  7 11  9   11  7  6  7  8 10  8  9  8  9    7 10  6  9  8  8  9  9  9  9    9  7  9 10 10  9  8 11 10  9   
168b  11 10  7 10  7 10  8  8  8  9    6  9  9 11 12  9  8 11  9  6    9 10 11 10  7  8 10  7  8 11    8  9  9  9  7  8  0  0  0  0   
169a   0  0  8  8  6  8 11  8  9 10    9  8  8  8  9 11  9  8 10 10    8  9  7  8 10 11 10 10 10 10   12  9  9 11  8 10  8  8  8  8   
169b   7  9  8 13  8  7  9  9 10  8    8  8  7 10 11  9 10 10 10  8   10  8 11  9 10  8 11  8  8 10    7  7  9  9  8  8  0  0  0  0   
170a   0  0  9 10  6  9  7  7 10  8    8 11  9  8  9 11  8 11  8  8   10  9  6  8  8 10  9  6  8  6    8  9 10 11  9  8  9  7 10  9   
170b  10  9 11  8  7  7 10  9  8  9    8  7 10 10  9  9  9  9  9 10    8 13  8 10  8 11  8  9  7 10    9  6 10  7 10 10  0  0  0  0   
171a   0  0  9  9  9  9  8  8  7  9    8  9 10  7  9  9  8  7  8  8    7  9  9  9  8  9  8  7 11  8    7  9 10 10  7 10  9 10  9 11   
171b  10 10 11  9  9  8 10  8  9  8    8  9 10  8  9 13 10  9  8  9    9  8 10  7  8 10  8  9 10  9    9  7  7  9 13 11  0  0  0  0   
172a   0  0  7  9 10  7  9  7  7  8    7 10  7  9  8  9  8  6  7  7   12  7  8  7  8 12  7  9  7  8    9  8  7 10  7  7  8 11 10 11   
172b   9 10 10 10  8  9  8  9  9  7    8 10  9 10 11 10  8 10 12 10    9  8  8  9 10 11  8 10  9  8   11 10  9  9  8 10  0  0  0  0   
173a   0  0  7  7 10  9  8 10  9  8    8  6  7  9  8  8  8 10  9  8    8 10 11  7 10  9  8  8  9  8   10 10  9  8  9  8  7 10  9 10   
173b  12  9  8 12 10  8  8  8  8  9   11  8  9 12 10  9  9  9 10  9    9  9  9  7 10 11  8  9 10 12   10 10 11 11  9 11  0  0  0  0   
174a   0  0  7  8  7 12  9  9 10  9    9  9  8  7 10  9  8  8 10  9    8  8  7 10  9 11  8 10  9  9    7  7 10  9 10  9  7 11 12  9   
174b   9  9 10  9  9 12  9 12  8  7    7  8 10 11  9  9  7  9 10  8   10  7  8  9  8 11  8  9 10 10    9  9  9  9  9  9  0  0  0  0   
175a   0  0  7  9 10  9 10 10  7  7    9  9  7  8  9  7  8 10 12 11   10  8  9  8  8  7  7  7  7  9    8  7 10  7  9  9  9  9  7  9   
175b   9  8  9 12  9  8  9  9 10  9   11 10 10 11  7 10  9  9  9 10   11 10  7  8  9  9  9 12  8  9    7 11  9  6  9 11  0  0  0  0   
176a   0  0 10  8  8  8  9  7  9 10    8  7  6  7  8 10  8 10  9 10   10  9  9  8  8 10  8  7 12 10    7  7  8  9  7  9  8 10  8  6   
176b  11  9  9 10  8 10  7  8  7 10   11 10  9 10 11 11  9  9  9  9   11  7  7  7  9  9 10  8  8  9    8  8  8 10  9 10  0  0  0  0   
177a   0  0  7 10  9  8  8 10  7  8    8 10  8 10  9  8 10  9  9 10    9  9  8 10 11 10  9  9 10 10    7  7  9 10  8  9  8 10  9  9   
177b  10 10 10 12  9  8  8  6  6 10    9 10  8 11  9  9  8 10 10 11   11  8 10 11  7 10  8  8  9 13    9  8  9  6  8  9  0  0  0  0   
178a   0  0  8  8  8  8  8  7  8 10    8  8  8  6  9  8 11  8 10  8    9 12  7  9  9 11  7  9  9 10    8  9 12 10  8  9  9  7 10  9   
178b  10 11 11  9  8  9 13  8  9  9   12  8 11  9  8 11  7  8 10  9    8  8  8  8  8  8  8  8 10 12   10  8 10  8  9  9  0  0  0  0   
179a   0  0  6 10  9  7 10 10  7 10   10  7  7  8  7 10 11 10 10  8    9  8  7  8  9 10  5  8  9  9   10  7  9  9  7 10  9 11  8 12   
179b   7  9  9  9  8  8  4 11  9  8   10  9  9 11  9  8  8  8  8 10   11 10 10  8  8  8  8  9 10 12    7  9  7 10  0  9  0  0  0  0   
180a   0  0  9  9  9  9 10  8 10  8    8 10  8  8 10  9  7  9  8 11    8 11  7  8 10  7  8  7  6 11    8  8 10  9  8 10 10  9  9 10   
180b   9 10 11 10  8  9  8 10  9  6   10  8  9 10  9  8  9 11 11 10   10 12  8 11  8 10  8  9  6 10    9 10  8  8  9  8  0  0  0  0   
181a   0  0  9  9 11  8 10  9  8  8   11  9 10  0  9  7  9  8  9  8    8  9  8 10  8  8 10  8  9  7   11  8 12  9  8  9  6  8  8 10   
181b   9  9  8  9  8  9  8  9  9  7    7  8  9  9  9 10 11  8  9 10    9 10 10 10  9 12  7  9  8 10    8 12  9  8  9  7  0  0  0  0   
182a   0  0  7  9  8  9  9  9  8  8    8  9  9  7  9  8  7  9  7  9    9 10  9  6  6 11  8 10  8  9    9  6  8  9  8  9 12 10  9 10   
182b  12  8 10 10  9  7  9  9  8  9    7  9 10 10  9 10  8 10 10  7    8  8 11  9 10 10  8  8 10  8    9  7  9 10  9 10  0  0  0  0   
183a   0  0 10  8  8  8  8 10  9  8   12 10  7  6  8  7  9  9 10  9    7 11 10  8 11  7  7  8 11  9    8  8 11  8  9  9  9  9  9  9   
183b  11 10 10 11  7  8  9  9  9  8   11 11 10 10  9  8  8  8  8  9    8  8 11 10  7  8  7  9  9  9    8  9 10  8  9 12  0  0  0  0   
184a   0  0  9  8  8 11  8 10  8  8   10 11  8  8  9  8  9  9  8  9   10  9  7  8  8 11  8  9  8  7    9  9  9 12  9 10 12 10  8  9   
184b   8 10 12 12  7  8  9  9  9  8    8  9 10 10  8 10  8 10  8  9   12 12  9  9  8 10  7  9  8  9    8  9 10  9  9  8  0  0  0  0   
185a   0  0  8 11 10  8  7  9  9  8    8 10  8  8  7  6  7  9  9  9    9  9  9  8  8  7  9  7 10  8    9  8  7  8  7  9 10 10 10 12   
185b   9 10 10 10  8 11  9 13  8  9    8 10 10 10  8  9 10  8 11  9   10  7  8  9  9  9  8  9  9  9    8  8  7  8 10  9  0  0  0  0   
186a   0  0  8  9  8  7  9  9 10  9    8  9 10  7  5  8  9  9  9 10   11  8  7  8  8  8  8  9  9 10    8  9  9  7  7  9  9  9 10  9   
186b   9 11 11 10 11  9  9  8  8 10    8 11  9 10  8 11  9  9 11 10    9  9 10  9  9 11 10 12 10  8    7  9  7 11  8  9  0  0  0  0   
187a   0  0  9  7  8  9  8  8  8  8    8  9  7  6 12  8  9  9  8  8    9  8 10  9  8 10  9  8  8  9    8 10  8 10  6  8  9  9  9  9   
187b  11 10 12  9  8  9  8 11  8  8   10 10  9 11  9  9  9  9  8  9    9  9  8  9  8  9  7  8  8  9    9  8  7  9  7  9  0  0  0  0   
188a   0  0 10  6  9  9  7  8  9  9    9  9  7  8  9 10  8  8  9  8   10 10  8  7  7  9  9  7 10 10    7 10  9  8 10 11  8 10  9 10   
188b   8  8  9 10  9 11  9  8 11 10   13  8 10 10  9  8 10  8  9  8   11  9  9  9  8  9  8  8  9 10    9  8  8 11  8  7  0  0  0  0   
189a   0  0  7  9  9 10  9 11  8  9   11 10  9  6  7 10  8  9  9  8    9  9  8  7  9  8  8 11  9  7   10  8 10  8  9  8 14 10  8 10   
189b  11  8 10  8  8  9  8  9  7  9   11 10  9  9  8  9  9  8  8 10    9  9  9 11 10  7  9 10  8  7   11  9  9 10 11 10  0  0  0  0   
190a   0  0 10  6  9  9  8  8  8  7    7  8  9  7  9  9  9  8  8 10    7  7  8 11  9  8  8  8  9  8    9 10  8  8  7  8  9  9 10  9   
190b  10 11 12  9  6  9 10  8  9  8   11 10  9  9  9 10  9 11  9  9    9  9  8  8  9 11  9  9  8  9    8  9  9 11 10  9  0  0  0  0   
191a   0  0 10  9  8  9  8  9  8  8    8  7  9  7 10 11  8  9  8  9    9  9  8  8  8  8  9  9  8 11    9  9 12  7  9 11 10 11  9 13   
191b   9  9  9  9  8  8  7  8  7 11   11  9 11 11  9  9 12 10 10  8   11  9 11 10  9  7  9 10 10  9    9  7 11  9 11  9  0  0  0  0   
192a   0  0  9  7  7  8  7  7  8 10    9  8  9  9  9 10  9  6  9 10    8  8  9  8 11 10 10 10  9 10    6  8  9  8  8 10  9  8 12  8   
192b  10 10  8  9  9  9  9  9  6 10    8  9  9  9 10  8  8  9  7  9    8 10  9  9 11  8  9  8 11 11    7  9 11  7 10 10  0  0  0  0   
193a   0  0  8  8  8 11  7 11  9 11    7  7  8 10  7  6 10  9  9  9    9 10  7  9  6  9  8  9  8 10   10  8 10 11 11  8 10 11 12  9   
193b   9 10 12 11  9 11 10  9 10  8   12  7  8  9  9  7 10 12  9  9   11 10 10  8  8 11 11  9  9 10   10  8  7  9  9  9  0  0  0  0   
194a   0  0  5 10 10  8  8 11 10  9    8 10  7  7 10  8  8  7  7 11   10  8  8  9  7  9  6  8  7 11    8  9  9  9  7  8  8  9 10 10   
194b  10  8  7 10  9  7  9 10  8  8    9  8 10  9 12 10  8 11  9  8    9 10  9  8 10 10  9 10 10  7    8  9  9 10 11  9  0  0  0  0   
195a   0  0  7  8  8  9 10 10  9  8    9 11  7 10  7  8  8  8  9  9    8  8  9  6  8 10  9  8  9 10    8  9 10 11  9  8  8  9  9  9   
195b   9  8  9 10 10  7  9  8  8  7   10  9 10 10  8 11  9 10  8  7   10 11  9  9  8 10 10 10 10 12   10  9  9  7 11 10  0  0  0  0   
196a   0  0  9  9  7  9  9 10  9  7    9  8 11  8  8  8  8 10  7  8    8  9  6  7  9  9  9  7  8  9    9  8 10  9  6 10 11 11  8 11   
196b   9 11 10 10  7  9  7  8  9 10    9  9  8  8  8  9  9 10  8  9    8 11  9 10  8 12  8  8  8 10   10 11  7  8  8 11  0  0  0  0   
197a   0  0  7  8  7  9  9 11 11 11    8  7 10  8  8  8 10  7  6 10   10 10 11 10  9 12  7  8  9 10    8  8  8  9  7  8  8  8  8  7   
197b  10  9  9 10  8  9  7  7  9 11    9  8  8  9  7 10  8 11  7 10    9  9  9 10  9  9 10 11  9  8   10 10 11  9  9  8  0  0  0  0   
198a   0  0  9  7  8 10  8  8  8  9   10  9  9  7  7 11 10 10 11  7    9 10 10 10 10  8 11  9  8  8    9  7 11 10  8  6  9 11 12  9   
198b   8  9  9  9  8  9  8  8  9  8    7  8  8  9  9  9  8 11 10  9   10  9 11 10  9  8  8  9  8  8    7  9 10 11  9 11  0  0  0  0   
199a   0  0 11  8  9  9 10  8  8  9    8 10  9  5  8  7  9 10  9  9   10 10  9  9 10 12  8  9 10  8    9 11 10  8 10  8  7 11  9 10   
199b  10 10  9 11  9  7 10  9  9  6   10  8 10  8  9  9 10 10 10  8    9  8 10  9 10  8  8 11 11 10    9 12  9  8  7 11  0  0  0  0   
200a   0  0  7  8  9  9  8  9  7  8    9  8  8  8 10  9 11  8  8  7    9  9  8  8 11  9  9  8  7 10    8 13  7 11 12  9 10 10 10  8   
200b   9  8 10  8  8  9  9  7  9  9    9  8  8  9  7 10  9  9  8  8    9 10  9 11  8  9  9  9  9  9    8  7 12 10  7  9  0  0  0  0   
201a   0  0  6 11  9  6  8  8  8  8    7  9  7  8  7  9  8  9  8  8    9  8  7  9  8  9  9 10  8  8    8  9  9  9  9  9  9  8 10  8   
201b  11 11 12 12  9  7  8  8 10  8    8  7  9  9 11 10  8  9  8 11    9 10  8  8  8 10 10  8  9  9    8  9  8  9 11 13  0  0  0  0   
202a   0  0  7  7  8 11  8  9  7  8   10  9  5  8 10 10  8  8  9  8    8  7  7  8 11  8  7  9  8 10    9  9  9 10  9  8  7  9  8 10   
202b   8 11 11 10  9  8 10  9 10  8    9  8  9 10  8 11 11 11  9 12   10  8  9  9  7  9  9  7  8  8   10  9 10 10  8 10  0  0  0  0   
203a   0  0  9  9  9  8  8  9  8 10    8 10  8  8 10 10  9  9  7  9    8  7 11  7  9  7  6  8  9 11   10  7  9  8 11  9  9 11  9  9   
203b  10 12  9  7  9  9 10  9  9  7    8 11 11  8  8 10 10  9 11 10    9 13 13  8  8  9  9 11 10  9    9  8 10  9  8 10  0  0  0  0   
204a   0  0  7  7  8 11  9 11  9  9   11 10  8  9 10  7  9  8 11  7   10  8  8 10  8  7  9 11 12 10    8  8  9  9  7  9  8 10 10 11   
204b   9 10 11  9  8  9  9  8  9  8    9  8  8  8 12  7  8 13  9  9    8  7 13 10  9  7  8  7 10 10   13 11 10 10  7  8  0  0  0  0   
205a   0  0  5  9  8 11  7 11  7  8    8  7  8  9  8  8  8 10  9  8    9  7  8 13  9  8  8  6 10  9    9  9  9 12 10  7  7 10  8  9   
205b  10 10 10 10 10  9  9  7  9  7    8  7 10  9  9  9  9  8  8 10    9  9  9  9  9 11 11 12  8  9    7  8  9  9  9  7  0  0  0  0   
206a   0  0  8  8  9 10 11  6  8  7    9 10  7  6  9  9 10  8  9  8   11  8  9  8 10 10  9 11  8 10    8 10  9 11 10  8  8  8 10 11   
206b   9  9 10 12 10  8  9  9  8 10    8  9  9  8 10  8  9 10  9 10   11 10  9  9 11 10  7 11  8  7    7  6  9 10 10 11  0  0  0  0   
207a   0  0  8  7 11 10  8  8  9 10    7 10  9  7  7  8  8  9  9  8    8  7 11  8  9 10 10  7  9  8    9  6 10  9  7  9 10  8  9 13   
207b  10  9  9  9 10  8  9  8 11  8   11 10  8  9  9  9  7  9  9  9   11  8 10 11  9  9  8 10  9  9   10 12  8  8  9  8  0  0  0  0   
208a   0  0  7  9  9  9 10  8 10  7    8 10  8  7  9  8 11  9  7  9    9  8  7  9 10  9  9  8 10 10    8 11 10 11  9  9 10 10  9 10   
208b  10  7  7 10  9  9  8 11  9  8    8 10  9 10  9 13  8 10  8 10    8 10  8 11  9  8  8  7  9  8    9  9  8 12  7 10  0  0  0  0   
209a   0  0  8  8  6  9  8  9  9  9    9  8  8  9  7  7  6  7 10  9   11  8 14  7 11 11  7  9  9  8    9  8  9 10  9  9  9 10 10  8   
209b   9  9  8 14 11 11  8 11  9  9    8  8 13  8  8 11 11  8  8  7    8 13  8  9  8  9  9 11 11 11    8  7  9 10  9  9  0  0  0  0   
210a   0  0 12  9 11  9  8  9  9  8    8  8  9  8  9 10  8  9  8  8    8  9 10  7 10  9  8  9  8  9   10  8  8  9 10  7  8  9 10 12   
210b  10  9 11 11  8  8  9  9 10 10    8  8  8  9  8 11 11  8 10  9    8 11  8 12  9  9 10  9 10  9    5  9 10  9  9  9  0  0  0  0   
211a   0  0 10 10  9  9  8  9 12  9    7  8  8  8 10  8  7  9  9  8    9  8  9  7 11  7 10 10  9  9   10  7  9 10  7  8 10 11  8  9   
211b  11  7 13  9  9  9 10  9 12  8   11  8 10  9 10  9  8  8 10  8   12  8  8  7  8  8  9  9  8  9    8 10  8  8 11 10  0  0  0  0   
212a   0  0  9 10 10 11  9  9  8  9    8  8  8  7  6  8  8  8 10 11   10  8  7  8  9  9  9 10 10  8    9  9  7 10  9 10  9 11 11  9   
212b  10  9  9  8 11  9  6  8  7  8    9  8  9 12 12 10  9 11  9  8   10  8  9  9 10 10  9  8 10  7   10 10  9  9  7  8  0  0  0  0   
213a   0  0  9  7 10 10  8  9  8  9    9 10  9 10 10  9  8  7  7  8    8  8  9  9  8 11  7  9  8 10    8  8  8  9  7  9 11 11 10  9   
213b   8 14  8 11 10  9  9  9 10  8    8 10 10 10  9  9  9  9  9  9    8  8 10 11 10 11 12 10  9  8    8 11 10  9 10 10  0  0  0  0   
214a   0  0  8  8  9 11  9  8  9  9    9  8 12  8  8  9  8  7  9 11   10  9 11 11  7  8  9 10  8 10    7  9  9 11  9  9  9  8  7 11   
214b  10  9  9 10  8  8  9  8  9  8    9  7  8 11 10 10  9  9 10  9    8 10 10 12  9  9  9  9  8  8   10 10  7  9  7  8  0  0  0  0   
215a   0  0  6  9  7 11  9  9 10 10    6  8  8  7  7  8 11  9  7  8   10  9  7  6 10  9  9  7 10  8    6  9 10 12 10  9 12  8 10 11   
215b   8  9 13  8 10 10  9  9  9 11    9  8  9  9  8 10 11 10 11 10    9 10 10  9  9 10  9 10  8 11   10  9  9 11  8 10  0  0  0  0   
216a   0  0 10  8  9 11  9 10  9 10    9  8  7  7  8 11  9  8  8  8   10 10  9  9  8  9 10  8 12  8    8  8 10 10 10  9  8  8  9  9   
216b  10 10  9 10 10  8  8  9  8  8    8  7  8  9 10  9  9  9  7  7   10  9  9 10 10 10 10  9  9 10   10  9 10  9 10 10  0  0  0  0   
217a   0  0  8 11 11 10  9 11  9  7    9  9  6  7  8  9  8  9  8 11   10 10  7  8  8  8  7  9  9  9    8  8 10 10  8  8 11  8 10  9   
217b  11 10 11  9 10  7  7  8  6  9    7  8 12  8 11  9  9  9  8 11   10  7 12  9 11 11  9 10 10  9   11  8  9  8  8  9  0  0  0  0   
218a   0  0 10  8  8  8  8  9  8  9    7  8  8  8  7  8 10  8  8 10   10 11 10  8  9 10  8  8  8  8   10  8 11 11 10  9  8  9  8  9   
218b  11 12  9  8  7  9  8  8  8 10    8  9 12 10  7  8 10 11  8  9   11  9  7  9  7  8  9  8  9  8    9 12 10  8  9  7  0  0  0  0   
219a   0  0  7  8  8  7  9  9  8  7    8  7 10  7  8 10  9 11  8  8   12  9 11  7 10  8  7 10  8 11    7  9 10  8 10  9  8 11 10 11   
219b  12  9 10  9  8  9  8 11  7 10    9 12  8  9 10  8  9 11  8  9   10  9 10  8  8  7 10 11  9 10   10 10  7  9 11 11  0  0  0  0   
220a   0  0  9 10 10  9  7 12  7  9    8  7  7  8  8  9 10 11 12 11    9 10  7  8 11 11  9  9  9  8    7  7 10  9  9 10 11  8 11  9   
220b   9  8 13 10 11  9  8  8  9  8    7  7  8 12 10 11  9  9  9  8   10  8  8  9  9 10  9  8  9  8    8  9 10 10  9 10  0  0  0  0   
221a   0  0  7  8  9 11  8  9 10  9   10  8  7  8  9 10  9  8 11  8   10  9  9 10 11  9  9  8  7  9   11  8  8 10  7  9  9  8 10  7   
221b   8  9  9 10 11  8  9  7  9  7    9  9  9  9  9  9  8 10  9  8    9  9 11  8  9  7 11  9  9  8    9  8  9  8  9  9  0  0  0  0   
222a   0  0  9  7  9 10  8  9 10 11   10  9  8  6  9  8 10  7 10  7    9  8  6 12  7 11 11  9 10  9    8  9  8 10  8  6 10  9  8 10   
222b   8  8 10 11 13 10  8 10  7  8    9  8  8  9  9  9  7  8 11 11    9  9  9 10  9  9  9  8  7 10   12  7  8 10 11 12  0  0  0  0   
223a   0  0  7  7 10  9  8  6  9 10    8 10 10  7  7  8  9  8  9 11    8  9  7  8  9 10  8  8 10  9    7 10  9  8  9  8 10 10  8  8   
223b  10 10  9  9 12  9  7  7  8  7   10 12 10 10  9 10  9  9 10 13    9  7  8  9 10  9 10  9 14  9    9 10  7 11  9  8  0  0  0  0   
224a   0  0 10  6 10  8  9  8  8  8    9  8  8  8  8  9  9 10 10  9    9  9  9  8  8  8 10  6 10 10    8  9  9  8  8 11  8  9  8 11   
224b   9 11 10 10  9  9  7  8  6  8    9  8  8  9 10  8  8  8 10  9   10  9  9  9  9 11 10  9 10  9   10 11 11  8  6 10  0  0  0  0   
225a   0  0  6  9 10  9  9  8  8  9    9  7  7  8 10  8  8  9  7  7    8  9 11 10  9 10  8  7  9  9    8  8 10  9  9 11 12 12  8 13   
225b   9  8  9 13  7 10  9  9  9  8    8 10  9 10 10 10  8  7  8 10    9 12  7  9 11  9 10  9  8 10   12 11 10  9  9  9  0  0  0  0   
226a   0  0  9  7  8 12  9  9  9  8    8  9  8  8  8  8  8  8 10  8   10 12  9 11  9  9  8 11  9 13   10  9  9 13  9 10 10 12 11  8   
226b   9 10 10 11  8  8 11 10  6  8    8  7  9  8  9  8  8 10 10 10    9 10  8 12  8  9 10 10  8  8   10 11  9 10  8  8  0  0  0  0   
227a   0  0  7  8 10 10  9 12 10  8    6  9  8  9  8  9  8  8  8 11    9 10  7  8  8  7 12  9  8 11   10 12  9  9  9  8  8 10  9 10   
227b  10  9  8  8  9 10  8  7  8  7    9 11  7  9  8 10  9 11  8  9    9 10  9  8 12  7 11  9 10 10   10  9  9  8 11  9  0  0  0  0   
228a   0  0  8  7  9  9 10  7  7 10    8  7  7  9 10  9 10 13  9 11   10 10  8  9  9  8  8  8  8  9    9  7 11 10  8  7  9 12 11 11   
228b   8  8  9 10  7 14  6  9 11 10    8  9 12  9  9 10  9 10  9 11    9 10  9 11  7 10 10 11  9  9   10  7 10  8 10 10  0  0  0  0   
229a   0  0  7  8  9  9  8  7 10 10    8 11  7  9  9  9  9  9  7  8    9  7  9  7 10  9  8  8 10  9   11  7 11  8  8 11 10  8 12  8   
229b   8  9 10  8  8  8 10  7  9  8    9  9 10  9 11  9 10  9  8 11   11 11 11  9  8  8  8 11  9  8   10  9  9 10  9  9  0  0  0  0   
230a   0  0  9  7  8 10  9 11  8 12    9  9  7  9  8  7  6  7 10 10    8  7  7  8  9  7  9  9 10  9    8  7  9  8  7  8 11 11 10  9   
230b   8  9  8  9  8  9  9 10  8  8    8  7  9 10 10 11  8  9  9 11   10 10 10  8  7 11  9  6  9  8    9 11 12  8  8 10  0  0  0  0   
231a   0  0 10  9  9 11  8 11  8  8    7  8 11  8  7  8 10  8  8  9    9  9  9  9  7  9  9  8  9 10    9  8 11  9 10 10  9 10  9  8   
231b  11 10  9  9  8  7  8  9 11  8    9  8  9  9  8 11  9 10 12  8    9  9  9  9 11 10  8  9  7  8   10 10  9 10  8 11  0  0  0  0   
232a   0  0  6  9 10  9 11  9  9  7    9  9  9  7  9 10 10  8 10 11   10 13 11  8  8  6  7 10 10 12    7  9  8  9  7  9  9 10  9 10   
232b  10  9  9  9  8  8  8 10  9 11    9  8  7 12  8 10  9 11  8  9   10 10  7 10  9  9 10  9  8  7    9 10  8  7 10  9  0  0  0  0   
233a   0  0 10  8 11  8  7 10 10  9    9 10  7  7  7  9  8  8 11 10    8 12  7  7  8  9  8  6 11  9    8  7 10  8 10  8 10 10 10  9   
233b   8  9  9 10  8 11 10 10  9 10    8  7  9  9 10 12 10  9  8  8    9 10 10  9  9 11  9  9  9  8    9  8  9 10  8 11  0  0  0  0   
234a   0  0 10  9  8  9  6  9  9  9    9  8  8  8  9  7  7 12 10  8    9  7  8  8 11  8  9  8  9 10    7 10 12 11  9  9  8  8  9 11   
234b  10  9 10 10  8  7  9 10 10  7    8 11  9  9 11 10  9  9  7 11    9  9 10  7 11  9 10 10 11  9    9 10  9  7  9  9  0  0  0  0   
235a   0  0  6  9 11  9  7  9 10  8    9  8  9 10 10 10  7 10  9  9   11  9  8  9  9 12  9 10 10  9    8 10 11  8  8  8  8 10 10 10   
235b   9 10  8 11 12  9  8  9  7  8    8 10  6  9  8  9 10  9  9 10   11  6  8 10 10 10 11  9 13 10    9  8 10 10  8 10  0  0  0  0   
236a   0  0  7  9  9 10  8 10  8  9    9 10  7  7 10  9 10  9 11  8    9 10  9  8  7  8  7 10  8 10    8  8  8 12  8  9 10 10  9 11   
236b   7 11  9  9  9 11  9  7 10 10    8  8 11 10 11 10 11  8  9 10   11 11  8  8  9 10  9  9 11  8   11  7 12  8  9 11  0  0  0  0   
237a   0  0  7  8 10  8 10  9  9 10   10  9  9  7  8 10  8  8  8  7    8 10 10  9 10  9  8  7  9  8    8  6  9 10  8  9  9  8  9 10   
237b   9 10  9  9 10  9  7  8 10  9    9  9 10 11 10  8  9  9  8 10    7  9 10  8  8 11  9  6  8 10   10  8  9  9 11 11  0  0  0  0   
238a   0  0 10  7 12 10  9  6  9  9   10  9  7  7  8  9  8  6  8 11   10  8  9  9 10  8  8  8 10 10   10 10 12  8  8  9 10  8 12 10   
238b  10  9  9  8  9  8  7  8  7  9    9  8  9  9 11  9  9  9 10 10   10  9  7  8 11  8 10  8 11  9    9  8  8  8 10 10  0  0  0  0   
239a   0  0  7 10  9 10 10 10  9  9    8  8  9  8  8 10 10 10  7  9    7  8  9  8  9  7  8  6 10 10    8  8 11  9  9  9  9  9  9 10   
239b   8  9 11 11  8  7  9  6  8 11    7  8  8  9  8  9  9  8 10  9   11  9  9  8  8  9  5  9  8 12    9 11  8  9 10  9  0  0  0  0   
240a   0  0 12  8 11  9  8  8  9  8    8  8  9  8 10  9  9 10  7  8    9  9  9  9  7 11  9  7  9 10    9 10 12  9  8  9  7 13  9 12   
240b   9 10  7  9  8 11 10 12  8  7    9 10  8  9  9 11  8 10  7 11   10  8  8 12 10 10  9  9  7 12    9  9 11 10  8 10  0  0  0  0   
241a   0  0  8  9  8  9 10  8  7  9   10  9 10  9  8  8  9  9  7  8    9  9  7  8 10  9  9  9 10  9   10  9  7 11  8  7  8 10 11  9   
241b   9  9  9  9 10  9  7  7  8  8   10 13  8  7  9  8  8 10  8  9    7  9  9  7  7  9  8  8 10  8    9  8  7  9  7 10  0  0  0  0   
242a   0  0  9  8  8  9  9  9 10 10    8  9  7  9 10  9  9  9 10  6    9  8 10 10  9  8  9  8  9 10    9  8  9 11 10  9 10 10  9 10   
242b  11  9  8 10 11 11  7  7 10  8    7  8 10  8  9  9  9 10  8  8    8  9  9  9  8 10  9 10 11  7    9  8 10  8  9  8  0  0  0  0   
243a   0  0  9 10  8 10  8  9 10  8   11  9  9  7  8  7  7 10  9 10    9  8  9  8  8 10 11 10 10  7    7  8  9  9  8 11 11  6 15 10   
243b  11 10 10 10  9  9  9 10  8  8    8  9  8  8  9 12  8  9 12 10   11 10 11 11 13  9  9 10 10  7    9  9  9 10  8  9  0  0  0  0   
244a   0  0  8  7  9  9  9 10 10 11   11  8  9  7  7  8  6  7  8  9    9  9  8  8  9  8 10  7  9  8   10  7  8 12  8  8  9 10  9  9   
244b  11  7  9  9  8  6  9  9  8  8   10  7 10 10  9 10 10  9  8 11    8 10  9 10  9 10 10 10  7 12    8  8  9 10  9 10  0  0  0  0   
245a   0  0  8 10 10  9 10 11  7  6    8  9 10  7  9  8 10  8 10  9    8 10  8  8  8  8  6 10  9  8    9 10 10  9  9  8  7  9 11  9   
245b   9 11 10  9  8  8  9 10  8  8    6  8 11 12 12  9 10  8 10 10    9 11  9  9  9  9  8  9 11 12    9  8 10  8  9  8  0  0  0  0   
246a   0  0  7  9 10  9  9  8  9  9    9  7 11  9 10  9 10  9  8  8   10  8  8 10  9 12  9  9 10  7    9  9  8  8 10  9  8 10  9 10   
246b  12 11  9  9 11  9  9  8  9 10    8  9  9  8  9  8 11  9 10 10    9 10 10  9  9  9 10  8  8 11    8  9 11 10  9 10  0  0  0  0   
247a   0  0  8  8 10  8  8  7  9 10   10  9 10  7  8  7  8 10  9  8    9  9  7 10  9 11  9  8  9  8    9  9  9  9  8  9  9  9  9 12   
247b   9  7 12  9  9 10  8  8  7  8    7 10  9 10 10  8  8  8  8 10    9 10 10  8 10  8  9  7  9  8   10  9 10 11  9  9  0  0  0  0   
248a   0  0  9  8  9  9  8 11  9  9    8 10  7  8 10  8  8  8 10  9   10  8  8 12  8 10 10  8  9  8    8  9 10  9  8  8  8  9 10  9   
248b   9  8  8  9 10  8 11  7  8  7    8  9 10 11 10 11 10 10  8  9    9 12 12  7  8  9  8  8 11  9    9  8  9  9 10 10  0  0  0  0   
249a   0  0  9  8  9 10 11  7  7  8    9  8  6  7 12 10  8 11  7  7    8  9  8  6  8  9  8  9  9 11    9  8  9 10 10  9  8 10 10 12   
249b  10 12  9 10  9  8  7  8  9  7    7 11  7  9  9 10 10  8 10 12   10 10  9  7  6  0 10  9  7 10    7 10  9  9  9  8  0  0  0  0   
250a   0  0  7  6  8 10  9 11  9 10   10  8  9 14  9 10  7 10 11  9   10 12  7  9 10  9  9  8  8 13    9  8 10 11  8  9 12  8  9 11   
250b   9 12  9 11 10 10  8  9  6  8    9 10  9 10  7 10 10  8  8 10   11 10  9  9  7 11  9  9  9  9   10 11  7  9 10  8  0  0  0  0   
251a   0  0  8 10  9  8 12  8  8  9    8 10  8  8 10  8  8  9  8  9    8 10 12  9  9  7  8  9  8  9    9  9 11  9  8  8 10  9  8  9   
251b   8 10 10 11  7  8 10  8  6 11    8  9  9 10  9  9 10  8  9  9   10 11  9  9  8 11  8  7  9 11    9 13 12  8  8 10  0  0  0  0   
252a   0  0  8  9  8  9  7  7 10 10    7  9 10  8  9  8  8  9  7 11    8  9  9 12  8  9 11  8  8 10    9  9  6 10 10  7 10  9 10 10   
252b  10 10 11  8  9  7  6  8  9  9   15 10 11  9  8  8 11  8  8  8    8  9  9  8  8 10 10 10  8  6    9 10  8  9  9  9  0  0  0  0   
253a   0  0  7  8 10  7  9 10  9  9    8 11  8  8  9  8  8 10  9  8   10  9 11  8  8 10  7  8  8 11    8 10 10 10  8 10  9 11  8 11   
253b  12 10 10 12  9  8  7 10  9  9    9  7  9  9 10  8 13 11  9  9   10  9 11 10  8 10  8  8  8  8    9  9  8 11  9  8  0  0  0  0   
254a   0  0  8  7 11  7  9 11  8 10    8  7  8  8  8 10  7  9 10  9    9  9  8  9 12  9  8  9  8  8   10  9 10  9  9  8 10 12 10 11   
254b   9  8 10  9  9  8 10  8 11 14   10  9  9 13 11  8  9 11 10 10   10  9 12  9  8  9  8  9  9 10   11  9 10  7  9  9  0  0  0  0   
255a   0  0 10  9 10  8  8  8  7  7    9  8 10  7  9  9  9 11  6  8    9 10  9  9 11  9 10  7 10 10    7 10 11  9  9  7 10 10  8 11   
255b   9 11  9  9  9  9  8  9  8  8   10  9  7 10  9  8 10 10  7  8    9  9  8 10  9  9  9 14 10  9    6  8 10  7  8  9  0  0  0  0   
256a   0  0 10  9 10  8  8 11  8 12   10  7  8  7  8  6  9  9  9 11    9 10  9 10  9  8 11 10  8 12    8  9  8  7  8  7  9  9 12  9   
256b   9 10 10 11 10  8  8  9  9  6    9  9 10  8  8 11  8  8  9 10    8  9  8 11  8  8  9 10 11 10    8  9  9  9  8  9  0  0  0  0   
257a   0  0  9  9  7  9  8 10 10 10    8  8  9  7  9  9  7 10  9  8    9 10  8 11  8 10  7 13 12 10   11  7 11 11 11  6  9  9  8  9   
257b  11 11 10  8  9 11  9  9  8  9    8  8 11  9  8 12  9 10 11  8    9 10  9  9  8 10 11  9  9  9    9  7  9  8 10  8  0  0  0  0   
258a   0  0  9 10  8 10  9  9 12  9    8  8  6  9  9  8  8  9 11  9    9  8  6  9 10  8  9  9 11 10   10  8  7  8  9  6 10 10 10 10   
258b   9  8 10  9 13  9 10 10  9  9    7  9 11 11 10  8 11  8  9  8    9  9  9  9  8  7  7  7  8  8    8 10  7 10  8 10  0  0  0  0   
259a   0  0  8  7  9 11  9  9  8 10   10  9  9  8  9 10  8  8  7  8   10  9 10  8 10 12 11  9 10 10    9  8  9  9  9  9 10  9  7 11   
259b   7 10 10  8  7  8  9  9  8  8    9  9  9  9 11 10  9  8  7 10    7 11  9 11  9 11 10 11  8 10    9  7 10 10 10 10  0  0  0  0   
260a   0  0  8  7  9 11  9  8 10  9    7 10  8  7 10  7  9  9  8 10    9  7  9  7  9  9  7  7 11 10   11  8 12  9  9 11 10  9 10  8   
260b  11  9  8  8  7  8  8  8  8  8   10  7  8 10  8  8 11 10  8 10    9  8  9  9  9  9 12  9 11 10    8  8  8  8  9  8  0  0  0  0   
261a   0  0  8 10  9  9  9 10  8  9   11 10  9  8 11  9 10  8  9  9    7 12  8  9 10 10  9  6  7 12    8  9  9  8  9  9 11 11 11  9   
261b   8 12  9  9  8  9  8  9  8  9    7 11  8 11  8 11  7 10 11 10    8  8  8  9 10  8 10 11  8  9   10 10 11  8  9 10  0  0  0  0   
262a   0  0  7  8  8  8  9  9  9  9   10 10  8  8  9  9  9  9  9 10   11 10 10  8  8  7  9  7  8 13   11  9 11 10 10  9  9 10 10  8   
262b  10  8 10 11 10  8 10  9  9 10   12  8  8  9  8 11  9 10  9  9    8 11  8 10  8 11  9  9  8  9    9 10  8  9 10  9  0  0  0  0   
263a   0  0  5  7 10 11  8  8  9  8    8 11  9 10 11  9  9  9 10  8    8  8  8  9  7  8 12  9 10  8    9  8  9  8  8  8  9  9  9  9   
263b  11  8 10 11 10  9 10  9  8  9    8  9 11 10 10 10  9 10  8  8   11  9 10  9  8  9  8  9  9  7    9  9  9  9  7 11  0  0  0  0   
264a   0  0  9  8 10  9  9 11  9 10    9 10  7  7  9  9 13  7  8  9   10  8  8  9  9  7  9  8  8  9    8  9 11  9 11  8 10  8  8  9   
264b   9  8  7  9  9  8  8 10  7 10   10  9  8 10  9  8  8  9  9  8    9  8 10 10  7  9  8  8  0  9    6  9  8 10 10  8  0  0  0  0   
265a   0  0 12  7  9 10 10  9  9  7    9  9  9  8  8  9  8  8  9  8   10  8  8  9  9  8 10  8 11  8    9  8  9 11  9  8  9 12  9  9   
265b   7 11  6  9  8  9  7 10  9  7    9 10  9 10 10 10  9  8  9 10    7  8  8 10  8  9  9  8 10  8    9  8  9  9  9  7  0  0  0  0   
266a   0  0  9  9  8  8 10  9  7 11    8  8  8  8  8  9  8  8  9  8   11 10  8 10  8  9  8  7  9 10   10  9  9 11 10  8 13 12  9 11   
266b  13  9 10 10  7  8 10 11  8 12   10 11 10 11  9 11 10  8  8  8   10  8 10  8  9  9  8  9 10 10    9 10 10  8  8  8  0  0  0  0   
267a   0  0  9  7  8 10  8  8 11  8    8 11 10  8 10  7  8 10 11  8    9  8 10  7  9  8  9  9  9  9    9  9  9 10  8 10 14 11  9 13   
267b  10  8  9 10  9  9 10  7  5  9    8  7  7 10 13  8 12  9  8 10    9 11  8 10 10 12  7  8  7  9    9  9 11 11  8 10  0  0  0  0   
268a   0  0  9  9 10  9 10  8  7  8    9  9  8 10  9  8  9  9  9  8   11 14  8  8  7 10  7 10 11 10    8  8 10 11  9  9 11 10  9 11   
268b  10 10  8 11  9  8  9  9  8  8    9 11  9  9 10 10  8  8  7 10    8  9  9 10  9  8  9 10  8  8    8  8  9  8  8 10  0  0  0  0   
269a   0  0  6  7  7  8  7  9 10 10    9  9  9  8  8  7  8  9  9  9    8  9  7 11 11  7 10  6 10  6    8  9  9  9  7 10  9 11 10 10   
269b  10 15  9 11  9  9  9  7  8  9    9 10  9  9 10  9  8  8  8 10    8  8 13  7  8  8  9  9 11 12   10  8 11  9 11  9  0  0  0  0   
270a   0  0  8  6  9  9 12  9  8  9    8 11  9  8  9 11 10  8  9  8    8 10  9  7  9  8  8  7 10  8    8  8 10  7  7 10 10  9  9  9   
270b  10  8 10 11  8  8  7  7  8  6    8  9  9  9  8 11  9  8 10  9    8  8  7 10  9  9  9  8 10  9   10 10 10 10  8  9  0  0  0  0   
271a   0  0  8  8 10  9  8  8  9  8   10  8  7  7  8 10  8  9  9 10    9  9  8  8 10  9  9 10  7 10   13  8  9 10 13  9  7 11 11 11   
271b  11 12 11 14  7 10  8 11  8 10   11  8  9 10 11 12 10 10  9  8    9  8  9  8  8 11  9  9 10 11    9 13 10  8  9 12  0  0  0  0   
272a   0  0  8  9  8  9  8 10  9 10    9  8  6  9  7 11  9 10  7  9    8  8 10  8 10  9  8  9 10  9    7  8 10 10  7  7 10 10  9 10   
272b   9  7 10 10  8  7 11  9 10  9    8  7  9  8  8  9 11  7  9  9   12  8  8  6  9  8  8  8 10  8    7  8 11  7  8  7  0  0  0  0   
273a   0  0  7 11  8  9 12 11  9  9   11  9  7  8  9  8  9 10 11 11    8 11 10  8  8  7  7  8  8 10    8  8  9  9  9  9  8  9  9 11   
273b   9  9  8  8  8  9  8  7  8  8    8  9 11  8  9  8  9  8  9  9    7 10 10 10  9  9 10 10  9 10   12  9  9  8 10  9  0  0  0  0   
274a   0  0  9  8 14  8  8  8  9  7    8  9  6  7  9  8 12  7  8 11   11 11  8 11  9  9  9  7  8  8    9 10  8 12  8  9  9  8  9 11   
274b   8  9  8  9 10  9  9 10  8  8    7  7  7  9  7 10  9  9 12  7    8 11  7  9  9  9  9 11  9  7    9  9  9  9 10 11  0  0  0  0   
275a   0  0  8 11  9  9  8  8  9  8    9 10 12  7  7  8  9 10 10  8    9 10  7  8 11  9  9  9 12  9    8 11 10  8  9  8 13  9 11 11   
275b   9  9 11 10  9  8 10  9  7  9   10  8  9 10 10  9 11 10 10 10    9 11  9  7  9 11 10  9  9 10   10  9  7 10 10  9  0  0  0  0   
276a   0  0  8  7 11  7  8 10 10  9   10  7  9  7  9 11 10  9  8  9    9  9  9  7 10  9  9  8 11 10    8 10  9 12  9 14  9 12  9 12   
276b  11  8  8 10  8  8  8 10  7 10    9  8 12  9  8  7  9  9  9  9    7  7  8  7  9  9 11  8  9  9    9  8 10  6  9  8  0  0  0  0   
277a   0  0  7  8 10 10  9 10  8  9   12  8  9  8  8  8 10 11  8 10    9  8 10  8 10  8  8  9  9 10    9  8 12 11 11  9 10 10 11 10   
277b   9  9 11 11 13  8  9 10  6  9   10  8 10 11  8  9  8 10  9 10    9  7  8  9  9  9  8 10 10 10    8  9  8  9  9  8  0  0  0  0   
278a   0  0  9  6 10 10  9 10  8 10    9  8  7 11  8 10  8  8  9 11   12 10  8  7  8  9  9 11  9 11    9  8  9  9  9  9 10  9 10  9   
278b  10 10  7  9  9  9  9 10  7  6    7 10 11 10 11  7  8  9 10  7    8  9  9  8  9  9  8  7 11 10   11  9 11 10  9 11  0  0  0  0   
279a   0  0  6  8  8  9  7  9 10  7    9 10  8  9  9 11  8 10  8  9   10  9  8  7  9 10  9  7  8  8    9  9  9  9  8  8  8 11 10 12   
279b  10  9 10  8 11  8 10 11 10  9    9  7 10  8  9  9  9  9  9 10    8  9  8 10  8  9 10 10  9  9    8 10 10  9  9 11  0  0  0  0   
280a   0  0  6  7  9 12 11  7  9  8   11 10  9  9  8 10  8 10 10  9   10 10  7  9  8 10  7  7  8 10    8  6  8 12  7 10  9  9 10 11   
280b   8 10 12  9  7 10  7  8  8  7    9  8 11 10  8  7  8 10 10  8   11 10  9  8  8  9 11  8  8  9    8 10  9  9 12  8  0  0  0  0   
281a   0  0 11 10 11  9  8  9 10  9    7  9  7  8  8  9  8  9  9 10   10  7  7 11 11  9 10 10  8 11    9 10  9  8  8  9 10 14 10 10   
281b   9 10  8  9  7  9  7  9  7 10   10  8 12 11 10  9 10  8 12  9    9  8 11  7  9 11  9 10  8  8   10  9  9  8  9  8  0  0  0  0   
282a   0  0 10  8 11 10  9 10  8 10    9 10  8  8 11 11 10 12  9  8   11 10  6 10 11  8  9  9  8 11    7  9  9 10  9  8  8  7 10  9   
282b  10  9  8  9 11  9  8  6 10  8    8  9 12 10  9  9 10  9  8  8   10  9  6  9  8 10 10  8  9 10    7  9 10  7  9  9  0  0  0  0   
283a   0  0  8  9  8 11  8  7  8 11   10  8  9 10  9 10 10  8 11 10    9 11  9 10  8  9 11  8 10  9    7  8 10 10  7  8 11  9 11  9   
283b   8 10 10 13  8  9 11  9 10  8    7  9  9  9 10  9  9  7  8  9    9 12  9 10  8 10  9  9  8  7    7  8  9  7 13 11  0  0  0  0   
284a   0  0  7 10  8  8  8 10  8  9    9  9 10  7  9  6  8  8 10  9    8 11  9 10 11 11  8  9 10  8    7 11  8  9 10  9 10 11 11 10   
284b   9 11 11 10 12  8  7  9 11  9    9  8  9  7 10  9  9  9  9  9   11 10  9  9 10 10 10  7  9  9    9  9 11  8  7  9  0  0  0  0   
285a   0  0  8  6 12  8  8  8 11 10    8 10  9  8  8  7  8  8  8 10    9  8  7 10 10 10  8  7 10  9    9 10  8  9  7  8  8 10  9 10   
285b   9 10 11  8 10  9 11  9 10  8    9 10  9  9 13  9 11 10  9  7    9  9  8 10  9 10 10  8  8  9    6 10 10  8  8 11  0  0  0  0   
286a   0  0  7  8  9 10 11 12 10  9    8  9  7  7  9 11  7  8 10 11    8 10 12  9  9 11  9  9  9  9    7 10  9 10  7  7 10 11  9  8   
286b  10  8  9 10  8  9  9  8 11  8    8 10  9 12  8  9  8  7  9  9    9  8  8  8  8  9  8 10  8 11   10  8  9  8 10  8  0  0  0  0   
287a   0  0 11  6 10 10  9  8  6 10   11  9  9  9  9  8  8  8  9 10   12  9 10  7  9  9  8  9  9  8    8 10  9 13  9  9  3  9 10 12   
287b  10  9  8  9 12  9 10  8  9  9    8  6 13  6 10 10  8  9 10  9    9  9  7  9  8  8  7  9  8  9   10 10  9  8 11  7  0  0  0  0   
288a   0  0  6 10  8 10  8  9  8  9   10  9 10 10  9  9 13  8  9 13    8  8  7  8  8  9  8 10  8  8    9  8  9  9 10  9  9 10 12 11   
288b   9 11  8  8  9  9  9 10 12  8    7  8 10  9 10  8 10  7 11  8    9 11 10  9 10  8 11  9  9 11   10  9  8  9  8  7  0  0  0  0   
289a   0  0  8  9  9  7  8  9 11 10   10  9  9  8  9 11  9 10  9  8    9  9  7  9  8  7  9  9  8  9    9  8  8  9  9  8 11  9 10  8   
289b   9 11  9  9 10  9 10  9  8  9    8 10 10 11  7  9 10 11  8  8   10  9  9 10 10 10  8  8 10  9    9  8  9 11  7  9  0  0  0  0   
290a   0  0  8  7  7  8 10  9  8  7    9  8  7  8  8  9 10  8 10  9    8  8  7 11  8  8  9  8  9  9    8  9  8 10 11 10  8  8 10 10   
290b  10  9  8  9  9  8  9  8  9  9    8  8 10  8  9 11 10  8 10  7    9  9 14  8  9 10  9  9 10 11   13  8  8  8 11  8  0  0  0  0   
291a   0  0  8  9  9  9 10 11 10 11    8  7  8  8  7  9  9  9  9  9    9 12  8  8  7  8  8  8 11  7    6  9  9  9  9 10  8 10 11 11   
291b  11  9  9 11  9  9  9 12  9  9    8  9 11  9  8 13 10 10  9  9    9  9  8  8  9 11  8 11  8  9    7 10 10  9  6 10  0  0  0  0   
292a   0  0  9  8  9 10  9 10 10  9    7 10  8  9 11  9 10  9  9  8    9  9 11  8  9 10  8  9  7  8    8  9  8  9  9  8  9 10 10  9   
292b  10  7  9 12  9  9  7  8  8 10    9  8  8 10  8  7  9  9  7  8    8 10 10  8 10  8  9  8 10 12    8  7  8  8  8  9  0  0  0  0   
293a   0  0  8  8 11 10 10  9  8  9    8 11  8  9  9 10  8  9  8  8    8 10  8  8 10  9 10 10  7  9    9  8  8 11  9 11  7 11 10  9   
293b   9  9 12 12 10  8 11 10  8  8    8  8 10 11 11 11  8 10  9  9    7  8 11  9  8  9  8  8 10  8   10  9  7  9 10  9  0  0  0  0   
294a   0  0 10  8 11  9  9  9  9  8    9 11  9  8 10 10 10  8  9  9    7  9  6  8 10 10  7 11  8  8    6  8  6 10 10  8  8  9 11 10   
294b  13  9 12  9  9 10  9  9  8  9    7  8 11  8 10  9 10  7  9  9    7  9  9  8  9 11  8  9  9  9    8  9  9  8  8 11  0  0  0  0   
295a   0  0  9  8  8 10  9 10  9  7    9 11  9  7  7  9 11  9 10 11   10  8 10  8  9  7 10  8 10  9    9  8  9 10 10 10 12  9 12  8   
295b   9  9  8 13 10 10 10 10  8  8    6  6  9  8  9  7 10  9  7 11   11  8  7  9  9  9  9  8 10 10    9 10  8 10  9 11  0  0  0  0   
296a   0  0  8  7  7  8  9  8  8 11    8  8  7  8 10 11 11 10  9 10    8 10 10  9  7  8  7  9  9  8   10 10 10 10  8  8 10 10  8 10   
296b  11 10 11  9  8  8 10 11  7  8    8  8  8  9  8  8  7  9 11 10   10  8 10 10  9  9 10  8  7 11    6  9  7  9 11  8  0  0  0  0   
297a   0  0  6  9  9 10  9 10  8  7    9 10  9  7  9  8  8  9  8  7   11 11  9  9  9 10  9 11 10  9    9  9 10 11 10 10 10 11 11  8   
297b   9  9  8  8 11  9  7 10 10  8   11  9  7 11  9 11  9  8  9 10   11  9 11  8 10  7  9 10  8 10    8  9  9  8  8 10  0  0  0  0   
298a   0  0  9 11 11  9 10 10  9  9    8  8  9  7  8  9  8 10  8  7   10  9 12  8  8  9  8  9  9  9    9  9  8 13  9 10  9  9 11 11   
298b  12  8 11 10  8  9 10  9 10  9   10  8  7 10  9  8  9  7  9  9    8  8 10 10 10  9 15  8 10 10   11  9  9  9 10  8  0  0  0  0   
299a   0  0  8  7  9  8 10 11  9  9    8  8  9  9  8 11  9  6 12 10   11 10  9  9  8 11  9  9 10  9   10  8 12  9  9 11 10  8 12  8   
299b  10  8  9  9  8  7  9  8 10  8    9 10 10  7  9 10  9  8  8  9    9  8  8  9  8 11  9  9  9  6    9 11  8  8  9 10  0  0  0  0   
300a   0  0  9  8  8 12  9  8  9  8    8 11  7 10  8  9 11  9  9 10    9  7 10  8  7  9  9 10  9 10    9  9  8 10  9  9  9 10  8 10   
300b   8  8  7 10  7 11  8  7  7  7    8  8  8  9  8  7  8  7  9  8    8  9  8 10  8 10  9  7 10  8   12 10  8  9  8  8  0  0  0  0   
301a   0  0  8 10  8  9 11 11  9  9    9  9  9  9  9 10 12  8  9 10    8  8  9  8  8 12 11  9  8 11    9  8 11 10  9  9 11  8  8 12   
301b  10 10  9  9  9 11  8  9  9  8    8  8  9 10  9  8 11  9  7  7    7 10  9  9  9  8  8  9  9 10   10 11 12 10  9  9  0  0  0  0   
302a   0  0  7  8  9 10 11 10  9  8    9  9  7  9 11  7  8 10  8  6   11  9  8  9  9  7  8  9 10 11    8  7 10  9  7  9 11  9 10 10   
302b  10 11  8 10 10  9  9  8 12  9    7  8  9  9 11  9 10  9 10  8    8  8 12  9  9 10  9  7  8 10   12 10  9  9  8 10  0  0  0  0   
303a   0  0  9  6  9  8  9  8  8 11    9 10  8  8  9  8  8  8  9  9   10  8  9  9  9  9  8  7  8  8    8  7 10  9  9 10  6 10  9 10   
303b   8 11  9 10  9  9  9  8 11  8    9 10  9  8 10  9 10 10  8  8    8 10  9  9  8  8  8  9 10  8    8  8  9  7  7  8  0  0  0  0   
304a   0  0  8 10  9  8  8  8 11  8    9  9  8  7  9 10  7  9  8  8   10  8  6  8  7  8  8  7  8  9    7  8 10  9  9  9 11 11  8  9   
304b  11 14 11  7  9  9  7  7  9  8   11  9  8  9  9  9  9 11  8  9   10  9  8  7  9 10  8  9  9  9   10  9  9  8  9  9  0  0  0  0   
305a   0  0  8  6 11  7 10 12 11  9   10 10  8  8  8  8  7 10 12  8    8  9  8  8 10  8  8  9  9  9    8  9 12  8  9  8 11 12 10  8   
305b   9 11 12 10  7  9  9 10  7  8   11 10  8 12 11  7  6  8  8  9   10  9 10 10  8  9 10 11  8  9   10 10  9  8  6  8  0  0  0  0   
306a   0  0 11 11  9 10  9  8  8 10   13  8  8  6 11 11  9  7 11  8    9  7  8  9 12  8  6  7  9  9    8 10  9 10  7 11  9  8 11  9   
306b   8 10 11 10  8 10  9  9 10  9   10  7 11 10 10  9  7  9  9  9    8  9 10  7  9 11  8  9 10  9   11 11  7  8 10  9  0  0  0  0   
307a   0  0  7  7 10  7 10 10  8  9    8 10  8  8  8  9  9  9  8  9    8 11  9  9  9 10  7 11 10 11   11  9  7  8  9  7  8 10 10 12   
307b   8 11 11 10 10  9  9  9  9  8    9  7 12  9  9  7  9  8  9 10    9  8 10  8  8  9  9 10  8  8    9 10  8  9 10 10  0  0  0  0   
308a   0  0  8  8  8 10  9  8  8  9    7  9  7 10 10  8 10  8 10 10   10 11  9  8 11  8  8  8 10  9    9  7 10  9  7  8  8  9 11 11   
308b  11  8  9 10  7  8  7  8  8 10    8 10  9  7  9 11  8 11  9 10    9  7  8  9  9 10  8  9  9  9    9 10 11 10 12 10  0  0  0  0   
309a   0  0 10  9  9  8 10  8 10 11    9  7  9  8  8  9 11  9  9  9   12  9  9  8 11 11  9 12  9  9   10  8  8  9  8 11 11  7 11 13   
309b   9  8 11  8  9 10  9  7  8 10    9  7  9  9 12  8 10 10  8  7   12  8  9 10 11  8  9  8  9 11    7  7  8  8 10  8  0  0  0  0   
310a   0  0  8  8  8 10  9  7  7 12    9 11 10  8  9  9  8  7  8  9   10  9  9  7  7 10 10  8  9  9    8  7  8 12  8  9  9 10  9 12   
310b   8 13 10  9  8  9  9  9  8  7    9  9  8 10 10  9  9  8  9  9    9  9  8 10  8  8  8 10  8  9   11 10 10  7  9  9  0  0  0  0   
311a   0  0  8  6  8 11  8 10 10 10    9  8  9  9 10 10  9  8  9  9    9  8  9  8  8  7  7  9  9  9    9  8  9 10  6 10 10  8 11 10   
311b  10  9  8  9 12 11  9  8  8  6    8  7  8  8  7  9  8  9 10 10    7  8  7 10  9  8  9 10  8  9    7  8  9  8 10 12  0  0  0  0   
312a   0  0  8  6 12  8 10 12  9 11   10  9  8  8 10  9  8  8 12 12   11  9  8  9  9  9 11  6  9 13    9  9  9 10  8  8 12  9  8  6   
312b   9  7  8  9  8  9 10  9 11  9    8  8  9 11 11 10  7 13 12  9    7  7 10  8  8  9  7 10  8  8    9  9  7  8 11  8  0  0  0  0   
313a   0  0  7  8  8  8 10 10  8 10    9  9 10  9 10  9 11  9  8  9   12  7  8  9 12 11  7  8 10 11    9  9 11  8  8  8  9  7  9 10   
313b   8  7 11 15  9  8  8  8 11 11    7 10  9 11 11  9  8 11 11  7    9  9  7 10  7  7  9  9  8 10    9 10  8 10  8  7  0  0  0  0   
314a   0  0  9  9  9 11 10  8 12 10    8  7  9  7  9  8 10  9  9  7   10  9  9  7 11  8  9  8 10 10    8  8  6 12  8  8  8 12  7 10   
314b  11  9  9 10 10 10 10 11  7  8   11  8 10  8 10  7 10  9 10  9   11  8  9 11  8  7  9  9  9 10   11  8  7  9 11  9  0  0  0  0   
315a   0  0  8 10  9 10  8  8  9 11    9  8 10  9  8  8 10 13 10  9    9  8 12 10  7  9  8 12  8 10   10  7 12 11 11  9 12 10 10 10   
315b   9  9 11 11 10  9  8 12  9  9    8 10  8  9  6  8 10 10  7  9   11 11  9  8  8 10  7  8 10  8    7 10  9  9 10  9  0  0  0  0   
316a   0  0  7  7 10  9 11  9 13  9    8  9  9  8  9 10 11  9  7 10    9  9  8 10  7 11  8  9  8  7   10  8 10  9  8 11 10  8 10  8   
316b   9 12 10  9 10  8 10  9 11  8    8  7  7 11 10  9  7  7  8  8    7  8  9 11  9  9  6  7 10  7   10 10  8  9  8  8  0  0  0  0   
317a   0  0  7 10  8  8  8  8  9 11    9 11  8  7 10  9  7  9 10 10    9  9  7 10 10  8  9  9  8  9    8  7  9  9  8 11  9  9 10  8   
317b  10  8  9 10  8  8  9  8  6 10    7 10 11  7  8 11  9 10  8 11    9 10  9  9 10  8  8 12 11 10   10  8 10  8  7  9  0  0  0  0   
318a   0  0  8  8  9  7 10  9 10  9    6  8  9  8  9 11  7 11  9 10    8  8  7 12  8  7  8  9  9 10    8  9 11  9  9  9  9 10 12  8   
318b   7 10  9  9  8  9  9 10  8  7    8  8 11 10  8  8  9  8  8 10    9 10 11 10  8  7 11  9 10  8    8 10  8  6  9 10  0  0  0  0   
319a   0  0  7 10  7  9  9  8  9  8    8  9  8  7  7  6  8  8  8  8    9  9 10 10 10 11  8  7  8  7   10 11 10 10  6  8  9 11 11  8   
319b  12 10 11 11 11  9 11  8  9  9   10  7 11  7  7 10  7  9 11  7    8 10  8  9  9  8 10  8  9  8    9 10 10  9  8  6  0  0  0  0   
320a   0  0  8  9 11  7  9 10 10  9   11 10 10  8 10  8  9  7  9  9    9  9  8  8 10 10  9  8  7  9    9 10 10  9 10  6 10 10 10 10   
320b  12 10 12 10 10  9  9  8  9  8   10  6  9 10 10  9  9  9  9 11    9  8  9  9  9  9  9 10  8  8   10  8  7  9  9  8  0  0  0  0   
321a   0  0  7  8  9  8  8  9 12 10   11  7  7  7 10  8 11  8  9  9   12  9  9 11  8  6  9  9 10  8   11 10 10 11 10 12  8  9 10 10   
321b   9 11 10  9  9  9  8  7  8  9    9  9  7  8 10  8  9  8  8  8   10 11  8 10  8  9  7 11  8  9   10  9  8  9 10  9  0  0  0  0   
322a   0  0  9  8  8  9  8 11 10  8    8  9  8 11  6 10  7 10  9 10    8 11  8  9  8  9  7  7  9  9   11 12 10 11  8  9 10 10  8  8   
322b   9  8  8 10 10  9  9 10  8  9   10  7 10 10 10  8  9 10 10  9    9  8  8  8  9  8  9  9  8 11    8  9  7  8  9  9  0  0  0  0   
323a   0  0 10  8  8 11  8  9  7  9   10  8 10  8  9 10 10  8  7  9   10  9 10  9  9  8  9 11  7 12    9  9  8  9  8  8  9 11 10 14   
323b  14 10 11 10  9 10  9  8  9  8    9  7 10  8  9  8  9 10  6  9    8  7 11 10  9  9  8  8  8  9    9  8  9  9  8  7  0  0  0  0   
324a   0  0  9  8  9  9  9  8 10 10   10  8  9  7  9  8  9 10  7  8   10  9  9  9  9 11  9  8  9 10    9  8  7  9 11  6 12  9 10  9   
324b   8  7  9 11  9  9  8  8  9 10    8  6 12  9  8 10  9  8 10  7    9  9 11 10  8  7  8  9 10  8    8  9  8 10  9  9  0  0  0  0   
325a   0  0  8  7 11  7 11 10  9 10    8 10  9  5  8 10  8 11  8  8    8  7  9  8 10  9 12  8 12  8    8  9  9 10  8  8  9  9 11  7   
325b  10 10  9 11  8  7  9  7  8  9   10 10  8  8 10  9  7  8 11  8   11  9 10  8  8 10 10  9  8  9    9  9  8 10  8  9  0  0  0  0   
326a   0  0  9  6  9  9  9  8  7  8    7 11  7  7 10  8  8  7  7  8    8  9  7 11 11  9  7  8 10 10    9 10  8 12  8  7  9 12  9 11   
326b  12 10 11  7  9  9  8  8 10  9    9 11  9  8 10  8 10  8  7  7    9  8  8  9  9  8  8 10  8  7    8  8  7 10  8 10  0  0  0  0   
327a   0  0 10  9  6  9  9 10  8 10   11  8  9 10 10 10  9 11  9 12    9 11  9  8  9  9  9  9  7  7   10  9 11 10  9 10  8 10  9  8   
327b   9 12 12  9  7  9 10  8 11  6    7 11 12  9  9  8 11 10  9 10    9  9 10  8  8  8  7  8  6 10   10 10  9  8 13 10  0  0  0  0   
328a   0  0 10 11  8  9  8  7 10  8    9  9  9 10 10  9  9 10 10 10    8  8  8  8  8  9  9  8  8  9    8  7  8  9  7 10  9 12 11  9   
328b   9 11 12 10  7  9 10  8  8 11    7  9 10  8 11  8  8  9  7  7    8 12 10  9 11  9  9  7  8  9    9 11  6  8  9 10  0  0  0  0   
329a   0  0  9 10  9 10  9  8 10  7   10  9  9  7 10  8 10  9  9  8    8 10  6 10 10 10  7  7  8  9    9 11  8  8  8  6 10  9  9 11   
329b   9 10  8  9  8  9  8  9  8  7    9 11  8  8  7  8  7  9 10  8   12 14  7  9  9 10 10  8 10 10    8  8  8 13 11  9  0  0  0  0   
330a   0  0 10  8 10  9  9  9  9 11    9  8  8  8  8 11  9 10  8 10    6 10 10  7  9  9  9 10 12  9    9  9 11  8  9  7  9  9 10 11   
330b   9  8 10  9  7 10  8  7 10 10   10 13 10  9 11 10 10 10  8  8    8 12  9  7  9 10 10  8  9  8    7  9  9 10  9  7  0  0  0  0   
331a   0  0  7 11 10  9 10  9 10  7   10 11  7  7  9  9  8  9  6  8   10  9 10  7  8  8 10  8 10  9    8 10  9 10  8  8 10 11  9 11   
331b  11 10  9  9  8  7  9  8 10  9    7 10 11  8 10  9  8 10  9 13    7  9  8 10  8  8  9  7  9  9    9  8  9  9 12  9  0  0  0  0   
332a   0  0  9  8 10  9  8  9  9  9   10  7  8  8  8 11  8  7  9 10   11 11 10  7  6  8  8  9 11  8   10 10  8 10  9  8  7 10 12  9   
332b   6  9 10  9  8  9  9  8  9  9    8  9  9  8 10  9 10 10  9 13    9  7  8 11  8  8  8  9  8 10    9 11 10  9  8 12  0  0  0  0   
333a   0  0 11  9  7  8  9 10  9  8    8  8  9  8 10  7  9 11  8  9   10  9 10  7  9  8  9  9 11 10    8  7  7  9  9  9 11  9  9  9   
333b  10  9  9  9 12  7 11  9  9  9   10  8  9  8 12  9  9  9  8 11    9  9  8  8  9 10  6  8 10  8    9  9 10 10  9 10  0  0  0  0   
334a   0  0  7  7  9 10 10  9  8  9    8  9  8  8  9 11  8  9  8  8    7 10  9  7  8 10  7  9  9  7    9  6 11  9  8  9 11  9 11  9   
334b  13 11  9  9 12 10  9  7  8  8    5  9 11  8  8  8 10  7  8  9    6  7  9  7  9 10 10 11  8  8    9 11  9  8  9  7  0  0  0  0   
335a   0  0  9  8  9 11  9 10  8 10    8  9  7 10  9  8  9 10  9  9    8 11 10 10  9  7  7  7 10  8    9  8  8 10  8  8  8  8 11  9   
335b   8 12  8  9  8  9 10  7  7  8    8  7 11  9 11  8 11  8  9 10   11  8  9  9  9  8  8 10  9  9   10  9  7  9 11  9  0  0  0  0   
336a   0  0  8  8 10  8  8  8  7 10   10 10 11 10 11  9  8  8  8 10    8 10  9  9 10  9  7  9  8  9    6  7 11  9 10  7 12 11  9 10   
336b  10  8  8  9  9 10  8  8  8  9    9  8 10  8  9  8  9  8  8 11    8  9  7  9  9 10  7  8 13  9    9  7  8 11  8 11  0  0  0  0   
