###    1  2  3  4  5  6  7  8  9 10   11 12 13 14 15 16 17 18 19 20   21 22 23 24 25 26 27 28 29 30   31 32 33 34 35 36 37 38 39 40   
###   41 42 43 44 45 46 47 48 49 50   51 52 53 54 55 56 57 58 59 60   61 62 63 64 65 66 67 68 69 70   71 72 73 74 75 76 77 78 79 80   
  1a  16 30 25 31 15 18 21 21 17 19   22 15 18 21 19 18 20 24 21 14   20 18 18 16 16 16 16 16 16 16   16 15 17 16 21 16 16 16 16 16   
  1b  16 16 16 20 15 21 24 16 16 16   16 16 16 16 16 26 24 24 22 23   26 21 25 21 27 22 21 20 23 25   24 27 25 23 28 20 28 16  8 24   
  2a  16 17 19 24 23 16 15 20 20 21   19 17 18 23 15 24 13 19 18 18   19 15 22 15 21 17 18 18 20 17   18 12 20 17 24 21 18 17 22 18   
  2b  19 23 22 20 22 23 23 20 22 22   28 26 25 20 19 23 20 23 26 15   17 20 21 19 21 23 23 23 23 18   28 18 21 21 19 25 28 16  8 16   
  3a  16 26 18 25 24 19 20 21 22 16   14 21 21 19 16 19 20 15 15 22   17 21 22 15 15 18 19 16 17 14   19 16 19 22 21 16 17 20 18 21   
  3b  21 19 24 22 22 21 21 27 20 19   23 25 23 25 26 25 25 19 31 22   18 23 18 20 23 20 19 26 22 25   26 22 26 26 24 20 20 16 16  3   
  4a  16 18 25 20 21 20 23 15 19 18   21 15 20 17 18 18 26 22 17 13   17 22 18 25 19 18 10 11 17 17   11 19 17 20 20 21 17 19 16 14   
  4b  19 17 25 21 22 23 20 21 19 21   18 19 22 22 25 22 19 21 29 20   23 22 20 24 24 20 26 23 29 23   18 26 24 26 29 22 24 16  8 16   
  5a  16 21 17 21 18 20 15 18 17 23   19 14 19 20 17 18 16 15 16 16   15 17 15 20 17 15 12 17 15 17   16 17 15 20 20 21 21 18 16 19   
  5b  21 16 17 24 23 22 28 27 21 25   23 22 20 16 23 26 21 26 23 24   23 23 21 26 21 26 19 22 20 24   26 23 22 27 19 22 27  8  8 16   
  6a  16 21 18 22 24 23 18 21 11 22   18 15 19 17 17 20 14 19 19 17   22 19 19 16 15 12 19 21 17 20   17 18 18 21 16 18 14 19 16 21   
  6b  22 20 20 18 16 24 16 31 21 19   23 24 22 22 21 22 20 25 29 21   23 23 25 25 20 31 19 26 18 24   23 24 23 23 19 23 20 16 16 16   
  7a  16 21 17 16 23 24 23 21 18 19   18 19 16 21 15 18 19 21 17 20   19 21 19 16 14 18 17 20 14 17   19 17 15 14 20 16 20 15 24 17   
  7b  24 20 21 17 23 25 20 24 26 23   29 17 27 20 22 24 19 22 27 24   26 21 21 19 20 24 27 18 24 26   20 27 25 24 29 20 24 16  8 16   
  8a  16 19 21 18 20 20 21 19 16 15   16 17 20 16 16 18 23 21 16 15   14 18 18 16 13 15 18 15 15 16   19 13 19 22 19 18 21 20 18 26   
  8b  19 17 22 23 22 24 22 24 22 20   26 21 19 26 24 24 18 26 23 22   16 23 25 24 16 20 28 19 25 23   24 20 21 25 23 26 21  4  8  8   
  9a  16 23 26 22 16 18 18 26 23 25   16 15 25 21 16 23 16 18 16 14   20 20 18 17 17 21 15 17 17 18   14 19 15 20 20 16 18 23 16 20   
  9b  22 20 18 26 26 22 24 19 22 20   24 23 15 18 28 19 24 21 22 24   25 24 21 24 30 20 25 24 25 17   25 24 24 25 22 19 22 16 16  2   
 10a  16 21 15 23 19 15 22 19 19 18   17 19 20 19 15 19 19 19 20 16   17 14 14 19 23 15 17 17 20 18   18 17 18 12 23 21 19 21 24 25   
 10b  26 22 19 24 24 21 24 30 27 23   19 24 22 27 22 24 22 24 18 18   22 22 21 21 23 22 26 24 27 22   24 22 20 21 21 20 23 16  8  8   
 11a  16 22 22 18 22 21 21 14 21 17   21 18 16 18 15 15 20 20 19 15   19 20 16 24 17 18 16 18 18 18   11 17 20 22 18 16 16 18 23 20   
 11b  21 30 25 24 25 20 29 24 25 20   25 26 22 20 24 19 19 24 23 27   27 23 26 23 23 24 24 22 23 20   26 23 20 29 30 26 24 16  8  8   
 12a   3 16 23 19 20 16 18 19 22 19   14 18 19 23 16 16 23 18 18 15   22 15 17 20 13 16 18 16 19 19   20 21 18 19 21 19 16 20 23 26   
 12b  22 23 28 21 21 25 25 26 23 16   30 27 20 31 24 18 21 25 22 21   23 21 22 24 24 24 27 25 21 26   20 22 24 21 29 21 19 16 16  2   
 13a  16 19 21 21 19 23 14 16 17 19   19 19 19 17 19 16 14 19 19 16   22 17 20 21 14 17 23 19 12 20   21 20 20 15 20 23 15 17 19 22   
 13b  18 23 27 15 24 23 14 27 24 19   23 22 24 21 26 22 20 28 28 23   24 23 16 21 26 24 21 24 28 24   17 20 25 20 17 22 22 16  8  8   
 14a  16 26 17 20 23 23 23 18 19 23   23 22 23 16 20 25 22 22 19 19   18 19 24 17 18 20 21 14 20 17   14 14 20 21 18 19 17 18 20 17   
 14b  18 20 23 27 24 22 24 21 21 21   26 25 24 19 26 22 26 27 25 21   17 23 23 17 28 23 25 20 25 23   20 23 27 21 24 26 19 16  8 16   
 15a  16 16 21 18 21 22 18 19 20 15   21 24 18 21 17 17 20 19 17 17   20 17 18 10 14 20 16 17 20 17   16 22 20 19 19 19 15 16 21 19   
 15b  22 20 25 23 22 23 23 20 20 24   22 23 16 22 19 19 24 28 18 23   22 27 24 20 29 25 24 27 30 24   21 23 23 22 26 25 17 16 16 16   
 16a  16 19 21 19 19 19 21 20 18 18   22 19 18 20 21 21 20 15 20 17   18 20 20 18 20 18 17 17 18 17   19 19 14 19 21 21 15 19 19 21   
 16b  20 24 19 17 15 19 24 25 22 24   26 27 24 19 23 28 23 29 24 24   19 21 25 22 27 21 25 22 25 23   23 19 17 20 27 21 23 16  8 16   
 17a  16 21 17 17 18 15 20 19 23 16   15 24 24 19 21 19 17 16 17 18   20 17 20 13 18 15 18 15 15 22   14 20 17 19 18 24 22 27 24 16   
 17b  25 22 22 21 25 31 22 19 24 25   23 20 20 22 22 21 24 28 24 24   20 29 26 18 20 19 21 22 28 21   22 19 15 20 27 12 22 16  8  8   
 18a  16 19 16 23 22 23 13 18 19 14   17 23 21 18 16 15 21 20 21 16   22 16 15 13 23 15 24 16 20 16   14 18 21 22 13 17 25 28 21 19   
 18b  22 22 22 22 20 23 18 20 16 24   27 27 26 25 22 23 26 22 23 26   28 27 25 21 17 20 18 21 25 25   25 25 16 21 23 24 24 16 16 16   
 19a  16 21 19 20 21 19 20 24 14 19   22 23 20 24 17 25 20 17 22 26   16 17 15 17 18 16 25 19 17 13   12 22 16 22 21 18 17 19 23 20   
 19b  24 18 25 19 20 21 21 18 24 25   30 23 17 21 23 21 23 23 22 29   23 23 20 20 24 24 22 20 20 25   28 23 19 26 19 25 20 16  8  8   
 20a  16 15 20 19 20 16 20 21 21 21   21 19 18 16 21 20 15 18 15 25   20 11 19 18 16 20 17 15 15 17   20 22 17 16 20 20 19 21 25 19   
 20b  21 26 27 20 12 15 21 19 27 23   22 24 25 23 26 21 16 20 29 22   23 21 26 27 23 15 26 24 15 21   21 24 21 25 25 20 24 16  8  8   
 21a   6 17 20 22 18 16 21 17 13 23   24 20 22 15 15 21 20 21 22 21   19 16 19 18 16 16 18 20 14 16   16 17 21 16 16 14 21 20 17 20   
 21b  25 22 14 27 24 22 24 21 23 22   16 21 26 19 20 21 25 20 22 19   27 25 25 23 20 25 20 20 22 31   21 19 21 25 24 23 24 16 16  8   
 22a   4 17 23 17 19 22 28 16 14 17   20 18 25 18 19 13 20 21 12 19   16 18 15 12 16 20 13 16 14 13   19 19 22 21 14 20 21 22 20 21   
 22b  21 20 23 15 23 26 19 26 21 29   24 31 21 26 23 22 27 26 23 23   23 30 28 19 22 20 24 26 23 24   19 23 27 22 24 23 17 16  8  8   
 23a  16 14 21 23 29 21 19 20 20 23   19 17 23 14 18 19 16 21 17 22   16 18 18 16 20 20  8 19 15 14   17 21 18 15 19 23 25 19 20 19   
 23b  18 20 24 22 21 21 23 28 27 19   25 23 23 20 19 22 23 21 19 24   23 20 28 31 22 19 22 21 23 27   20 26 17 22 26 25 22 16  8 16   
 24a  16 19 19 16 12 23 18 14 21 18   17 19 24 18 27 14 19 20 20 18   18 22 20 17 13 17 15 14 19 19   21 21 18 16 17 26 18 20 15 22   
 24b  16 22 21 22 28 23 31 26 21 28   26 21 20 21 19 26 24 25 22 26   19 23 24 23 24 15 23 21 30 22   25 21 25 23 23 23 21 16 16  8   
 25a  16 21 21 19 15 19 20 25 20 21   17 15 23 16 15 20 19 22 13 16   24 14 19 21 19 18 12 12 20 23   19 17 19 19 17 19 24 20 28 23   
 25b  22 25 22 24 20 20 27 21 31 21   22 24 17 25 25 28 19 23 20 20   19 21 24 22 27 21 16 23 19 23   28 24 26 22 21 26 21 16  8  8   
 26a  16 22 19 19 19 18 16 21 17 18   22 23 24 15 18 26 20 19 20 20   14 16 15 19 21 21 22 15 15 22   16 19 25 18 21 15 18 20 20 25   
 26b  17 26 20 21 24 28 24 23 28 22   24 18 22 24 29 17 24 19 23 15   22 27 20 23 24 24 22 23 25 24   22 24 20 21 23 20 23 16  4  8   
 27a  16 21 18 19 18 24 17 18 20 20   19 22 20 21 20 18 19 12 22 18   20 18 19 14 20 17 14 15 22 13   15 15 14 20 20 15 19 20 19 24   
 27b  17 18 20 22 18 19 21 26 20 22   23 20 26 24 25 24 24 24 23 20   19 24 20 24 22 21 23 21 25 24   20 23 22 24 22 25 26 16 16  4   
 28a  16 18 19 17 18 18 19 19 25 17   20 19 16 20 20 15 20 16 15 12   19 18 19 15 15 13 17 21 23 23   15 19 19 21 18 21 25 22 27 22   
 28b  29 15 23 16 26 24 22 24 19 24   21 17 28 20 17 27 23 24 23 25   23 19 23 15 22 29 21 25 22 24   28 21 23 21 23 20 24 16  8 16   
 29a  16 16 17 21 19 18 17 21 18 17   17 18 22 17 19 19 20 17 17 13   14 23 18 16 19 18 12 19 18 13   25 20 22 22 16 20 15 20 16 15   
 29b  19 22 26 23 18 16 23 21 28 17   22 27 27 21 20 15 22 22 22 29   20 21 19 20 26 19 27 17 23 23   24 24 23 20 22 16 22 16  8 16   
 30a  16 16 21 16 20 23 22 23 22 16   20 14 19 23 20 20 16 21 21 18   17 18 18 19 16 15 17 18 16 19   19 15 23 21 24 23 19 23 16 15   
 30b  24 27 22 31 24 24 24 30 23 21   23 20 23 23 22 24 22 24 24 27   24 20 27 24 24 21 21 26 25 21   23 15 23 25 29 19 18  2  1  1   
 31a  16 21 23 21 19 19 18 23 15 16   22 25 16 18 20 17 15 17 18 18   19 21 21 22 24 17 18 20 19 15   15 27 16 22 27 23 20 25 25 18   
 31b  25 26 21 22 23 19 21 22 27 23   21 29 23 21 22 24 27 23 25 21   17 17 23 20 23 24 23 19 19 23   23 24 23 21 24 28 28 16  8  8   
 32a  16 21 23 13 22 16 20 24 23 22   17 21 16 19 19 12 17 21 17 19   23 15 19 20 21 14 18 22 16 12   18 18 18 22 19 23 24 25 19 21   
 32b  24 22 15 28 17 26 25 20 22 27   23 27 23 21 22 19 23 23 16 22   28 15 21 26 24 28 22 25 24 28   23 25 15 22 23 25 24  4  8  8   
 33a  16 18 21 22 18 15 23 22 15 28   17 19 23 15 17 17 21 18 21 22   15 17 18 15 15 11 20 15 15 24   13 21 18 20 23 21 19 30 20 19   
 33b  18 23 21 29 25 22 27 24 27 25   21 22 25 18 23 24 19 25 19 27   23 31 24 27 20 22 20 25 22 24   25 25 24 23 22 23 19 16 16 16   
 34a  16 19 17 20 19 16 24 10 20 18   21 19 18 20 18 17 17 15 17 21   16 19 20 15 17 16 17 16 18 13   17 16 21 20 17 24 15 15 21 23   
 34b  21 24 18 19 27 15 20 21 22 23   23 23 22 20 23 24 31 24 22 27   26 21 21 27 24 23 25 24 24 23   27 19 25 21 22 26 24 16  8 16   
 35a  16 15 19 24 22 17 20 20 16 21   16 15 20 26 16 17 15 19 19 24   18 14 16 16 19 19 16 22 17 25   19 23 18 20 18 25 17 19 21 24   
 35b  23 22 21 27 23 25 23 19 26 25   20 22 27 21 27 17 22 22 25 17   19 19 25 23 23 22 21 19 23 27   17 21 23 18 24 24 25 16  8  8   
 36a  16 17 20 23 21 20 18 19 17 19   21  8 20 22 22 21 19 20 21 21   20 13 26 16 24 12 18 16 16 16   17 20 16 22 14 20 23 17 18 22   
 36b  19 21 18 19 25 26 18 22 25 26   24 22 19 22 22 20 22 27 26 26   21 17 26 25 21 20 25 28 21 20   23 23 23 23 19 22 23 16 16  8   
 37a  16 10 16 22 23 22 17 21 23 19   18 21 19 15 16 16 17 15 14 23   19 14 14 18 15 18 17 17 15 21   18 16 22 24 18 16 18 17 14 24   
 37b  16 21 21 23 26 20 21 22 22 15   20 20 23 25 29 26 23 24 26 19   27 19 24 24 31 20 23 26 21 25   29 21 24 23 21 22 19 16  8  8   
 38a  16 16 17 20 21 18 21 20 22 30   19 23 23 18 17 18 21 20 21 14   15 18 18 18 20 18 17 18 18 21   18 17 21 23 17 23 23 18 19 20   
 38b  21 24 19 26 25 26 24 23 29 25   25 18 20 21 24 26 27 21 16 22   24 23 24 23 29 25 20 21 27 18   27 24 20 19 21 17 19 16  8  4   
 39a  16 19 18 21 19 21 27 20 19 22   21 21 18 18 18 19 17 20 17 20   12 19 21 18 17 15 22 14 20 18   24 20 17 20 24 24 19 21 19 19   
 39b  24 19 22 25 21 19 21 25 27 23   24 15 19 23 23 20 22 26 22 21   26 23 22 29 27 27 22 27 24 19   20 24 24 20 20 20 23 16 16  4   
 40a  16 20 20 26 17 23 23 18 17 16   19 18 24 16 21 19 17 16 21 19   15 22 19 20 16 16 19 20 20 14   21 21 15 20 19 23 26 22 21 20   
 40b  18 23 21 24 19 28 28 19 25 26   28 22 20 21 23 23 21 19 24 23   25 20 24 19 25 25 23 25 25 17   17 24 24 16 19 20 25 16  8 16   
 41a  16 21 17 26 19 21 20 14 19 19   17 21 21 21 23 19 17 22 16 22   17 20 17 14 16 20 17 14 13 18   10 19 15 17 17 20 20 22 21 21   
 41b  20 24 21 24 29 28 26 19 28 23   21 20 26 22 23 25 26 11 20 24   19 25 24 25 23 27 24 15 25 18   15 23 24 25 22 20 22  4  4  4   
 42a  16 22 19 17 25 18 18 22 23 17   26 17 25 19 20 22 17 18 16 18   18 20 21 18 11 18 20 20 20 19   15 12 18 20 16 24 23 20 23 24   
 42b  22 26 24 15 25 24 18 21 28 21   27 22 20 23 26 19 21 25 26 16   26 23 22 22 23 20 20 20 19 26   19 18 22 25 24 22 23 16 16  4   
 43a  16 20 20 20 22 16 19 18 20 24   22 16 23 15 20 19 19 18 18 17   17 19 21 22 19 16 16 15 17 21   16 16 16 21 17 20 22 18 22 20   
 43b  23 23 25 23 21 23 27 22 22 22   23 19 25 23 15 24 25 24 19 15   23 24 24 27 24 27 20 23 16 23   23 26 25 21 19 19 26 16  8  2   
 44a  16 22 22 20 21 20 24 20 24 16   17 19 23 18 15 16 15 21 19 27   17 19 20 20 19 18 19 22 20 13   18 19 20 20 22 18 23 29 23 23   
 44b  25 25 15 24 18 24 25 22 27 24   19 26 24 19 28 22 19 22 20 24   23 23 26 24 23 26 21 26 27 25   24 22 22 23 18 24 23 16  8 16   
 45a  16 21 25 24 20 20 23 20 18 21   17 16 19 15 19 19 18 22 19 20   21 18 18 19 16 17 16 16 14 18   21 21 20 20 16 19 21 27 20 22   
 45b  23 24 24 25 26 27 27 28 22 27   22 29 25 19 24 27 21 25 24 19   26 28 25 24 15 24 27 22 24 23   21 22 19 22 21 28 24 16 16  4   
 46a  16 17 21 24 17 22 20 23 19 22   23 21 19 20 22 21 19 18 25 19   17 17 18 22 21 18 15 23 15 23   18 15 24 22 16 22 20 21 18 21   
 46b  23 22 28 19 22 22 23 26 23 24   26 19 26 27 24 25 22 22 23 19   19 20 30 19 21 22 30 24 21 23   22 25 20 23 22 25 23 16  8 18   
 47a  16 24 22 20 25 16 23 22 16 20   16 17 22 18 24 18 18 19 18 17   17 21 22 19 16 15 18 17 17 19   16 16 22 16 21 17 24 20 21 26   
 47b  21 26 18 20 30 20 16 23 18 28   27 26 24 24 26 22 21 20 25 26   25 25 21 25 25 26 24 23 20 23   22 21 25 25 23 25 17 16  4  4   
 48a  16 19 22 22 21 19 16 21 20 18   24 24 17 21 22 19 24 17 14 20   19 18 19 19 15 18 21 18 15 17   19 18 22 17 19 24 20 22 23 19   
 48b  24 22 21 23 25 26 20 25 24 25   24 24 21 22 23 24 25 24 21 22   20 21 19 20 19 25 24 23 25 20   18 26 22 26 24 24 22 16 16  2   
 49a  16 20 16 18 21 21 17 22 19 19   20 18 20 24 24 19 19 17 21 20   18 18 19 14 19 22 14 16 15 25   18 17 17 16 25 19 19 19 28 22   
 49b  16 20 28 22 23 25 20 27 20 21   24 22 24 21 30 24 26 23 28 23   23 22 22 18 25 23 24 22 21 28   27 21 23 27 20 20 15 16  8  4   
 50a  16 20 16 21 17 22 22 22 19 18   18 19 20 16 22 16 21 21 24 19   18 20 12 18 13 20 17 17 18 16   15 18 18 22 21 13 19 20 19 20   
 50b  15 24 23 21 20 22 24 23 23 17   19 25 18 19 24 25 22 27 19 21   25 26 24 24 20 21 26 16 19 21   26 22 23 24 26 22 23  2  8 16   
 51a  16 19 15 16 19 17 21 18 22 18   20 15 18 21 27 15 22 18 21 18   20 14 15 22 19 13 15 13 18 16   22 25 17 17 25 22 16 26 18 23   
 51b  23 25 24 25 28 29 23 26 23 23   23 25 24 27 17 24 21 25 23 22   20 27 22 27 18 25 28 28 20 25   25 21 26 19 24 25 21 16 16 16   
 52a  16 19 23 16 20 19 21 17 24 17   15 22 20 18 17 20 21 19 19 19   15 19 17 16 17 24 13 17 18 16   15 18 23 20 19 27 19 17 22 23   
 52b  23 25 26 21 23 26 25 27 24 21   25 26 22 24 23 23 26 19 23 24   26 26 23 22 25 21 23 24 24 17   28 19 20 19 22 23 20 16  8  8   
 53a  16 18 20 24 23 23 18 20 21 24   15 19 20 22 18 17 18 20 17 17   24 17 20 16 16 23 15 18 19 19   24 20 21 21 21 29 22 17 21 17   
 53b  20 17 22 23 24 28 24 20 25 16   27 23 27 24 21 21 21 20 25 22   20 16 22 16 23 25 25 26 19 25   22 23 15 12 21 25 16 16  4 16   
 54a  16 19 25 22 19 17 16 20 17 16   21  7 19 17 20 12 23 18 13 15   20 15 17 16 17 17 16 19 18 16   23 18 14 20 15 23 20 18 18 21   
 54b  24 20 22 24 25 20 23 23 22 23   24 26 24 20 21 19 24 24 26 23   26 18 15 21 26 21 19 22 28 24   23 21 20 26 23 20 22 16 16 16   
 55a  16 21 24 20 18 21 20 21 28 18   23 18 24 20 23 17 22 17 20 20   18 20 20 16 18 14 21 18 15 17   15 19 19 21 18 19 17 26 19 22   
 55b  22 19 20 21 22 21 25 21 15 21   30 23 21 23 21 17 22 24 23 17   24 21 21 24 24 28 24 24 24 31   21 25 22 22 21 19 25 16  8  8   
 56a  16 15 19 22 17 22 15 21 20 23   16 18 19 14 26 16 17 18 18 16   20 20 14 15 15 19 18 16 17 28   26 22 20 17 17 13 20 26 20 16   
 56b  22 24 23 26 26 28 22 29 23 20   28 25 25 23 20 21 24 20 22 24   17 26 25 22 25 23 20 22 30 22   22 22 24 24 22 21 25 16  8  8   
 57a  16 19 21 24 22 16 22 20 24 18   17 18 24 21 23 21 19 20 18 15   20 19 19 15 16 15 17 17 17 17   19 16 19 22 22 20 18 24 24 26   
 57b  16 23 13 21 27 26 20 22 20 30   26 22 22 22 24 22 22 16 22 23   25 19 26 20 15 26 22 29 30 27   24 20 25 25 22 20 27 16 16  1   
 58a  16 24 21 20 16 15 20 16 22 22   21 23 18 23 19 15 20 21 19 16   23 19 13 15 16 22 18 15 18 22   16 24 18 19 22 26 16 17 17 23   
 58b  26 26 24 21 18 23 21 20 22 23   20 23 25 19 19 23 23 27 25 19   22 19 21 26 23 23 23 27 19 20   26 23 25 26 27 20 17 16  1  8   
 59a  16 16 15 24 22 19 21 19 19 25   18 20 20 24 25 16 25 23 21 18   20 17 14 15 19 15 16 19 16 22   22 21 22 18 17 25 24 22 21 25   
 59b  20 21 19 20 29 24 19 21 22 27   19 21 24 23 25 28 23 22 24 20   25 29 21 21 24 19 22 19 24 28   21 22 25 21 21 25 17 16  8 16   
 60a  16 20 17 22 22 19 20 15 23 20   21 21 21 18 21 19 15 18 19 12   12 15 18 17 18 15 23 19 14 11   24 24 17 18 19 21 16 20 20 21   
 60b  26 19 21 28 21 29 21 21 27 23   28 26 24 23 19 21 26 26 19 25   25 24 22 21 31 24 22 25 24 21   26 29 19 17 22 22 24 16 16  4   
 61a  16 17 16 22 18 21 21 19 26 21   25 25 24 18 25 21 18 16 20 18   20 21 18 18 16 22 16 17 18 14   21 18 21 19 25 24 24 26 18 25   
 61b  24 21 31 29 22 24 24 24 30 17   21 23 24 21 22 22 23 25 25 20   26 25 21 18 24 24 22 21 26 22   20 25 26 22 26 17 25 16  8 16   
 62a  16 20 19 22 27 16 18 20 19 21   22 21 27 22 24 15 19 22 19 17   16 20 23 15 20 17 18 19 15 20   17 20 24 26 21 21 23 16 22 22   
 62b  24 25 23 25 22 24 19 23 22 23   24 25 25 21 22 24 22 22 17 19   26 19 21 28 25 22 25 26 20 23   28 30 26 22 16 26 19 16  8  4   
 63a  16 18 26 15 18 21 24 21 21 20   27 20 22 24 17 15 17 23 20 18   23 18 16 15 20 16 17 16 14 16   14 20 18 18 14 19 17 23 25 24   
 63b  24 16 20 27 25 28 22 23 22 23   24 28 19 20 21 26 25 19 19 24   26 18 24 25 22 19 15 28 20 19   25 13 22 26 26 26 27 16 16 16   
 64a  16 28 22 18 17 21 22 22 21 24   27 20 21 20 23 15 22 18 16 17   20 15 26 20 19 20 17 20 19 16   24 24 16 22 18 19 24 17 25 22   
 64b  23 21 22 24 24 21 28 25 26 20   24 23 17 19 20 21 24 25 23 22   26 24 23 21 26 24 15 19 24 20   23 21 22 19 24 16 20 16  8 16   
 65a  16 21 16 15 19 23 19 20 18 20   22 23 17 17 23 16 18 17 21 17   15 18 18 19 17 14 15 18 14 22   16 17 15 17 18 22 23 24 20 25   
 65b  23 24 23 24 21 28 26 27 25 25   22 22 26 21 27 26 23 21 26 20   18 23 20 28 24 24 21 20 19 21   21 20 24 21 25 24 29 16  4  8   
 66a  16 18 18 20 25 16 22 19 20 20   25 20 18 17 16 15 17 18 17 19   21 19 16 17 13 19 20 18 17 18   21 24 16 21 18 18 18 24 20 27   
 66b  24 22 23 24 23 27 25 24 21 16   25 22 22 22 21 26 25 24 23 22   26 21 21 21 21 22 24 25 22 19   20 20 23 22 23 24 24 16 16 16   
 67a  16  7 22 23 15 16 22 17 18 18   19 19 20 18 16 21 21 24 22 18   17 19 24 24 15 16 17 17 22 21   17 19 22 25 22 16 21 21 22 17   
 67b  26 23 27 25 22 21 27 26 21 20   28 15 20 18 23 25 22 20 25 24   18 21 24 24 21 24 22 20 26 20   23 24 22 18 21 22 23 16  8 16   
 68a  16 15 17 23 26 24 21 17 20 22   23 20 24 21 18 16 21 16 19 20   12 18 18 19 20 14 14 12 23 20   17 20 15 22 15 16 23 17 20 14   
 68b  18 22 19 18 21 29 26 21 22 21   27 25 23 23 22 25 30 29 26 23   26 19 25 22 18 25 28 22 24 22   24 18 22 24 20 22 23 16  8  8   
 69a  16 15 19 20 24 25 21 21 21 20   19 21 19 20 17 21 15 19 21 14   18 14 15 16 18 20 15 22 15 21   13 21 21 17 20 20 19 17 20 25   
 69b  19 19 23 17 31 24 21 24 15 25   22 24 29 27 16 20 23 27 20 25   25 27 23 21 31 23 18 27 23 19   20 22 22 23 24 21 19 16 16  3   
 70a  16 20 21 20 25 19 22 21 17 22   19 20 21 23 20 18 21 17 18 18   16 15 15 22 16 15 18 18 21 26   18 19 20 14 16 21 24 17 16 25   
 70b  19 18 23 20 27 25 23 27 23 25   21 21 24 23 18 18 25 24 24 25   19 19 22 21 23 18 23 22 24 23   25 22 28 22 25 22 21 16  8  8   
 71a  16 26 23 18 16 23 18 19 22 20   16 20 23 21 18 21 21 14 18 16   21 20 22 19 18 19 22 16 13 22   24 20 17 23 25 16 21 18 15 19   
 71b  15 20 25 21 21 20 25 24 24 25   23 25 26 25 28 25 26 23 24 19   17 19 19 15 24 25 21 28 20 24   21 23 25 19 21 21 25 16  8  8   
 72a  16 22 24 20 17 31 26 16 16 16   16 17 25 16 23 21 22 17 19 15   19 17 19 15 16 15 13 20 19 17   16 21 18 18 23 25 23 17 21 16   
 72b  18 24 18 22 28 26 23 29 22 22   23 23 23 25 23 23 21 27 27 21   26 16 21 21 22 24 26 23 24 24   23 28 22 24 26 17 25 16 16 16   
 73a  16 17 21 23 17 16 20 21 20 18   21 16 19 18 31 21 13 17 19 20   19 20 19 21 14 14 17 19 20 18   17 21 18 18 23 17 17 15 19 23   
 73b  22 21 19 20 26 21 25 19 16 20   24 27 22 24 21 24 26 19 22 19   28 20 23 21 21 22 26 26 21 23   19 27 22 26 22 21 22 16  8 16   
 74a  16 23 22 23 21 31 22 24 22 20   17 16 26 18 19 18 19 17 20 17   18 17 21 19 15 16 16 15 15 18   16 19 20 21 19 18 24 22 18 23   
 74b  20 26 26 25 27 23 25 25 24 24   23 23 24 21 23 20 26 20 23 26   22 26 23 20 23 20 26 20 21 29   25 18 22 22 24 26 22 16  8 16   
 75a  16 19 24 19 25 21 22 19 22 20   23 23 19 19 17 18 17 16 11 20   17 16 14 16 15 22 20 22 21 16   26 27 20 19 22 23 22 20 25 20   
 75b  26 24 21 26 27 25 25 26 24 26   24 24 22 25 23 28 26 24 23 23   25 21 23 25 26 22 24 22 26 20   17 22 24 26 24 19 18 16 16  8   
 76a  16 15 22 14 23 25 22 18 15 16   16 18 21 26 17 18 19 21 22 21   18 24 21 22 18 26 14 24 22 21   12 21 15 26 21 20 20 22 21 16   
 76b  27 26 23 25 18 23 22 29 21 24   25 29 24 22 20 26 23 25 23 25   24 24 24 27 30 22 24 18 24 21   21 21 22 26 22 21 24 16  8  4   
 77a  16 16 23 20 27 15 15 23 21 19   16 21 23 20 20 16 22 21 17 21   15 19 15 21 22 16 16 21 14 22   22 15 25 18 22 18 20 19 16 27   
 77b  22 18 20 22 21 24 25 22 21 24   31 25 24 21 21 20 26 22 24 19   26 22 20 23 25 21 30 20 21 23   29 19 25 20 20 25 23 16  8 16   
 78a  16 22 23 19 25 18 22 21 18 21   17 21 23 20 21 17 16 16 19 18   28 20 22 19 19 16 15 18 24 16   15 20 20 23 23 20 18 19 19 23   
 78b  23 23 20 25 23 22 28 23 15 19   20 22 24 25 24 20 20 19 23 22   22 25 19 21 22 26 25 23 26 18   20 26 19 22 19 15 22 16 16  8   
 79a  16 17 22 18 21 19 19 19 21 15   18 24 22 18 24 20 17 21 18 15   20 24 22 16 18 13 18 14 20 13   15 12 20 19 19 17 16 18 18 22   
 79b  20 21 24 17 24 25 20 27 20 25   20 20 24 25 27 25 26 22 24 26   24 30 26 15 29 29 22 20 22 22   22 22 17 26 26 22 24 16  8  8   
 80a  16 20 20 20 19 19 22 19 20 22   19 20 23 19 18 22 17 22 20 22   16 18 20 13 18 19 15 19 21 23   16 21 22 18 24 21 19 17 21 19   
 80b  23 24 23 21 23 28 24 28 25 24   25 15 26 25 24 19 21 22 23 23   24 25 23 20 20 22 22 19 24 26   26 25 15 22 22 18 23 16  4  1   
 81a  16 19 18 19 21 22 19 20 17 23   22 24 18 23 19 18 24 19 21 20   18 18 11 23 15 21 13 20 20 18   18 18 16 23 16 23 21 20 18 22   
 81b  23 24 24 21 23 22 20 25 20 20   22 25 20 23 25 24 18 24 23 26   22 22 15 25 23 22 22 24 25 15   24 20 16 23 24 26 18 16 16  2   
 82a  16 15 19 22 13 18 21 20 17 24   17 22 24 21 15 20 17 16 16 20   15 13 18 19 19 17 12 13 19 14   19 26 16 18 13 27 20 21 26 24   
 82b  23 20 22 26 19 18 23 18 26 23   25 20 27 20 27 23 22 21 25 26   24 20 25 15 25 20 26 16 24 20   19 22 20 20 31 20 21 16  8 16   
 83a  16 20 20 21 25 24 19 20 23 19   15 16 14 21 21 18 27 21 17 17   20 15 16 16 20 16 19 15 16 21   14 20 25 21 25 20 16 24 17 25   
 83b  24 25 23 20 23 21 24 21 25 23   27 18 22 24 24 21 21 17 22 23   21 19 23 25 20 24 23 21 25 20   21 21 27 19 17 19 25 16  8  4   
 84a  16 19 21 20 19 15 19 20 18 18   23 16 18 22 24 19 18 20 19 16   20 22 16 23 16 21 22 16 20 16   15 16 22 25 18 21 18 22 17 23   
 84b  24 20 23 23 26 22 18 21 20 30   24 23 23 27 27 22 23 24 29 27   22 26 21 23 26 21 23 19 28 24   23 22 24 22 22 22 22 16 16  4   
 85a  16 15 19 22 20 15 21 22 23 17   23 18 16 20 17 22 22 16 24 17   20 17 18 11 15 22 17 22 22 24   22 16 18 23 18 19 24 19 22 18   
 85b  21 22 20 20 22 24 23 20 24 30   23 20 28 22 25 20 23 23 21 21   23 22 24 19 24 25 30 27 18 26   28 22 27 27 23 25 24 16  8  2   
 86a  16 20 17 20 22 24 28 25 15 19   19 22 26 23 21 16 17 22 16 18   18 18 18 16 15 16 24 12 17 17   18 18 21 19 26 22 19 17 19 24   
 86b  16 24 19 17 19 23 25 23 26 25   31 25 21 24 20 22 29 24 22 26   24 22 22 31 23 15 29 23 22 20   26 21 23 23 23 24 22  4  8  8   
 87a  16 20 18 12 21 23 25 25 20 19   24 18 20 20 21 17 16 16 23 23   22 14 21 17 18 17 18 19 16 19   20 25 23 19 16 20 23 21 18 27   
 87b  21 23 20 24 21 20 26 23 24 22   24 19 18 25 22 23 27 21 19 15   23 24 23 22 27 24 23 23 22 23   21 20 25 25 25 25 23 16 16  1   
 88a  16 20 21 22 18 20 22 20 18 17   15 17 21 20 20 17 20 12 20 21   24 16 16 16 16 16 16 13 17 18   17 19 26 13 20 18 23 18 24 20   
 88b  28 17 21 24 23 25 25 24 26 21   25 27 19 15 21 23 18 22 19 23   27 27 27 24 20 23 22 23 26 20   30 19 24 24 19 19 22 16  8  4   
 89a  16 21 20 19 18 23 19 18 22 22   27 21 22 23 17 22 23 15 21 17   17 18 16 18 19 16 16 19 15 20   16 21 21 15 17 21 18 23 22 15   
 89b  26 23 20 18 19 21 21 21 17 28   19 23 24 20 23 23 17 23 22 28   28 23 21 22 23 23 22 23 25 22   22 18 25 25 20 22 18 16  8  4   
 90a  16 24 26 22 23 22 16 22 21 18   22 19 14 18 18 19 24 15 16 18   19 18 21 20 22 15 14 14 21 20   21 19 20 14 22 22 20 21 18 23   
 90b  18 23 21 25 27 22 22 23 25 22   26 26 23 25 25 23 24 24 25 24   19 19 30 24 22 26 26 27 19 27   22 24 21 22 26 22 21  4  2  1   
 91a  16 19 22 21 22 20 18 22 19 19   16 22 22 22 18 12 15 17 22 22   11 23 21 16 22 21 15 22 16 19   22 23 22 22 20 21 19 17 20 25   
 91b  22 23 20 24 23 23 25 21 24 24   28 25 26 23 24 22 21 23 22 24   22 22 20 22 26 20 20 25 24 26   25 24 24 23 27 20 22 16  8 16   
 92a  16 23 22 20 16 20 21 24 20 14   19 24 20 21 22 17 22 21 17 16   12 22 12 15 18 15 17 20 18 15   21 18 16 24 18 21 25 24 21 18   
 92b  22 23 19 23 26 19 23 28 19 20   27 23 22 20 19 21 25 25 24 23   23 26 21 25 25 21 27 23 29 24   22 23 20 24 25 21 15 16  2  2   
 93a  16 19 16 19 19 15 21 28 24 24   24 22 22 23 19 20 18 19 17 15   20 19 20 23 17 18 20 21 19 19   19 23 23 19 14 19 17 18 22 24   
 93b  22 25 26 24 25 30 23 24 19 22   20 20 24 28 22 23 24 22 27 28   27 20 25 19 26 20 24 20 26 22   24 25 20 22 23 19 24 16 16  4   
 94a  16 22 17 19 18 22 27 23 16 14   22 22 21 19 23 19 20 21 20 20   18 15 19 22 16 22 15 14 21 20   22 21 18 18 16 16 20 16 19 20   
 94b  21 19 22 23 27 16 13 20 25 23   27 26 24 26 19 21 24 27 20 24   19 27 22 19 23 21 24 25 24 20   23 26 28 19 25 16 28 16  8 16   
 95a  16 23 21 20 18 21 20 18 20 20   22 20 23 23 19 18 19 24 18 19   19 19 18 17 20 17 17 17 12 18   25 17 21 17 25 21 24 17 21 18   
 95b  19 20 16 24 27 24 19 22 26 28   26 23 19 24 23 21 23 21 22 22   26 23 29 27 20 23 24 24 21 24   23 27 26 22 24 23 21  8 16  8   
 96a  16 18 18 21 20 22 22 17 26 20   20 23 16 21 25 21 24 19 16 17   17 15 15 19 19 21 15 15 17 22   18 15 16 17 15 25 23 23 17 25   
 96b  23 15 24 23 15 25 21 22 17 26   24 24 22 22 21 20 26 19 22 24   30 18 22 21 24 26 15 21 23 23   28 27 18 23 23 27 17 16 16  4   
 97a  16 22 19 23 22 28 18 20 18 18   19 21 20 20 20 19 16 19 23 14   20 20 22 22 14 16 17 20 18 14   18 20 15 16 24 26 21 17 19 23   
 97b  21 26 26 17 19 25 22 27 24 24   23 23 20 25 26 22 24 18 24 24   22 18 22 22 21 27 18 19 25 23   22 24 24 20 18 17 23 16  8  8   
 98a  16 20 20 22 22 25 19 22 20 22   22 19 21 21 19 23 20 21 24 23   17 14 21 20 19 16 19 16 14 17   22 24 18 21 20 25 19 19 15 22   
 98b  22 27 21 20 19 21 22 20 26 29   22 20 25 25 24 24 22 21 25 22   23 22 20 24 25 24 26 24 20 19   27 23 22 23 25 22 25 16  8  8   
 99a  16 23 23 23 21 24 24 19 22 20   16 21 21 15 19 16 16 18 22 17   20 17 17 18 16 14 20 22 21 15   19 26 15 22 18 19 19 21 17 20   
 99b  19 25 23 28 25 17 26 24 19 28   24 24 25 21 21 21 20 24 24 24   20 24 21 22 21 20 24 21 22 25   28 24 21 20 22 23 27 16 16  8   
100a  16 21 24 22 23 26 25 27 20 22   18 25 17 21 24 16 23 14 14 15   19 15 22 18 21 20 15 22 15 12   14 22 23 18 18 19 18 18 27 18   
100b  24 26 23 26 21 18 23 22 27 28   26 27 20 23 26 21 29 22 24 20   24 24 22 25 25 19 19 17 24 20   19 26 21 25 20 23 21 16  8  4   
101a  16 20 24 26 15 18 20 23 24 22   24 20 24 21 20 17 20 19 22 16   17 16 26 14 12 15 18 15 23 11   20 13 18 22 22 22 24 16 17 20   
101b  29 20 23 30 22 22 28 24 26 26   25 25 25 21 21 20 22 24 29 19   25 23 18 25 19 28 19 23 26 22   23 28 23 24 22 23 16  4  4 16   
102a  16 26 25 23 21 17 20 20 20 22   17 17 20 24 26 21 19 16 21 15   19 13 20 18 15 14 18 16 17 20   19 21 21 19 17 18 19 18 18 28   
102b  21 21 25 23 23 26 27 19 20 22   27 25 24 21 22 22 20 24 27 19   24 26 19 25 25 24 23 19 23 24   20 24 24 22 18 20 19  4 16  8   
103a  16 20 19 20 19 24 19 24 24 19   19 17 21 20 17 16 21 22 29 18   19 17 17 14 17 20 21 17 18 14   19 20 15 23 16 22 19 18 14 19   
103b  22 23 20 18 20 24 21 22 20 19   31 28 24 27 30 25 19 25 25 26   19 25 27 24 27 25 22 22 18 26   24 26 22 19 22 22 27 16  8  2   
104a  16 15 17 17 24 21 22 23 25 18   21 18 23 18 25 26 22 20 19 14   21 17 17 21 19 17 17 16 19 26   20 20 17 23 19 19 21 30 23 21   
104b  20 20 28 24 29 22 26 15 31 23   23 21 21 25 23 24 20 24 25 28   22 23 25 22 19 24 23 26 27 28   23 23 25 23 22 23 27 16  1 16   
105a  16 23 21 21 20 24 18 21 19 14   23 25 22 23 21 23 18 16 19 18   16 22 15 14 14 13 16 14 13 14   18 22 13 20 19 21 22 25 14 20   
105b  22 23 22 18 26 20 30 24 21 20   19 26 23 19 17 22 20 23 24 22   26 24 26 21 18 22 21 28 17 19   22 22 18 24 26 16 27 16 16  8   
106a  16 20 23 24 21 18 17 17 19 24   20 17 21 11 14 17 19 21 16 20   16 15 16 23 14 21 21 10 16 13   16 21 24 21 22 21 22 22 25 31   
106b  18 25 23 23 20 22 23 17 24 18   29 22 25 24 25 26 25 20 22 21   22 25 19 26 24 24 19 19 28 18   24 22 19 21 23 23 21 16  8  1   
107a  16 21 23 20 23 18 17 22 20 24   25 17 19 22 17 16 23 17 16 13   14 15 14 20 21 19 18 20 19 16   23 19 21 20 24 16 20 17 17 21   
107b  23 20 21 19 19 26 21 25 28 23   26 24 15 19 21 23 25 16 20 24   28 20 22 20 24 18 23 22 27 21   18 16 17 20 25 23 20 16  8  4   
108a  16 24 16 19 17 19 21 21 22 11   21 18 25 20 21 17 16 18 19 19   23 17 17 14 20 17 16 18 16 23   24 19 16 20 26 21 22 13 21 20   
108b  21 21 27 20 28 23 25 22 23 23   22 25 26 26 25 21 20 18 27 19   24 22 23 20 20 20 23 27 23 21   26 27 17 23 19 25 16 16 16  8   
109a  16 17 16 21 19 24 20 16 20 16   21 24 19 17 20 14 23 18 17 19   19 15 15 20 15 20 13 16 15 21   16 20 18 17 23 20 21 25 21 26   
109b  17 24 24 22 28 23 28 25 20 27   21 25 23 25 27 24 12 25 20 21   25 23 29 19 25 29 25 29 13 16   28 27 23 22 23 22 18 16  4  2   
110a  16 20 21 19 23 18 18 25 24 17   22 21 18 19 18 22 17 18 19 22   20 17 19 10 16 16 16 15 17 13   16 18 20 17 20 17 24 23 21 20   
110b  27 22 29 23 23 23 27 24 24 15   24 26 26 23 23 23 21 27 19 28   18 22 23 20 21 25 22 26 24 22   22 21 25 24 26 19 23 16  8  4   
111a  16 23 21 24 23 18 23 20 25 19   19 27 23 19 20 23 24 22 19 20   20 16 19 19 19 13 15 15 12 16   21 16 20 23 25 19 16 18 20 25   
111b  24 17 23 22 25 27 21 26 27 22   23 21 15 20 23 23 31 26 23 25   22 18 23 20 20 22 27 20 21 21   19 20 23 23 26 24 18 16 16  8   
112a  16 27 20 25 24 19 26 22 24 18   18 16 28 22 16 17 18 18 18 20   19 22 19 24 21 18 14 18 14 22   14 19 22 23 14 15 23 24 25 19   
112b  15 23 21 24 26 22 21 17 23 23   21 16 21 17 23 22 21 24 18 21   19 22 26 23 19 27 24 23 22 24   23 26 20 14 21 24 12 16  8  2   
113a  16 21 24 22 20 18 18 21 15 20   23 19 19 16 22 22 16 18 25 22   16 20 19 19 17 15 14 15 22 18   18 17 18 22 15 23 18 24 20 23   
113b  27 25 23 24 22 28 22 24 22 25   21 22 25 20 20 21 24 23 18 23   20 20 26 23 27 19 28 23 29 25   22 22 22 24 22 20 22 16  8  8   
114a  16 19 21 20 26 15 19 23 22 18   21 18 20 23 15 20 17 20 22 15   19 18 23 20 15 16 17 16 19 20   14 14 16 19 24 22 23 20 27 26   
114b  25 23 25 21 26 29 25 24 23 26   19 26 29 19 23 16 25 23 27 25   19 23 21 15 20 27 23 25 24 23   23 23 18 22 27 29 27 16  1  2   
115a  16 21 21 17 22 24 17 15 19 25   19 24 22 20 21 23 19 19 16 15   21 17 17 15 19 19 19 21 15 20   18 18 17 14 13 18 16 18 18 16   
115b  22 23 22 16 24 28 28 20 15 25   19 20 20 16 28 24 20 26 22 19   20 23 22 23 23 23 22 21 22 26   24 24 21 21 19 26 22 16  8  4   
116a  16 23 24 19 18 23 31 22 18 17   22 20 25 18 16 22 24 25 21 16   17 21 17 18 15 20 14 18 18 19   18 20 11 17 22 27 18 17 20 21   
116b  16 21 25 24 26 22 24 24 25 25   20 25 25 19 22 23 21 21 22 28   24 22 20 21 22 27 22 11 19 17   21 24 22 23 26 18 20 16  8  4   
117a  16 22 19 22 18 25 18 21 20 19   20 20 23 15 22 21 16 19 17 19   20 21 18 19 18 15 15 15 20 15   16 18 17 18 19 18 18 18 18 27   
117b  23 19 22 21 15 18 16 20 22 19   20 25 16 23 21 20 21 22 19 20   19 20 22 20 22 20 25 31 19 19   24 22 22 20 25 19 21 16 16  4   
118a  16 18 25 20 15 21 19 16 16 18   17 17 22 18 15 21 19 14 17 16   15 14 22 19 16 21 15 15 19 17   21 21 23 21 16 22 14 23 21 27   
118b  25 16 24 23 21 28 21 22 20 23   31 28 26 26 22 16 20 23 24 22   22 21 24 26 23 21 15 18 24 22   26 20 21 24 22 21 26 16  8  8   
119a  16 12 22 19 22 21 15 20 24 17   22 18 19 20 17 19 19 17 20 25   13 17 26 25 18 19 16 18 16 19   17 17 16 19 21 18 21 23 22 23   
119b  26 24 25 22 26 19 22 25 28 24   20 27 23 22 27 29 23 24 25 25   25 21 20 22 21 25 25 22 21 20   24 23 24 18 22 23 22 16  8  4   
120a  16 20 21 17 20 23 22 22 18 20   18 18 25 15 17 14 16 20 17 21   21 14 19 16 18 16 21 22 14 20   20 18 14 20 20 23 19 28 20 16   
120b  21 21 23 23 24 25 24 23 23 25   23 21 22 20 20 20 19 23 25 31   21 23 27 24 19 26 21 21 22 20   15 22 21 18 24 22 27 16 16  8   
121a  16 16 19 21 24 23 21 19 18 22   16 22 19 18 19 18 22 20 22 16   17 15 25 16 25 12 15 15 18 18   15 20 21 17 18 25 20 20 16 20   
121b  24 18 21 23 22 19 23 23 17 20   24 22 22 20 26 22 20 21 20 17   27 26 17 24 24 21 20 20 22 25   25 23 20 19 19 17 23 16  8  8   
122a  16 19 17 18 24 16 13 21 20 23   23 14 20 20 17 21 18 21 17 14   16 17 20 16 15 20 18 19 13 16   16 19 17 24 21 21 20 22 17 21   
122b  21 23 22 18 21 24 26 23 21 20   22 20 27 18 19 18 19 19 15 15   27 24 21 23 21 21 21 21 27 22   25 21 21 20 22 23 21 16  8  4   
123a  16 16 18 20 22 19 21 22 20 21   18 21 20 17 20 22 15 21 23 17   19 18 15 21 19 14 17 15 15 20   18 22 19 26 22 22 19 18 22 16   
123b  21 23 19 19 23 22 19 25 24 28   23 22 21 26 20 22 20 18 21 28   21 27 27 24 25 22 19 26 22 25   16 21 22 19 19 21 16 16 16  8   
124a  16 16 20 21 21 21 19 21 17 17   16 22 20 21 16 14 18 16 17 17   17 19 16 13 17 10 18 11 18 19   14 19 19 14 14 17 19 17 21 20   
124b  22 25 23 24 21 24 27 25 22 26   23 19 25 17 21 19 24 22 26 24   23 23 26 23 20 19 22 24 21 30   22 25 23 21 17 22 22 16  8  8   
125a  16 23 15 22 23 28 25 16 21 18   21 16 21 26 24 20 16 20 22 15   22 17 14 24 15 23 16 19 17 18   16 19 18 15 21 19 21 21 20 17   
125b  21 20 19 25 28 31 20 24 23 25   22 22 24 22 22 21 25 24 27 21   20 21 15 24 24 22 25 23 26 29   25 24 19 21 18 24 22 16  8  4   
126a  16 19 22 19 15 18 21 18 16 19   15 18 25 21 20 18 18 17 13 20   23 18 18 20 22 15 15 18 11 20   20 18 17 15 18 24 22 18 15 17   
126b  24 20 25 22 24 23 21 29 22 20   24 27 25 20 21 23 19 25 18 24   25 18 15 22 25 23 27 23 22 17   30 24 24 24 20 17 21 16 16  4   
127a  16 20 22 22 19 20 15 22 18 17   18 13 19 23 18 15 24 24 20 19   17 18 18 16 20 17 22 15 17 20   19 18 20 17 20 21 18 16 21 19   
127b  23 22 21 20 23 22 18 24 24 18   22 30 22 20 27 19 20 23 22 23   21 24 23 21 25 20 22 19 24 22   29 21 19 19 19 21 24 16  8 16   
128a  16 18 27 20 18 21 16 18 22 20   19 21 24 24 23 22 16 21 19 18   15 17 17 17 18 21 15 21 12 18   22 17 24 24 22 21 21 25 22 20   
128b  20 23 21 17 20 18 21 22 26 22   28 19 24 27 24 25 24 19 23 19   24 27 25 23 21 21 24 24 26 23   29 23 27 21 21 27 19 16  4  8   
129a  16 18 22 19 19 19 15 18 24 19   20 20 17 22 23 17 20 18 22 18   15 16 19 15 18 17 16 16 12 15   15 14 18 16 20 23 24 20 20 19   
129b  19 28 20 23 20 20 26 22 25 18   27 23 22 25 26 17 23 23 22 24   25 25 19 19 17 22 25 26 30 26   15 21 25 19 25 28 26 16  8  8   
130a  16 19 25 20 16 17 25 19 23 18   20 13 17 22 19 22 22 19 22 18   19 17 20 20 25 19 16 20 23 22   17 24 25 18 21 24 19 19 20 22   
130b  15 22 18 27 19 20 27 18 25 18   22 24 30 19 23 24 22 27 19 23   21 19 21 23 30 20 27 23 23 20   19 20 22 28 23 22 22 16  8  4   
131a  16 18 23 23 31 20 23 21 18 21   16 20 24 23 23 20 23 21 20 17   20 19 18 17 22 18 18 17 20 21   20 19 14 18 21 15 18 21 19 26   
131b  19 30 30 24 25 25 22 20 27 27   15 24 17 23 23 30 25 24 17 24   24 21 21 17 29 25 26 24 23 20   29 24 23 16 20 17 24 16  8  8   
132a  16 12 23 20 18 18 23 22 18 22   16 24 20 20 19 16 20 22 18 19   22 19 14 21 17 20 20 18 16 18   19 18 23 20 21 17 22 18 20 15   
132b  20 22 25 20 20 21 21 23 25 25   27 22 24 20 24 26 24 18 23 24   23 25 23 19 28 18 21 19 20 23   27 17 23 22 29 21 20 16  4  4   
133a  16 19 19 21 19 21 20 16 16 19   18 20 14 17 22 21 19 19 11 19   20 16 17 21 18 19 15 17 24 17   23 20 23 17 18 18 20 17 22 19   
133b  24 21 19 22 21 20 18 21 21 24   24 21 24 25 19 25 22 22 26 20   22 22 25 25 17 20 23 25 20 21   24 17 23 22 23 22 26 16  2  4   
134a  16 22 28 21 19 20 19 17 25 15   23 22 20 19 19 22 20 18 14 15   18 18 17 18 22 14 22 23 11 18   19 20 25 18 16 19 21 25 19 27   
134b  18 18 20 19 19 26 19 27 27 27   24 25 24 24 20 22 22 24 21 30   25 23 22 23 20 18 16 28 18 23   18 21 21 19 18 22 21 16  8  4   
135a  16 15 19 19 15 19 20 25 22 16   18 20 18 25 18 17 15 17 19 16   16 19 20 17 14 15 18 16 20 14   22 24 17 20 18 21 22 20 19 21   
135b  20 19 22 25 24 20 21 18 21 23   22 26 27 20 25 24 25 18 26 14   22 23 19 21 19 21 24 19 25 24   25 21 27 24 20 18 19 16 16  4   
136a  16 17 22 18 26 24 20 24 19 20   26 17 21 17 22 17 20 22 19 27   16 19 25 18 19 16 21 20 17 19   17 19 16 23 22 14 19 21 20 23   
136b  20 26 24 16 23 22 21 25 24 29   25 20 26 27 17 25 25 24 25 25   18 24 20 22 21 21 22 26 23 22   24 27 25 22 19 23 18 16  8 16   
137a  16 24 24 23 15 21 25 22 19 19   20 21 19 19 19 18 17 14 14 16   22 20 20 19 20 18 14 17 21 20   20 16 19 19 21 18 18 22 27 20   
137b  18 27 24 20 26 26 21 24 20 19   24 18 19 26 25 24 27 21 21 27   22 19 22 15 28 21 22 20 19 17   25 16 21 20 19 22 22 16  4  4   
138a  16 18 22 17 21 22 24 15 18 16   18 23 17 25 25 18 19 12 20 18   18 17 18 19 18 20 18 22 16 12   20 21 21 23 17 19 18 22 15 20   
138b  19 16 26 19 27 20 23 20 28 25   27 24 27 21 21 18 20 22 19 20   24 20 27 25 29 23 23 19 21 26   20 23 28 16 19 23 18 16 16  4   
139a  16 20 22 18 25 18 20 25 20 18   18 20 23 20 21 24 17 15 18 16   16 15 22 14 17 13 18 20 17 19   21 16 19 17 22 18 20 21 20 18   
139b  16 20 28 21 18 24 25 20 23 28   17 24 20 28 22 20 24 19 19 25   24 23 25 21 17 23 20 21 16 22   15 18 24 26 22 19 24 16  8  4   
140a  16 24 23 28 19 21 19 15 25 21   17 24 20 17 21 15 19 21 22 21   21 16 22 12 17 16 23 17 13 21   17 22 17 23 16 18 23 17 20 21   
140b  22 26 20 26 22 16 16 18 26 31   23 16 24 28 20 14 26 25 20 18   18 15 26 22 21 22 22 21 26 28   23 23 22 23 25 16 15  4  8 16   
141a  16 18 15 20 19 17 19 20 23 19   19 21 15 15 20 18 17 23 16 18   21 19 16 16 12 17 19 18 16 15   20 22 15 23 19 25 20 20 24 20   
141b  17 18 27 24 19 22 28 19 21 21   27 21 20 27 22 20 22 20 24 23   25 23 30 19 24 21 25 25 15 20   22 24 23 18 24 18 15 16  2  8   
142a  16 18 18 17 21 17 19 24 28 18   26 17 21 20 25 18 26 22 15 22   16 16 16 16 15 17 17 15 14 20   19 22 13 24 23 18 14 21 22 22   
142b  20 22 18 18 30 22 15 23 31 19   24 19 26 15 20 22 23 19 19 15   27 21 23 23 24 22 23 21 24 28   23 20 21 20 20 24 20 16  8 16   
143a  16 22 24 16 21 17 25 16 22 17   16 16 21 17 21 16 20 17 15 20   19 14 15 17 20 20 16 18 17 18   18 19 20 18 18 21 24 16 21 26   
143b  23 19 25 23 30 22 21 26 24 17   21 22 24 24 24 25 22 27 19 22   13 21 25 24 22 16 26 22 23 23   24 20 23 21 24 23 17 16  8  8   
144a  16 19 22 20 16 20 23 26 21 12   19 21 19 19 15 18 20 18 17 15   15 16 15 13 14 15 13 17 17 16   21 14 10 23 20 18 19 23 15 22   
144b  18 20 20 14 22 20 22 21 29 22   19 26 21 17 21 28 28 20 28 23   24 24 20 21 22 25 24 21 29 23   22 25 24 24 14 18 23 16 16  2   
145a  16 19 22 25 21 23 25 20 24 19   20 18 26 18 18 17 18 17 14 18   15 11 19 17 21 16 16 18 15 18   18 22 18 19 20 19 16 16 16 23   
145b  19 22 23 20 22 22 20 24 26 26   15 24 23 19 20 25 22 18 26 22   19 21 22 23 25 24 22 26 22 22   23 16 24 20 24 19 17 16  8 16   
146a  16 16 24 21 20 21 20 18 24 19   17 15 23 21 19 23 20 17 16 18   21 16 16 14 19 16 12 14 16 19   22 16 17 13 21 16 23 19 20 23   
146b  21 21 22 23 21 24 23 23 19 31   22 26 25 24 24 20 23 25 24 17   26 26 21 16 26 25 17 15 21 23   25 27 23 25 27 21 13 16  8  4   
147a  16 21 16 18 20 16 21 15 23 17   18 21 15 16 17 18 20 20 15 15   15 15 19 20 17 21 21 15 19 19   18 16 15 19 20 20 23 22 17 25   
147b  24 22 22 19 21 18 19 23 22 23   26 17 23 20 24 19 27 19 21 20   21 22 15 20 25 24 18 23 22 25   20 23 24 21 25 23 20 16 16  4   
148a  16 22 24 16 21 21 23 19 20 23   22 15 20 16 19 21 16 15 20 18   22 16 14 17 17 24 11 16 14 15   19 21 18 15 21 22 15 20 24 20   
148b  19 22 22 24 21 17 23 19 21 21   23 23 17 26 25 21 23 20 20 22   27 24 18 17 25 23 23 22 18 24   23 19 21 23 20 25 25 16  8  8   
149a  16 14 18 19 16 21 16 18 20 22   21 14 18 23 18 20 18 15 14 21   17 20 18 11 16 16 15 11 21 14   17 16 18 26 22 23 20 19 14 19   
149b  17 20 20 15 24 19 21 24 22 20   28 22 22 19 23 23 23 24 17 28   21 17 22 23 22 18 21 20 24 23   28 20 23 23 24 19 24 16  8  8   
150a  16 18 21 24 23 23 17 17 16 20   18 17 24 18 23 15 17 20 20 16   18 22 13 18 21 16 15 16 16 20   18 18 16 15 25 16 28 17 22 22   
150b  21 24 19 19 15 23 18 24 19 20   22 23 20 21 21 21 16 20 17 23   24 19 23 21 28 23 27 26 23 18   15 19 19 18 23 23 19 16 16 16   
151a  16 20 25 17 20 20 20 20 23 18   19 22 22 21 21 16 19 19 20 17   21 10 20 16 15 16 20 16 17 19   16 13 16 24 20 20 19 19 17 19   
151b  19 18 17 26 20 17 23 24 25 27   20 23 21 27 21 20 21 25 21 18   20 24 22 24 29 25 23 27 22 24   20 27 21 25 22 18 18 16  8  1   
152a  16 14 25 24 22 20 25 18 16 20   20 23 16 17 14 19 22 19 22 21   17 18 19 16 17 11 19 16 12 14   17 19 17 20 22 21 18 15 19 20   
152b  17 19 24 20 25 25 20 20 22 16   26 22 17 20 24 16 20 20 23 22   23 20 27 21 27 23 24 19 24 25   20 21 15 29 21 17 19 16  4  8   
153a  16 13 15 19 15 19 18 28 20 16   17 21 20 23 17 16 17 21 23 21   18 18 12 21 21 19 14 13 15 15   18 18 16 16 20 20 23 13 21 18   
153b  26 25 21 21 18 23 15 15 17 18   25 20 20 25 20 27 20 18 24 23   26 28 21 23 21 26 23 23 20 18   22 17 31 21 27 18 16 16 16  4   
154a  16 20 20 24 23 21 20 19 25 16   21 15 21 20 25 28 15 20 20 15   23 18 14 15 15 11 15 15 17 18   16 21 23 18 21 22 17 24 23 20   
154b  20 23 26 23 31 20 25 19 17 22   23 21 26 20 20 22 19 25 21 27   18 21 21 22 22 20 22 21 23 21   23 20 24 18 23 24 24 16  8 16   
155a  16 19 21 23 19 20 21 18 25 16   16 18 19 17 17 20 16 18 19 18    9 19 24 19 20 15 17 15 14 18   12 17 20 21 13 21 22 22 18 20   
155b  14 20 26 24 19 24 20 22 23 21   26 21 22 18 20 23 20 15 21 19   26 21 22 20 22 24 23 18 24 21   23 27 26 24 17 20 21 16  8  4   
156a  16 19 18 21 19 22 22 22 16 19   17 18 23 21 22 20 15 18 16 17   16 17 13 16 16 15 18 19 23 14   20 21 20 16 23 26 23 18 22 18   
156b  20 23 22 18 21 20 23 24 23 22   18 26 20 22 21 25 24 22 16 20   25 20 21 19 24 28 19 16 23 25   18 18 23 23 19 16 25 16 16  3   
157a  16 22 16 21 19 13 24 16 27 19   22 16 21 19 15 19 18 15 19 23   19 18 19 16 19 17 13 17 13 16   13 22 20 24 16 19 13 19 21 16   
157b  22 19 21 18 22 27 24 16 24 24   31 22 26 22 23 21 24 15 20 21   26 23 20 22 23 21 22 23 20 21   23 24 25 20 24 18 19 16 16  8   
158a  16 17 24 22 22 17 20 22 20 20   24 16 22 20 19 20 16 19 18 16   18 14 16 18 15 12 16 16 16 16   15 18 24 22 19 15 25 16 17 20   
158b  20 16 25 21 22 20 20 21 19 20   18 28 20 23 24 21 19 19 19 22   23 21 24 19 20 19 18 24 19 26   24 22 24 25 23 20 24 16  8  8   
159a  16 21 23 19 20 20 23 20 20 19   20 19 19 22 17 18 21 19 15 19   18 20 21 16 14 16 20 16 15 20   16 17 20 19 19 23 22 25 16 16   
159b  19 17 20 19 25 24 19 23 21 22   20 23 18 19 24 25 24 26 16 25   23 24 20 19 22 21 22 25 24 22   22 22 20 23 21 20 16 16  1 16   
160a  16 17 24 24 25 20 21 20 15 14   19 21 17 19 20 18 15 20 19 18   15 17 22 19 17 17 23 17 19 15   15 22 14 19 20 21 18 16 18 20   
160b  23 23 17 23 27 24 26 26 28 24   27 23 22 22 21 25 22 20 24 20   29 23 20 20 23 20 26 19 17 24   22 19 23 18 27 21 17 16  8 16   
161a  16 19 21 19 21 24 23 17 22 20   20 19 21 23 15 19 19 11 22 20   17 21 20 13 19 16 18 12 12 17   21 22 19 17 18 19 20 16 17 21   
161b  24 23 20 21 25 25 23 21 27 22   18 22 23 22 27 22 22 20 21 23   26 20 24 21 21 23 20 23 27 26   21 21 23 22 22 20 17 16  8  8   
162a  16 21 19 27 24 18 18 18 21 19   18 23 20 18 20 18 20 19 18 18   12 12 16 20 22 14 20 15 20 15   17 20 16 22 18 22 22 21 15 24   
162b  24 17 22 24 24 20 25 26 25 25   22 23 20 22 20 19 24 20 18 21   22 20 20 23 20 17 21 19 22 24   21 18 26 23 18 22 22 16 16  4   
163a  16 16 24 18 16 15 18 21 19 14   18 18 18 20 25 13 14 19 17 21   16 20 18 17 16 16 16 18 25 17   16 17 19 16 21 21 18 20 17 18   
163b  15 23 21 22 24 23 22 20 22 19   21 23 23 18 31 17 20 22 24 20   19 17 16 18 21 20 24 20 25 29   17 23 23 24 19 20 28 16  8 16   
164a  16 23 17 18 20 18 24 20 16 20   20 21 24 16 23 22 17 17 19 17   17 15 13 18 21 15 16 15 21 16   16 21 19 18 23 17 17 19 20 20   
164b  24 26 25 22 17 19 26 23 25 19   24 28 20 16 18 21 21 21 18 21   22 28 19 19 23 22 20 20 26 24   26 19 25 22 23 22 16  4  8  8   
165a  16 25 23 24 23 23 23 22 15 21   21 20 18 20 15 19 22 21 19 16   16 19 15 20 17 21 10 16 23 14   19 17 18 16 23 21 20 23 17 21   
165b  18 23 18 23 25 16 23 26 22 16   22 20 20 18 19 24 21 21 19 24   20 24 21 19 18 19 24 19 26 19   25 22 24 23 26 26 22 16 16  1   
166a  16 18 21 25 20 20 17 20 20 20   21 20 16 18 19 24 21 20 18 18   17 18 16 16 16 14 15 18 17 13   15 12 18 19 24 20 16 27 20 16   
166b  15 20 18 19 18 23 23 26 20 22   16 24 18 25 19 14 17 21 23 21   13 18 22 23 25 27 24 25 20 23   27 21 23 23 21 26 26 16  8  2   
167a  16 15 18 19 20 19 20 18 19 23   16 18 17 26 16 20 18 17 22 16   21 18 18 13 16 18 18 17 15 19   15 13 16 17 19 19 20 18 15 21   
167b  19 18 24 20 26 23 25 25 27 20   26 22 20 22 23 24 26 28 25 20   21 25 26 25 23 20 15 20 18 24   23 19 21 19 23 24 20  4  8  8   
168a  16 17 24 18 21 16 19 20 24 24   20 21 20 22 17 16 22 18 16 19   16 18 21 16 16 17 17 11 15 23   18 17 18 20 19 16 21 17 11 20   
168b  23 21 22 23 20 27 31 17 21 19   24 19 18 21 21 27 21 19 19 21   18 22 22 19 22 23 21 16 16 19   15 17 20 25 22 21 24 16 16  2   
169a  16 19 25 23 18 20 19 17 25 18   18 20 21 20 20 15 18 18 15 19   18 16 17 19 21 14 15 16 16 16   17 20 23 27 20 16 16 22 19 19   
169b  25 17 22 20 21 15 20 23 25 28   16 21 20 22 30 19 20 13 24 24   22 26 23 19 25 15 18 24 19 20   26 24 28 20 17 21 16 16  8 16   
170a  16 18 17 19 18 17 20 14 19 13   20 22 22 20 19 21 12 20 22 21   15 13 18 11 16 21 15 19 18 16   18 23 16 22 20 16 26 19 27 25   
170b  17 20 19 15 23 16 24 27 24 18   26 23 21 23 25 25 22 24 24 21   25 23 23 19 21 22 26 24 25 22   25 23 22 22 21 20 22  8  4  8   
171a  16 21 22 22 19 22 23 16 21 16   22 17 21 16 25 14 18 21 20 20   16 14 16 14 20 22 15 15 21 15   14 18 23 18 19 15 16 22 20 15   
171b  16 24 25 18 16 19 21 18 21 25   27 27 21 23 25 19 22 18 25 24   18 20 23 16 31 23 21 24 19 23   27 27 25 24 26 15 20 16  2  8   
172a  16 19 21 15 23 16 20 19 20 15   21 20 18 18 22 13 16 18 19 15   13 16 20 17 21 15 14 16 15 13   21 13 20 22 20 13 24 17 16 19   
172b  19 19 19 22 27 22 26 16 22 19   23 22 22 25 20 18 24 24 23 20   21 20 24 26 21 17 21 25 29 23   23 24 20 19 23 23 18 16  8 16   
173a  16 20 21 23 22 18 19 18 16 19   16 15 21 19 18 16 12 16 17 15   17 22 17 15 20 19 20 14 13 16   22 17 18 27 19 12 20 21 22 20   
173b  23 26 20 15 20 19 25 20 15 23   16 22 18 22 18 28 22 22 22  7   18 23 18 19 21 25 26 22 28 22   26 20 25 19 20 18 20 16  4  4   
174a  16 21 23 24 23 19 16 19 17 20   21 22 18 17 23 20 17 24 19 16   17 15 19 19 17 16 15 19 16 20   19 19 14 23 15 19 22 18 19 20   
174b  20 21 24 27 21 21 29 21 22 22   19 26 19 20 20 20 19 19 19 21   23 24 26 21 24 20 20 28 21 19   19 23 25 27 16 22 22 16 16  2   
175a  16 23 20 19 17 19 19 23 22 22   23 20 21 18 25 22 21 25 20 16   19 15 15 17 16 14 17 15 24 15   15 19 17 23 22 21 20 18 19 24   
175b  20 24 25 24 22 15 25 23 26 21   26 23 19 21 25 21 24 20 24 25   25 24 21 24 22 22 22 24 20 19   20 21 20 24 21 23 24 16  8  2   
176a  16 18 23 21 20 18 22 14 20 17   18 17 22 24 16 20 19 23 23 19   20 19 21 19 20 20 17 18 15 19   12 21 21 23 16 22 20 16 24 21   
176b  25 19 24 23 18 20 22 24 20 21   22 20 19 23 20 17 23 22 23 21   19 20 21 23 20 24 19 23 21 23   20 24 21 26 27 16 22 16  8 16   
177a  16 19 19 19 23 17 15 16 19 23   21 20 21 21 21 12 20 17 16 17   21 15 15 15 15 15 21 23 19 15   20 19 15 17 19 22 13 21 27 18   
177b  17 18 16 19 22 24 21 17 27 25   21 21 24 28 20 22 24 16 21 20   20 20 19 20 22 21 23 22 22 17   21 24 17 20 22 22 22 16 16  8   
178a  16 15 19 22 16 19 19 22 26 19   22 23 15 19 20 17 18 27 22 16   21 19 17 15 18 23 13 18 12 15   21 21 19 17 17 22 19 18 18 19   
178b  21 18 21 24 20 23 19 27 19 20   22 21 24 23 22 19 27 22 18 18   20 19 25 21 20 22 21 22 22 23   17 20 21 27 19 17 21 16  8  4   
179a  16 20 20 20 15 18 26 17 20 21   16 18 17 17 20 18 19 21 16 21   14 17 15 20 24 18 17 20 15 13   18 19 17 15 23 16 26 21 21 20   
179b  18 20 20 19 20 19 25 25 28 23   20 23 17 17 20 23 19 22 23 25   19 22 27 15 28 26 24 25 20 14   23 21 19 28 26 19 22 16  8  1   
180a  16 24 20 21 23 23 17 24 21 20   17 19 18 20 19 19 21 14 18 17   22 18 16 22 14 15 13 15 14 16   13 17 18 17 17 21 20 17 19 21   
180b  27 16 19 17 24 21 20 24 18 23   23 19 19 25 19 18 23 17 22 23   16 24 28 24 22 26 30 26 20 19   22 21 23 24 23 19 28  1 16  2   
181a  16 18 25 21 18 19 20 17 18 22   21 20 24 23 17 15 13 18 18 15   13 19 17 21 19 11 15 16 19 20   19 19 19 16 27 14 18 19 14 18   
181b  20 19 17 25 19 20 21 21 22 19   24 20 20 15 18 18 19 18 21 14   22 23 20 23 19 17 27 20 25 18   18 18 17 22 19 23 24 16  8 16   
182a  16 24 20 23 24 14 16 13 22 19   22 19 27 18 15 20 22 12 19  9   13 14 24 16 16 20 16 15 16 16   19 13 15 18 17 25 15 19 19 22   
182b  20 20 20 21 20 23 18 22 24 24   23 23 20 21 26 19 22 26 22 19   22 18 23 24 17 17 24 21 26 20   25 24 22 26 21 22 26  8  8  8   
183a  16 15 21 22 23 23 22 20 22 23   16 11 17 15 21 17 17 15 17 15   13 18 19 18 15 17 14 20 19 21   15 16 16 16 19 16 19 20 15 20   
183b  19 17 19 23 25 20 21 21 19 21   20 23 21 18 24 25 25 22 21 24   21 21 24 25 25 24 26 22 24 27   22 22 21 22 22 22 26 16  2  8   
184a  16 20 24 15 18 19 20 21 16 20   18 17 16 14 15 20 19 17 16 15   17 14 22 20 18 13 19 15 19 16   23 23 20 19 18 19 16 21 21 25   
184b  20 31 18 22 26 23 27 27 18 20   24 23 24 20 19 21 21 18 19 23   20 21 30 19 18 22 24 24 17 26   22 24 21 17 23 22 22 16  8 16   
185a  16 16 21 23 17 24 22 18 19 19   18 16 24 21 22 16 23 15 20 20   16 20 17 23 17 19 18 18 17 20   17 16 16 23 21 19 26 17 21 26   
185b  22 22 18 16 15 25 22 19 23 25   19 24 19 21 22 22 20 26 21 25   26 16 20 18 25 23 23 21 21 19   25 22 20 27 23 22 24 16  8  8   
186a  16 19 16 20 24 20 20 20 23 19   22 18 28 20 18 22 24 20 21 14   18 11 15 19 18 18 22 18 14 14   18 25 13 20 17 22 16 22 23 25   
186b  21 21 21 23 22 22 24 24 19 26   22 22 26 16 26 19 22 22 20 16   18 19 19 21 22 26 22 18 23 17   20 22 19 19 24 21 21 16 16  8   
187a  16 18 17 21 15 20 20 20 16 20   19 18 21 24 13 21 19 19 17 18   23 12 19 15 20 12 16 20 23 15   16 12 19 16 21 23 18 17 18 19   
187b  19 20 26 18 19 22 26 23 11 25   18 20 17 20 18 17 23 24 22 21   23 24 24 18 27 25 19 20 21 21   23 26 18 24 19 19 20 16  2  8   
188a  16 21 19 15 21 20 24 18 22 20   27 21 17 15 20 19 23 18 13 19   22 21 18 14 12 12 13 20 16 20   15 15 14 13 20 17 21 20 18 17   
188b  23 23 25 22 24 24 22 23 23 26   20 16 23 21 26 20 22 23 24 18   20 21 24 22 26 20 21 28 23 19   17 21 24 20 20 18 22 16  8  4   
189a  16 19 19 25 19 21 20 20 18 19   17 18 20 22 17 19 17 14 22 20   20 13 14 15 15 13 13 16 17 16   14 19 16 21 19 18 12 22 20 23   
189b  22 21 15 22 18 19 23 16 21 23   26 23 23 24 20 23 16 20 18 18   21 20 23 24 22 18 19 25 21 26   19 20 19 20 13 17 21 16 16  8   
190a  16 21 21 23 18 15 19 17 22 19   20 18 20 19 19 18 15 17 17 16   18 14 19 21 16 22 12 14 21 15   16 16 21 16 17 20 21 21 20 20   
190b  30 15 20 25 24 27 23 20 23 23   25 26 20 24 25 20 17 23 20 26   25 19 30 20 22 25 18 26 20 20   21 17 23 22 27 24 24 16  8  2   
191a  16 26 22 21 15 18 15 20 20 22   21 18 22 20 17 18 17 16 16 17   18 16 18 16 15 15 12 13 19 20   20 18 19 24 20 14 19 15 20 23   
191b  20 23 19 23 22 23 23 20 21 22   21 24 20 20 24 20 25 19 26 26   24 26 21 21 24 23 24 23 25 20   21 19 18 20 27 19 19 16  8  8   
192a  16 24 25 15 22 20 15 24 22 20   20 20 24 22 21 21 19 18 14 23   16 17 17 11 19 14 15 20 11 16   16 18 16 18 23 15 20 17 21 21   
192b  20 25 23 17 20 17 21 25 20 21   26 25 25 17 23 28 26 21 18 20   22 25 19 24 21 25 22 29 19 20   19 25 19 21 17 23 19 16 16  8   
193a  16 18 16 23 22 20 19 20 20 14   21 18 20 17 20 19 23 17 15 20   18 15 16 17 16 17 17 15 12 15   19 17 23 20 17 27 20 17 20 21   
193b  18 15 24 25 21 19 20 16 26 18   13 23 21 17 24 20 24 25 22 20   26 21 24 28 22 21 19 20 21 25   21 24 24 20 28 19 18 16  2  2   
194a  16 19 15 18 20 23 21 19 22 22   21 18 21 20 17 20 25 14 18 18   19 21 20 17 19 13 19 17 24 12   16 15 16 22 13 23 15 19 14 20   
194b  20 20 20 18 22 27 25 21 31 20   23 21 19 25 27 24 24 18 25 21   16 19 19 21 25 24 26 18 23 30   24 23 18 25 24 20 19 16  8  8   
195a  16 24 17 21 18 14 20 21 23 20   23 17 22 19 23 21 15 14 23 15   18 17 14 16 17 17 19 17 18 19   15 23 16 18 19 19 20 19 25 21   
195b  22 22 21 23 20 18 21 25 15 23   23 26 18 16 25 18 23 21 22 18   16 24 24 15 22 20 23 23 22 18   20 26 23 18 15 22 22 16 16  8   
196a  16 15 22 20 18 22 20 20 19 23   18 19 21 20 19 20 23 19 20 15   14 22 19 20 10 15 10 19 13 15   15 19 11 20 20 21 20 15 22 17   
196b  19 17 19 20 21 22 18 23 28 20   23 21 18 20 21 25 17 28 22 22   22 16 19 22 25 22 19 22 23 17   20 20 25 18 24 22 22 16  8 16   
197a  16 22 19 20 18 19 18 19 15 18   15 19 23 17 19 16 13 15 22 12   21 17 16 21 18 16 17 19 15 20   21 18 14 15 19 18 14 13 20 25   
197b  19 18 17 19 24 21 20 20 18 23   23 17 23 20 18 21 26 17 21 21   25 23 18 18 21 25 24 27 18 17   23 20 24 21 18 18 16 16  8  1   
198a  16 17 19 14 16 16 18 16 23 21   19 22 21 20 23 20 17 19 16 18   14 17 15 16 16 15 17 15 17 17   17 18 18 14 20 22 20 21 20 20   
198b  16 22 21 15 18 13 19 20 18 20   25 28 23 20 28 23 19 26 28 24   24 28 24 20 21 19 21 22 24 20   26 19 25 21 20 22 19  4 16  8   
199a  16 23 23 18 19 21 19 21 22 19   22 18 19 16 17 21 18 26 18 12   16 16 15 16 19 17 16 17 18 17   15 19 18 21 25 17 19 20 24 21   
199b  24 19 24 19 26 21 26 20 25 20   26 20 21 20 23 25 23 18 23 19   19 20 21 18 19 23 22 16 23 19   21 24 19 21 23 18 21  2  8  4   
200a  16 23 19 21 17 21 16 17 20 17   20 20 18 17 21 18 18 18 22 15   18 15 22 14 22 15 16 14 14 16   18 20 21 25 14 18 20 24 21 22   
200b  18 24 25 23 23 20 19 19 24 15   22 24 23 23 28 21 22 20 21 24   26 19 27 20 22 23 23 22 19 19   24 25 21 23 19 22 21 16  8  4   
201a  16 14 18 19 26 21 22 20 20 21   20 19 17 21 24 26 18 23 19 19   20 16 14 11 15 16 19 16 17 14   16 13 17 18 22 20 18 20 15 22   
201b  23 22 21 25 23 22 20 21 18 17   25 25 26 17 22 15 19 18 29 25   21 17 23 15 18 23 19 25 24 21   20 23 22 22 19 15 17 16 16  4   
202a  16 18 19 18 20 16 25 20 21 16   15 24 20 21 20 22 20 26 18 19   18 15 20 17 15 16 16 15 18 16   23 14 16 19 19 15 21 18 22 20   
202b  22 14 25 23 18 21 30 23 24 20   23 17 23 17 16 18 20 22 19 23   18 22 23 22 20 19 25 28 23 25   22 18 23 20 17 21 25 16  8  8   
203a  16 17 21 19 15 19 20 18 27 18   23 21 23 21 18 17 15 14 20 17   14 14 21 20 20 16 17 16 16 15   18 17 15 14 20 13 16 20 21 19   
203b  23 24 23 25 18 26 28 18 14 19   26 20 21 20 22 22 25 17 18 21   20 22 19 24 20 20 24 20 17 19   16 19 22 18 22 24 22 16  4  8   
204a  16 24 22 16 20 20 20 19 20 19   20 19 21 18 16 15 20 20 17 22   25 21 24 16 19 17 11 19 16 16   15 17 16 15 18 18 22 24 19 21   
204b  18 19 22 20 24 23 20 25 28 22   19 23 20 16 19 17 18 20 25 21   17 21 20 21 20 21 17 23 24 21   23 21 19 20 27 17 24 16 16  8   
205a  16 21 20 17 22 18 19 19 21 22   17 16 15 15 19 17 20 21 15 17   19 17 16 21 15 21 13 16 12 15   23 15 23 16 15 25 14 19 23 15   
205b  20 17 23 19 26 20 22 21 22 19   26 22 20 20 20 21 20 23 26 21   19 24 17 25 22 19 23 24 17 19   21 25 18 15 20 22 25 16  8  8   
206a  16 20 20 20 23 21 16 18 19 17   17 21 20 14 18 16 17 18 21 20   18 23 15 19 13 16 17 20 16 14   20 15 18 16 14 23 22 21 18 22   
206b  17 18 20 19 22 19 23 23 22 20   27 26 20 16 21 21 22 22 18 21   24 20 25 18 19 21 25 22 18 22   15 20 18 21 16 16 26  8  8  8   
207a  16 19 20 21 24 20 19 22 21 20   23 21 18 20 16 17 19 19 19 17   18 15 15 19 18 11 19 15 23 21   17 19 18 19 24 21 12 20 17 23   
207b  20  9 30 26 21 24 17 21 18 19   17 22 19 20 19 24 19 17 24 21   23 19 25 21 18 20 21 20 23 15   24 20 20 20 17 18 17 16 16  8   
208a  16 12 15 19 15 19 16 17 20 18   20 21 17 21 18 11 24 17 17 23   21 15 17 16 15 18 17 13 16 13   18 16 20 18 17 21 17 20 24 18   
208b  18 19 20 23 26 16 16 22 18 21   18 15 25 23 23 19 20 22 29 18   23 25 15 21  9 19 21 23 18 21   23 19 18 22 20 20 27 16  2  2   
209a  16 18 18 24 21 18 19 17 20 18   23 21 20 17 25 13 20 18 16 15   17 17 17 18 15 11 13 18 15 16   16 18 17 17 21 23 19 22 18 19   
209b  19 24 18 19 22 16 21 19 24 27   23 24 21 15 21 18 20 20 22 16   20 15 22 27 17 21 21 17 20 19   24 20 24 13 24 16 22 16  8  8   
210a  16 25 21 22 20 16 23 18 20 16   22 19 18 15 17 20 11 18 19 20   17 14 17 19 17 16 13 15 20 16   16 17 18 17 20 20 17 18 24 17   
210b  23 17 19 19 20 19 27 21 27 25   22 22 25 24 24 18 22 18 19 21   26 25 18 21 21 21 27 26 19 15   18 22 22 21 16 19 21 16 16  8   
211a  16 19 18 14 20 18 24 17 16 19   20 17 18 19 25 18 22 20 20 11   19 15 17 21 15 13 17 18 19 15   19 19 17 23 15 15 27 22 14 21   
211b  21 21 23 25 17 26 20 24 22 24   21 19 25 19 23 20 22 25 19 21   21 21 24 19 19 20 17 21 22 22   21 22 22 22 24 22 21  4  8 16   
212a  16 18 17 20 20 22 21 20 24 18   24 18 16 15 19 20 15 21 15 17   17 15 12 11 14 11 18 21 11 14   14 17 23 19 20 22 21 22 21 21   
212b  17 19 22 18 17 20 19 28 16 23   21 25 23 22 19 22 19 17 20 15   26 23 26 17 17 17 20 19 18 20   23 14 28 17 23 25 17 16  8  4   
213a  16 18 22 18 16 20 14 19 18 25   16 23 16 19 18 20 19 21 16 17   13 18 15 17 23 17 15 12 18 14   13 15 21 23 16 24 21 19 18 24   
213b  17 22 18 20 27 27 22 22 19 20   26 25 20 21 21 24 20 22 23 18   22 21 25 24 20 23 21 23 23 23   21 21 17 21 21 18 24 16  1  4   
214a  16 19 23 16 22 17 17 16 18 16   26 18 17 20 20 19 20 24 16 20   19 19 19 13 17 13 15 15 17 15   21 18 10 16 21 18 15 18 14 18   
214b  18 16 18 18 16 20 29 24 19 24   18 22 20 21 27 20 21 21 20 22   21 21 23 21 18 27 18 18 19 22   24 26 24 19 23 19 18 16  8 16   
215a  16 18 15 24 17 20 27 20 12 23   22 23 20 19 20 15 17 19 21 19   18 15 14 16 15 16 19 15 16 16   18 24 19 18 24 20 17 17 23 15   
215b  21 23 26 22 23 27 17 19 29 21   20 19 24 20 21 23 22 22 21 22   22 21 20 16 24 23 17 17 22 25   30 26 30 24 22 27 18 16  8  4   
216a  16 22 22 22 13 16 22 18 19 16   19 21 19 18 21 17 24 19 18 16   19 14 17 19 15 14 20 15  8 13   21 16 20 23 19 14 26 21 25 17   
216b  18 20 18 22 20 19 20 24 23 22   31 21 22 17 21 28 23 20 20 14   24 19 24 24 15 22 21 22 22 21   24 22 22 19 22 18 19 16  2  4   
217a  16 18 22 24 22 18 21 21 16 18   20 22 16 17 15 17 20 15 23 16   17 14 14 20 20 15 13 16 12 12   15 19 18 19  8 23 20 18 19 19   
217b  14 17 20 19 18 23 24 19 21 28   22 20 17 24 22 17 19 20 14 20   23 23 20 22 19 19 20 23 29 21   20 23 21 24 18 19 18 16  8  1   
218a  16 18 15 20 20 20 20 18 18 16   15 17 23 15 16 20 18 16 16 19   20 18 15 14 16 15 17 15 17 16    9 19 19 12 17 15 16 16 13 21   
218b  16 17 15 19 27 22 27 24 26 17   21 17 20 26 23 23 20 17 17 22   23 22 18 21 24 22 20 24 22 23   20 19 19 16 19 21 20 16  8  8   
219a  16 21 19 17 19 19 23 22 18 19   15 16 18 19 19 15 18 15 21 18   19 16 19 14 14 21 16 14 16 16   14 17 22 19 19 20 18 19 21 17   
219b  19 23 16 24 24 22 21 16 22 23   21 21 19 20 26 18 25 23 16 17   21 22 22 23 18 24 22 19 18 20   14 16 15 26 20 13 19 16 16  2   
220a  16 16 20 20 21 22 13 21 20 18   22 20 18 15 21 20 13 18 18 18   18 18 16 11 18 15 11 14 20 18   18 18 20 22 18 27 17 15 23 23   
220b  18 19 26 16 17 22 18 25 19 18   17 24 23 19 26 17 19 19 24 22   18 20 17 21 18 21 23 24 20 24   31 18 21 21 24 22 16 16  8  8   
221a  16 19 22 15 17 18 21 20 21 15   17 14 16 16 20 18 18 16 14 11   20 17 14 15 18 13 15 20 18 16   22 15 15 25 21 21 19 16 16 19   
221b  17 20 25 16 23 20 24 20 19 20   20 20 21 29 23 24 22 23 19 23   24 27 18 21 19 18 20 22 26 20   22 23 20 22 18 22 21 16  8  2   
222a  16 23 19 22 13 20 19 20 20 17   21 15 23 17 18 20 16 16 19 19   19 18 14 14 17 13 16 15 15 16   16 20 18 23 18 22 22 20 19 14   
222b  20 17 22 13 21 25 28 19 17 23   25 22 16 18 17 20 22 22 19 23   24 22 19 24 24 16 21 18 15 21   19 15 16 25 27 19 21 16 16  4   
223a  16 15 22 20 15 26 19 20 20 19   20 22 22 17 18 21 21 17 19 21   16 18 15 15 14 13 20 16 14 11   16 20 13 19 24 23 17 18 22 14   
223b  16 17 18 19 19 19 28 27 18 20   20 21 23 23 22 18 24 17 20 23   16 26 25 26 22 25 19 21 23 21   22 21 16 20 18 22 22 16  2  2   
224a  16 17 20 17 19 18 24 18 20 18   16 19 22 15 17 20 16 20 18 17   16 16 18 14 18 17 17 14 19 20   20 23 15 12 16 23 13 17 28 20   
224b  22 20 18 22 28 15 20 23 22 21   23 23 17 18 27 20 21 19 24 16   22 22 25 22 23 21 23 21 22 23   22 22 15 20 20 16 21 16  8  4   
225a  16 21 21 19 20 25 17 19 24 16   22 14 25 18 16 15 20 17 20 14   18 17 18 17 17 10 15 12 14 19   21 18 16 18 23 21 19 23 18 17   
225b  19 18 21 20 17 21 24 20 20 23   18 22 24 21 21 25 28 24 27 21   15 21 24 24 23 16 23 17 20 25   23 20 24 25 19 21 23  4 16  4   
226a  16 14 20 20 18 21 18 28 17 20   15 18 25 16 12 18 19 18 20 24   22 19 16 12 18 15 17 20 22 15   17 18 18 16 22 18 19 20 21 16   
226b  16 19 16 22 16 24 15 22 23 19   21 17 19 23 16 24 20 24 18 18   27 20 24 20 16 25 20 23 21 21   21 17 23 19 17 22 27 16  8  8   
227a  16 14 15 24 14 21 19 19 23 17   18 19 23 18 16 20 15 18 16 19   19 17 20 18 20 11 21 20 20 18   19 15 15 19 15 19 23 16 19 20   
227b  21 16 21 19 19 24 21 22 21 18   19 27 15 24 15 21 21 19 21 23   16 20 22 17 24 23 24 20 27 24   18 16 16 23 17 18 18 16  2  8   
228a  16 15 20 19 20 15 21 21 19 21   20 20 24 24 19 16 21 21 20 15   17 15 19 13 16 12 14 13 15 19   12 22 18 25 21 14 16 20 18 18   
228b  16 20 26 23 19 21 22 25 21 23   18 19 19 20 23 19 15 16 20 18   27 18 24 20 15 22 22 21 20 20   23 23 20 17 23 15 23 16 16  1   
229a  16 20 21 15 19 18 23 17 24 17   16 19 19 16 18 18 19 18 21 18   20 16 19 19 15 14 15 15 16 14   20 18 14 18 20 18 24 20 17 17   
229b  19 18 18 20 24 22 20 18 16 18   23 18 21 22 20 19 22 26 19 20   20 26 22 21 21 21 20 15 20 17   19 16 19 18 17 18 21 16  8  2   
230a  16 22 18 22 18 20 19 19 23 21   18 20 20 21 23 20 15 19 15 20   12 16 13 22 21 12 20 13 13 17   16 22 16 16 18 17 23 21 20 23   
230b  19 18 18 21 20 16 17 21 20 14   15 24 25 19 24 21 23 25 26 24   26 19 22 20 21 21 28 16 19 19   21 19 20 28 18 22 19 16  8  4   
231a  16 16 17 18 20 14 19 24 14 19   19 16 20 17 15 21 14 15 18 17   17 13 13 16 15 16 15 26 17 14   14 15 18 15 18 15 20 15 18 16   
231b  21 19 19 21 21 20 23 23 28 18   14 25 19 19 23 23 22 26 24 16   22 24 21 18 20 29 21 21 22 24   12 21 17 14 17 17 18 16 16  4   
232a  16 16 25 15 18 24 16 22 15 22   18 19 20 21 16 23 15 19 14 14   19 16 16 12 12 15 13 18 15 13   22 16 22 20 18 16 21 22 18 26   
232b  22 25 22 20 18 22 20 14 21 17   18 21 20 22 22 18 22 18 21 24   20 21 24 22 19 17 23 17 21 25   20 16 19 14 23 23 21 16  8  2   
233a  16 18 19 18 18 19 18 16 18 16   19 20 20 22 22 18 16 21 17 15   16 18 18 16 15 15 16 19 22 15   16 17 16 18 25 23 18 17 19 13   
233b  19 17 23 24 17 19 21 25 30 19   23 20 23 22 17 19 23 19 18 20   22 16 16 22 22 25 24 21 20 14   28 19 22 21 21 17 24 16  4  8   
234a  16 17 17 19 16 19 16 15 18 21   17 17 18 13 19 18 19 23 19 18   21 18 11 15 18 15 16 10 18 16   19 15 13 16 19 21 19 17 16 21   
234b  18 17 15 25 20 24 26 18 22 24   19 27 19 17 24 19 30 22 22 16   20 26 19 27 18 21 20 22 19 25   24 14 21 23 21 21 21 16 16  8   
235a  16 17 17 25 19 16 22 18 19 20   16 17 20 13 21 20 18 16 19 13   16 16 16 17 14 16 15 21 17 19   21 15 13 17 18 18 20 14 18 23   
235b  24 23 17 23 24 18 19 18 15 16   25 20 20 22 17 23 30 18 23 20   19 21 20 23 23 24 18 17 26 16   19 18 22 27 20 21 16 16  8  2   
236a  16 22 27 22 21 19 19 18 23 22   20 20 23 16 22 16 17 17 23 16   25 13 17 15 11 19 15 13 24 18   16 12 15 16 18 20 18 20 19 19   
236b  16 15 23 18 24 21 21 18 22 15   23 24 22 21 15 21 21 22 17 23   24 23 18 23 24 28 24 23 19 20   24 21 22 18 22 17 19  8  8  8   
237a  16 20 19 14 19 19 18 20 20 19   18 18 22 17 15 18 12 17 19 18   19 22 19 14 13 16 19 15 15 18   16 18 17 17 18 15 17 17 15 19   
237b  12 16 23 20 23 21 15 19 17 17   17 15 15 25 21 18 21 18 19 17   26 16 22 20 20 16 17 19 20 21   21 18 21 14 18 21 21 16 16  8   
238a  16 21 22 19 24 16 17 21 18 17   22 17 19 20 21 14 18 19 14 12   17 16 17 16 16 14 15 19 12 20   14 17 15 20 21 20 20 16 17 19   
238b  17 24 17 21 20 21 22 19 21 19   17 23 24 20 19 23 19 18 22 15   31 23 18 24 22 22 15 19 21 15   20 20 24 14 19 19 19 16  8 16   
239a  16 20 23 19 16 21 20 14 18 15   24 18 16 14 18 15 24 16 18 21   20 15 14 19 16 17 18 17 17 18   16 22 17 17 20 14 20 15 14 22   
239b  24 24 19 21 19 26 19 23 27 21   22 15 19 19 22 17 15 21 17 21   22 22 19 23 23 19 22 21 24 20   16 20 19 21 25 17 20 16  2  8   
240a  16 22 20 19 20 19 20 23 20 18   18 18 18 16 20 13 18 12 17 14   18 13 17 23 18  7 15 13 22  7   20 17 16 18 22 17 15 26 23 17   
240b  17 23 18 23 22 24 27 26 22 25   18 16 22 15 20 23 21 20 20 19   18 20 24 21 23 21 19 22 19 21   19 21 21 19 15 19 19 16 16  8   
241a  16 18 18 20 22 12 16 16 22 21   10 19 18 18 19 20 19 19 21 22   14 18 13 18 19 12 15 13 16 18   11 17 20 14 17 23 16 19 23 17   
241b  22 20 21 21 22 26 22 19 17 21   24 16 25 15 19 20 17 21 28 10   21 18 23 19 24 21 28 20 21 19   28 19 22 24 24 15 22 16  8 16   
242a  16 16 22 21 19 17 19 16 16 18   19 16 17 12 21 15 17 12 20 15   19 17 20 17 12 14 19 18 16 22   23 19 10 14 15 19 18 20 15 19   
242b  20 22 26 21 20 18 23 15 19 22   19 24 23 17 24 19 19 19 22 18   21 21 11 19 24 20 21 24 19 20   19 18 15 21 23 16 22 16  8  8   
243a  16 15 20 20 21 19 21 19 19 19   20 17 20 24 20 21 22 18 16 18   12 17 16 15 19 22 14 16 18 15   15 22 18 17 19 16 19 12 24 19   
243b  23 14 20 16 16 18 24 22 21 20   18 19 25 12 26 23 16 17 19 22   22 15 19 22 24 20 22 21 20 26   27 15 22 24 17 15 22 16 16  2   
244a  16 23 15 20 22  9 19 17 20 19   20 23 22 18 20 22 19 16 15 18   20 22 15 17 15 18 21 13 17 18   19 21 20 19 23 16 20 15 21 23   
244b  19 20 26 17 23 20 21 17 18 22   22 18 25 17 20 25 23 24 14 21   16 18 21 16 17 17 19 20 20 15   16 17 20 22 24 18 22 16  2 16   
245a  16 20 18 16 16 15 22 18 19 18   18 17 16 20 20 23 14 16 14 21   17 15 22  8 16 16 12 18 16 19   16 21 16 17 15 18 19 15 22 22   
245b  22 18 13 27 17 17 21 16 23 21   24 21 16 26 21 27 15 19 25 25   24 17 23 19 22 20 22 21 19 18   23 24 21 17 23 20 14 16  8  2   
246a  16 21 16 14 19 17 17 22 21 23   17 19 19 16 22 18 18 16 19 16   15 15 16 19 14 16 15 18 15 11   22 21 22 19 17 20 16 23 19 25   
246b  20 16 20 21 22 19 22 23 24 23   17 22 19 21 24 21 20 19 16 27   21 22 19 19 16 24 24 22 22 20   18 21 18 16 21 13 24  4 16  4   
247a  16 22 19 26 21 21 24 20 19 21   17 18 12 17 20 15 16 18 18 14   17 20 22 17 17 18 12 20 15  7   14 13 17 17 15 13 20 18 19 23   
247b  22 18 20 24 22 21 20 17 22 19   20 17 21 20 23 22 21 19 16 24   17 18 18 24 23 22 20 18 15 23   19 17 18 20 17 20 17 16  8  8   
248a  16 17 22 20 21 17 19 21 22 18   20 21 23 21 23 15 17 16 21 18   19 18 19 15 14 14 19 15 12 14   17 17 20 18 15 15 14 18 24 19   
248b  13 19 17 21 20 15 16 20 22 24   21 20 25 21 26 20 23 15 20 17   20 17 21 20 21 20 25 23 15 14   21 20 24 20 20 17 21 16  8  8   
249a  16 22 18 15 26 17 29 15 22 15   21 17 14 15 18 14 17 17 20 16   14 17 19 24 11 16 12 15 15 12   20 18 18 19 14 22 14 17 23 19   
249b  21 24 13 23 20 20 23 19 24 22   23 20 21 13 18 23 14 24 24 19   20 22 18 22 25 23 21 25 21 19   20 21 18 22 19 27 21  4 16  2   
250a  16 17 15 20 16 25 15 20 20 16   17 19 18 22 16 16 18 16 18 16   17 13 22 20 11 11 15 11 19 12   15 14 15 20 15 17 19 13  8 18   
250b  21 16 20 18 21 19 22 25 21 18   16 19 17 21 13 15 26 22 20 22   20 19 16 18 16 23 22 23 22 23   18 21 21 21 20 25 22 16  8  2   
251a  16 13 17 18 20 15 15 16 20 16   23 20 21 19 17 18 16 19 15 14   16 18 15 16 16 15 18 19 18 16   20 16 20 20 14 13 18 19 20 15   
251b  24 20 18 18 28 20 17 15 18 23   19 18 23 18 30 20 26 20 20 19   27 25 16 14 17 21 24 21 20 20   19 17 20 24 25 25 16  8  8  4   
252a  16 15 19 19 17 20 22 15 21 18   18 21 16 19 15 13 12 21 16 20   18 16 19 15 20 18 17 17 18 20   21 16 24 21 18 16 18 17 19 21   
252b  22 24 14 17 19 19 22 23 20 19   23 24 21 13 22 13 15 20 16 21   19 20 19 21 19 20 20 23 25 18   23 18 20 21 21 13 17  8 16  8   
253a  16 21 19 16 22 15 18 16 22 21   23 21 21 18 15 18 16 15 20 13   16 19 16 16 24 15 12 19 16 17   19 13 19 15 15 22 16 12 20 14   
253b  23 15 21 21 26 19 21 16 18 22   23 19 18 17 16 23 18 20 22 21   17 22 19 19 24 21 16 19 17 18   25 24 17 18 23 19 19 16  8 16   
254a  16 22 19 20 21 21 15 18 18 15   18 19 19 15 18 19 18 20 21 14   16 15 20 15 16  9 16 22 12 16   16 15 13 20 17 20 21 21 19 14   
254b  18 16 22 19 26 23 17 16 17 22   16 20 25 17 21 18 21 21 18 19   20 24 24 23 26 23 24 24 21 19   18 16 17 22 21 21 22 16  8  8   
255a  16 17 23 15 16 20 23 17 24 19   24 15 18 20 20 18 16 16 20 17    6 17 17 18 18 15 21 20 17 15   20 17 15 15 17 23 20 18 21 14   
255b  19 18 23 16 24 22 21 23 21 19   17 18 19 17 22 18 20 24 20 25   23 22 24 24 21 23 18 23 23 20   23 13 21 21 20 19 22  1 16  8   
256a  16 15 20 17 13 24 16 19 16 18   19 15 25 20 20 23 17 17 16 17   13 16 18 15 17 15 21 19 18 17   15 20 14 14 17 16 18 18 18 22   
256b  21 17 14 22 17 12 21 21 20 20   23 22 20 18 23 23 19 19 21 21   14 23 24 22 21 22 22 22 19 20   21 23 20 21 20 22 18 16  8  2   
257a  16 19 17 19 23 25 16 21 21 16   21 15 23 20 17 20 16 21 16 14   16 14 17 20 14 13 20 18 13 17   19 12 12 18 20 16 15 19 18 17   
257b  17 21 20 13 17 19 14 26 18 18   19 17 21 15 21 24 20 22 17 17   21 19 23 26 26 21 22 17 25 22   17 26 21 22 16 21 20 16  2  8   
258a  16 23 16 22 18 20 19 21 23 15   21 17 23 16 18 20 16 17 15 16   17 19 20 15 20 17 17 18 16 19   15 17 18 14 19 16 20 16 21 19   
258b  23 21 21 21 15 18 24 22 16 22   15 18 17 23 18 19 21 24 21 26   17 18 17 20 15 24 26 26 19 17   18 19 22 25 19 17 23  4  2  8   
259a  16 22 22 23 19 19 15 19 19 16   20 16 20 19 19 16 16 17 19 19   18 16 17 13 16  9 12 14 11 14   16 18 18 15 17 18 21 13 16 19   
259b  25 22 20 23 24 15 15 19 24 24   21 27 22 20 20 23 25 17 22 22   20 19 17 20 17 22 17 17 16 19   22 17 22 28 21 20 16 16  8 16   
260a  16 24 23 19 15 20 14 18 16 19   20 17 20 19 24 16 19 16 13 19   19 15 18 22 13 16 15 15 15 18   16 23 17 20 14 17 19 16 18 17   
260b  20 20 24 17 22 23 22 22 26 25   16 18 23 22 20 23 21 27 13 16   22 22 18 20 16 19 24 22 24 23   15 17 24 21 20 19 22 16  8  8   
261a  16 16 20 16 20 22 15 19 22 13   21 18 22 15 18 15 15 19 17 18   17 13 19 15 14 14 17 16 17 15   19 17 13 24 20 16 16 13 21 19   
261b  21 16 21 15 24 17 24 19 23 14   20 16 23 24 19 16 17 27 21 23   19 20 22 19 17 25 22 21 23 23   17 19 19 23 27 22 21  4 16  8   
262a  16 15 23 20 18 20 20 17 15 15   14 19 22 15 17 17 18 11 15 15   16 16 21 16 15 17 20 19 15 20   14 17 14 21 19 16 12 13 19 19   
262b  20 20 23 21 22 21 20 20 23 22   15 13 20 20 16 23 24 20 18 19   21 23 23 18 15 20 22 22 17 24   22 22 20 22 21 21 21 16  8 16   
263a  16 22 18 19 18 24 18 18 18 17   20 16 15 18 17 15 23 23 16 17   17 16 17 19 19 14 23 16 15 11   20 22 18 17 25 16 19 23 25 11   
263b  14 14 18 20 20 22 17 21 15 21   23 24 22 21 20 21 22 18 22 20   27 18 21 19 24 23 23 20 16 16   18 15 18 21 20 18 17 16  4  8   
264a  16 23 18 21 21 15 24 18 19 22   22 15 17 17 17 25 23 15 15 21   13 16 15 15 14  9 13 16 17 18   19 18 18 17 20 12 17 17 17 20   
264b  21 24 18 21 21 22 16 20 22 18   25 20 19 24 23 16 17 22 20 25   18 20 22 16 20 24 21 20 16 16   19 22 18 23 19 19 24 16 16  8   
265a  16 16 22 17 18 19 21 18 16 17   16 18 20 24 23 25 22 17 19 17   21 16 16 18 12 18 16 20 18 18   20 16 16 14 18 16 13 23 22 19   
265b  19 19 21 22 23 24 17 21 23 18   26 22 25 20 21 18 20 19 23 17   22 19 19 21 14 24 23 15 20 21   15 22 24 21 18 28 21 16  8 16   
266a  16 18 19 19 16 18 19 15 18 12   22 18 21 16 15 17 19 16 15 17   20 17 15 15 18 17 23 17 19 19   20 22 18 20 14 12 14 22 14 16   
266b  15 16 17 19 24 17 16 18 21 22   22 17 20 19 24 22 22 17 24 20   17 15 20 20 24 19 16 16 20 19   18 20 16 23 19 19 23 16  8  8   
267a  16 20 18 18 15 19 21 17 15 12   21 18 21 17 18 18 15 13 21 16   18 18 18 13 17 22 17 14 18 13   17 16 19 16 20 17 20 15 19 24   
267b  19 19 19 22 25 22 19 23 20 17   23 23 17 18 22 24 20 24 21 16   22 17 18 20 14 19 21 20 23 21   18 23 20 20 19 26 18 16  4  4   
268a  16 15 15 16 21 15 15 20 16 14   16 19 18 14 17 16 15 19 14 10   15 15 14 21 11 16 17 19 16 14   17 15 13 16 19 22 14 18 16 18   
268b  21 18 22 18 23 19 22 24 18 17   22 15 18 25 24 18 18 14 22 18   16 19 22 15 23 21 19 23 17 18   18 14 25 18 21 25 19 16  8 16   
269a  16 17 20 14 17 19 16 20 23 19   14 14 18 15 24 19 19 19 16 15   14 17 16 15 18  9 16 18 17 12   16 15 16 18 19 20 22 21 13 16   
269b  18 20 23 19 25 23 24 19 18 19   23 15 21 17 21 21 20 18 24 18   15 21 18 25 24 22 18 16 21 24   21 20 17 15 24 14 19 16  1 16   
270a  16 25 20 20 13 15 24 18 19 21   19 19 17 18 18 15 20 13 17 18   18 16 18 16 13 17 18 13  8 20   16 14 16 16 16 21 18 15 26 23   
270b  23 19 24 23 20 24 30 25 24 16   18 20 16 13 26 18 27 21 25 25   19 17 20 19 22 22 20 22 20 16   19 26 18 21 23 17 21 16 16  2   
271a  16 19 19 15 21 16 20 21 21 20   20 25 21 15 14 16 10 20 14 14   18 16 14 15 17 14 16 15 14 14   13 20 17 17 19 15 19 15 14 18   
271b  17 13 20 15 24 20 19 23 23 22   20 15 19 17 19 16 21 21 19 18   20 20 24 22 19 18 16 21 14 23   15 21 17 23 20 15 12 16  8 16   
272a  16 18 20 16 19 20 16 18 18 16   16 15 16 18 23 16 16 15 18 16   18 16 16 21 18 12 21 14 19 16   13 20 13 20 21 20 24 16 16 20   
272b  23 20 19 20 16 19 28 23 17 22   21 21 24 23 18 15 19 21 23 19   19 23 26 18 22 18 22 19 21 18   27 18 14 17 15 21 21 16  8  4   
273a  16 23 18 18 19 17 23 18 17 12   20 18 15 12 19 13 15 18 24 12   17 15 13 16 15 16 12 13 11 16   20 15 16 14 17 13 16 14 20 19   
273b  14 20 12 21 18 23 12 18 19 21   23 14 17 18 19 17 17 25 26 15   22 23 19 16 22 21 21 20 26 23   18 22 14 21 24 20 18 16 16  8   
274a  16 16 28 13 19 18 19 16 20 19   23 19 21 13 16 18 18 14 19  9   19 19 16 11 17 18 16 15 11 13   15 18 19 24 18 25 21 18 13 16   
274b  20 20 15 22 17 22 18 18 21 19   24 22 22 20 17 19 17 15 18 18   17 14 22 18 21 19 21 21 18 23   26 22 19 21 17 21 19 16  8 16   
275a  16 17 21 18 18 15 18 21 17 16   19 16 18 16 16 23 16 16 18 14   16 21 20 12 12 16 11 14 10 16   18 10 24 19 23 24 16 20 16 16   
275b  25 20 23 18 20 17 22 21 19 19   20 18 16 22 26 21 18 23 14 19   16 22 17 17 19 21 18 20 22 19   23 25 17 19 14 15 18 16  8  8   
276a  16 18 18 19 16 16 20 20 17 20   17 15 15 25 16 18 21 17 18 17   17 20 19 19 13 18 12 17 18 15   17 14 16 14 19 13 23 16 13 18   
276b  20 20 22 18 22 19 17 21 22 25   21 19 18 24 21 16 16 17 19 16   22 24 21 19 18 22 16 21 19 19   17 19 16 19 20 16 18 16 16  8   
277a  16 15 17 20 15 14 21 15 19 25   17 17 20 19 18 16 24 20 17 20   23 16 17 15 11 17 14 15 17 17   11 20 17 18 20 18 19 24 22 22   
277b  20 20 22 20 21 15 19 22 17 12   15 22 23 20 20 23 17 25 16 18   20 20 22 19 20 23 16 24 20 21   20 20 20 20 15 17 21 16  8  4   
278a  16 17 16 18 18 21 15 16 19 19   17 14 21 21 20 22 22 22 17 20   18 14 20 12 17 17 15 18 15 12   17 20 18 15 15 18 16 17 15 17   
278b  12 19 18 21 20 18 19 19 20 21   17 20 20 18 19 17 20 15 21 17   22 24 17 18 18 26 21 19 22 20   21 16 23 19 22 22 21 16  8  8   
279a  16 11 21 25 14 18 19 19 25 17   21 15 24 16 20 15 16 22 17 11   18 17  5 16 18 21 21 17 15 16   14 17 14 19 20 23 12 16 18 19   
279b  19 15 17 16 20 22 16 15 19 18   19 16 18 18 20 19 18 15 16 17   20 27 22 20 26 18 20 23 22 18   24 22 16 23 21 23 18 16  4  4   
280a  16 19 19 18 24 18 15 21 16 21   19 16 17 18 18 14 16 14 17 15   20 19 16 18 17 14 21 15 18 18   17 16 16 15 12 16 20 16 21 19   
280b  16 16 16 18 20 22 15 23 21 19   23 17 15 14 19 16 20 23 15 24   25 18 20 26 20 25 16 17 22 22   17 20 13 14 21 17 15 16 16 16   
281a  16 14 20 18 15 12 21 22 16 19   17 15 12 16 17 20 12 16 20 16   15 23 15 14 13 17 18 15 16 10   11 18 15 17 19 20 19 17 24 21   
281b  18 17 21 23 20 20 21 21 23 22   16 18 22 17 26 23 15 20 17 18   17 22 19 14 16 17 21 20 20 21   16 20 20 17 18 19 21 16  8  8   
282a  16 22 18 21 16 19 15 20 12 15   16 17 17 18 19 19 16 13 18 19   16 19 19  9 16 16 21 17 23 15   18 16 14 22 25 21 21 20 17 15   
282b  17 16 16 21 20 22 26 26 17 15   16 21 20 25 21 23 19 20 18 13   20 21 19 21 20 18 19 25 18 18   18 19 18 22 20 20 17 16 16  8   
283a  16 18 21 20 16 15 22 16 19 17   18 19 20 22 16 19 19 18 16 15   13 21 19 18 17 15 17 15 16 15   16 22 14 18 20 13 18 23 19 20   
283b  18 19 19 17 28 19 20 21 20 18   21 22 18 22 19 23 23 23 23 25   21 18 22 13 22 24 20 20 20 18   22 18 28 19 16 22 22 16  8 16   
284a  16 21 19 18 15 19 21 16 20 20   15 14 14 17 15 18 17 24 15 15   16 17 14 19 14 17 22 15 20 15   15 18 14 14 23 16 15 19 19 17   
284b  16 23 23 17 21 20 18 19 23 20   20 19 18 14 20 22 21 23 16 21   21 24 22 18 18 20 21 23 30 18   16 22 22 21 16 18 20 16  8  8   
285a  16 22 23 20 13 18 13 16 22 17   23 17 18 18 16 16 21 16 15 15   18 14 15 14 16 16 22 19 15 18   22 19 16 19 17 21 21 13 19 23   
285b  16 26 20 23 27 16 19 19 21 27   20 21 17 22 22 18 17 22 20 15   20 16 16 20 21 18 19 16 21 18   20 18 17 20 22 18 17 16 16  8   
286a  16 18 21 19 17 14 18 17 14 17   13 15 24 20 20 17 19 16 16 21   18 12 23 14 18 20 15 23 11 14   19 11 19 19 20 16 17 14 13 17   
286b  16 21 24 14 26 13 20 20 21 22   22 21 25 17 22 21 18 24 22 19   24 20 15 23 11 19 27 15 17 19   12 19 16 21 20 19 15 16  2 16   
287a  16 18 18 19 19 21 17 13 19 13   18 15 19 19 17 20 19 20 18 15   19 18 17 16 16 16 16 19 14 24   11 23 18 16 18 13 15 16 18 16   
287b  17 21 24 21 23 19 20 19 23 19   25 23 19 18 17 19 17 20 18 19   24 20 15 17 18 19 17 20 20 14   24 13 18 20 19 24 22  4  8  8   
288a  16 22 21 19 25 15 17 20 18 19   19 18 16 16 23 15 16 18 18 14   10 20 15 17 20 19 16 19 19 14   19 15 15 14 21 18 23 20 25 17   
288b  19 15 15 19 12 18 18 16 22 17   20 24 20 23 15 19 19 16 21 11   17 19 22 18 17 19 19 15 17 24   25 15 23 20 26 18 16 16 16  8   
289a  16 18 16 16 19 16 15 18 21 26   16 14 18 11 15 18 19 16 11 18   20 15 18 17 16 15 18 12 18 18   16 17 15 16 20 16 19 27 16 16   
289b  19 19 18 16 27 18 16 17 24 16   17 17 16 18 15 16 17 20 22 18   19 20 20 17 23 16 14 14 16 25   21 22 17 19 18 15 17 16  4 16   
290a  16 18 20 21 16 24 23 23 18 17   21 16 17 20 22 15 18 15 18 14   18 14 13 16 20 15 16 18 21 16   18 14 16 18 16 17 21 19 22 18   
290b  23 18 18 22 23 15 20 22 18 20   19 18 19 19 20 18 15 22 27 15   21 22 15 21 18 18 23 15 20 23   20 19 20 22 21 18 23 16  8  4   
291a  16 16 20 24 22 19 15 13 16 17   20 14 20 22 20 22 18 14 17 15   18 15 17 16 19 11 20 13 20 15   12 16 17 21 22 24 19 17 17 16   
291b  21 19 16 14 22 21 21 22 18 20   15 14 21 22 22 16 21 20 18 19   23 16 15 23 17 22 19 14 19 24   18 16 19 19 25 15 17  8 16  8   
292a  16 18 20 23 25 15 18 27 20 13   20 15 21 17 17 15 16 20 17 15   14 17 19 16 13 16 20 18 18 16   20 20 15 15 19 17 18 19 21 23   
292b  22 21 24 20 19 16 23 16 22 19   15 23 16 19 13 16 21 19 20 20   20 21 19 21 16 20 18 26 22 23   18 16 16 15 19 17 20 16  8 16   
293a  16 17 22 16 18 20 18 16 17 18   17 18 22 16 16 12 17 19 20 16   14 18 20 21 21 20 13 21 20 15   20 19 19 16 19 20 23  9 14 21   
293b  18 16 21 23 19 23 15 19 21 23   12 27 22 22 17 24 19 17 13 22   18 16 19 19 19 14 23 21 19 21   20 23 21 22 21 17 19 16  2  8   
294a  16 24 17 15 18 16 18 17 19 22   15 17 16 17 15 13 15 17 21 15   16 14 18 18 18 19 12 16 21 15   11 20 13 17 18 13 15 19 17 22   
294b  17 18 17 18 20 19 26 16 20 20   21 19 21 16 22 19 19 19 21 20   20 18 21 16 21 18 19 26 17 15   11 21 15 17 15 20 21 16 16  8   
295a  16 18 18 19 14 21 19 19 15 26   17 16 15 20 13 21 15 14 21 15   14 15 21 19 15 17 19  8 24 13   16 21 18 18 19 20 18 17 16 15   
295b  20 19 15 19 25 20 18 20 20 23   24 20 14 21 21 16 23 19 21 22   19 26 16 24 20 19 26 17 17 24   19 17 16 24 17 24 24 16  8 16   
296a  16 20 18 24 15 22 16 18 18 15   13 14 22 20 15 17 18  9 17 15   15 16 16 16 19 17  8 16 19 16   23 15 17 22 15 22 22 21 19 21   
296b  20 17 19 11 23 18 21 21 19 21   17 18 24 15 19 18 20 17 19 20   24 19 16 19 17 20 21 21 20 14   23 17 26 15 23 21 21 16  8 16   
297a  16 23 18 22 16 22 13 16 14 15   17 21 20 22 16 16 17 22 16 19   18 16 16 11 20 14 12 17 14 10   13 19 12 18 21 18 20 18 17 19   
297b  22 15 26 19 20 21 27 23 19 15   20 20 22 17 14 18 18 15 20 17   18 21 16 19 18 17 20 18 25 19   27 17 27 18 21 17 18 16 16  8   
298a  16 17 20 20 13 15 16 20 14 14   23 16 20 19 23 20 19 17 17 13   19 14 20 14 12 18 15 16 12 23   19 18 17 15 16 16 23 24 21 17   
298b  25 15 25 24 23 18 19 15 20 20   23 20 21 20 23 21 21 18 17 23   16 16 14 20 23 17 21 14 19 16   25 25 20 12 20 21 17 16  8 16   
299a  16 18 18 20 21 19 18 18 17 12   25 16 22 19 21 14 15 15 18 13   17 12 18 16 13 14 14 13 13 12   18 18 18 13 16 17 14 20 17 16   
299b  21 19 18 17 20 24 21 22 13 15   17 18 22 20 20 19 21 20 20 20   20 20 18 17 21 17 24 17 19 21   19 15 16 18 21 22 20 16  8  4   
300a  16 19 19 23 15 18 18 15 12 15   16 13 15 18 20 18 24 22 17 19   14 16 16 14 20 13 17 17 15 12   16 14 18 20 19 16 18 17 11 21   
300b  15 22 19 27 17 23 19 16 20 20   19 20 18 21 18 24 16 18 16 16   21 19 21 14 22 18 23 25 17 18   19 16 22 21 20 14 20 16 16  8   
301a  16 18 19 21 15 18 19 19 22 17   18 15 19 18 12 16 14 11 15 12   20 10 20 16 16 14 19 18 21 15   14 15 20 18 10 19 20 19 16 18   
301b  20 18 20 24 17 24 18 18 19 21   16 21 22 21 18 19 19 20 22 15   21 25 17 22 16 19 18 23 19 22   19 19 31 21 22 14 23 16  8 16   
302a  16 23 19 19 17 16 20 23 22 17   17 16 18 21 19 16 14 20 16 20   16 19 19 16 15 15 13 16 18 17   20 19 21 19 20 19 13 21 19 20   
302b  16 23 22 16 20 22 21 24 21 15   16 20 21 23 15 18 15 20 20 22   20 27 16 22 18 17 15 24 18 25   16 21 16 24 23 20 18 16  8  4   
303a  16 20 20 21 16 16 19 21 16 18   23 15 15 23 13 17 19 17 13 18   21 17 19 17 13 19 17 13 14 13   16 17 17 18 12 17 13 13 15 19   
303b  15 24 18 17 16 15 18 19 19 18   21 17 22 19 17 16 20 19 19 22   19 20 22 18 20 17 17 26 21 16   19 19 15 23 18 21 24  4 16  8   
304a  16 11 17 22 22 15 25 12 18 13   22 18 15 16 17 18 18 15 16 15   21 13 16 20 16 15 16 14 17 20   18 18 13 16 18 13 18  9 21 18   
304b  16 24 20 20 19 15 13 20 22 10   25 18 18 19 15 16 15 23 20 18   20 17 16 14 20 22 16 18 17 22   17 24 18 20 13 16 21 16  8 16   
305a  16 18 15 20 20 19 19 13 16 12   15 19 19 16 17 15 17 15 16 18   17 17 13 14 16 17 16 17 20 19   13 15 18 16 16 19 18 22 18 19   
305b  18 21 19 22 18 25 26 20 22 15   20 14 21 20 18 22 21 25 18 17   23 20 21 19 24 20 20 16 18 19   24 20 15 24 23 23 20 16  8  8   
306a  16 16 16 18 21 20 17 17 16 16   16 16 17 16 16 15 16 21 17 19   19 14 18 20 21 14 21 15 16 17   16 17 18 11 23 15 16 12 22 20   
306b  15 21 22 20 15 20 24 20 17 19   17 22 21 26 21 22 20 19 22 17   19 22 17 19 20 15 17 14 15 21   21 18 26 21 15 21 18 16 16  8   
307a  16 17 20 23 20 17 18 22 18 20   18 14 19 19 15 16 22 18 17 21   14 18 13 14 21 13 23 20 16 18   20 18 20 19 22 18 23 18 19 20   
307b  21 17 17 23 22 20 15 17 19 19   15 17 20 20 16 21 22 19 16 19   18 19 21 20 18 19 17 20 22 20   21 24 21 17 22 17 18 16  8 16   
308a  16 19 22 19 15 20 19 21 15 22   20 19 19 19 18 18 15 19 20 19   12 13 17 24 11 12 17 13 16 16   18 16 16 16 20 17 18 17 24 18   
308b  22 15 18 23 18 23 18 17 17 21   11 18 14 17 19 20 20 16 17 20   22 16 14 13 16 24 23 25 17 16   21 15 19 18 20 16 14 16 16  8   
309a  16 17 14 17 23 19 13 19 18 13   20 19 15 14 16 27 14 12 19 10   18 16 18 15 17 17 16 13 15 12   15 14 24 22 12 18 18 20 17 15   
309b  26 18 13 20 20 16 24 24 16 21   21 17 17 15 21 18 21 18 16 18   23 20 26 16 19 23 18 19 17 18   20 18 17 20 15 13 20 16 16  8   
310a  16 14 16 16 20 20 19 21 18 15   19 15 20 13 16 16 14 18 16 18   15 18 15 15 15 16 14 20 18 19   18 21 16 18 15 15 22 16 15 23   
310b  20 14 15 13 14 19 22 16 20 16   17 20 17 18 14 19 21 16 18 16   15 24 19 19 21 17 24 16 19 18   18  8 21 22 18 21 17 16  8 16   
311a  16 17 20 18 13 23 16 17 23 14   16 21 16 16 18 14 21 17 16 21   18 19 13 15 17 15 16 15 14 24   15 16 18 21 16 20 21 22 20 16   
311b  21 17 22 15 18 18 23 24 20 18   18 15 11 17 19 16 16 19 13 16   18 18 20 18 21 17 21 16 19 20   19 17 19 17 20 15 17  4  8  8   
312a  16 23 18 15 18 20 23 18 20 16   19 13 14 14 20 18 16 15 19 17   20 10 15 15 20 17 22 14 12 19   15 18 17 19 24 18 20 19 19 24   
312b  20 21 22 24 18 18 14 15 17 19   26 16 19 14 20 14 16 16 20 19   20 18 17 15 21 20 22 18 18 17   19 18 23 15 18 21 18 16 16  8   
313a  16 11 19 20 17 22 21 17 21 24   17 17 21 14 14 17 18 17 18 17   15 14 21 15 17 17 15 22 16 16   15 16 18 18 17 13 18 16 20 23   
313b  23 18 13 23 16 19 20 18 19 20   26 20 21 18 17 18 20 21 16 20   21 19 15 13 19 24 18 18 19 19   19 19 18 19 18 16 18 16  8 16   
314a  16 19 20 18 20 18 19 15 17 15   19 15 16 18 18 18 15 12 15 20   17 12 20 17 20 18 14 15 18 17   15 17 16 21 19 17 19 17 25 22   
314b  20 17 19 17 22 19 21 20 20 20   17 14 15 18 16 20 16 19 18 20   26 15 20 19 21 19 17 22 19 17   20 20 17 16 21 15 21 16  8  8   
315a  16 18 19 24 15 16 17 14 13 16   19 16 18 14 18 16 15 20 16 12   12 16  9 15 15 12 10 15 18 17   12 15 16 16 19 13 17 19 16 24   
315b  21 19 22 18 20 15 19 19 17 19   21 15 20 19 19 21 15 21 15 24   20 22 16 18 16 13 20 20 26 16   20 13 19 19 23 19 24 16 16  8   
316a  16 19 19 21 17 21 18 18 16 16   18 20 13 15 17 17 18 16 16 16   14 21 16 19 18 16 11 11 17 15   16 15 14 14 19 17 16 21 16 19   
316b  16 17 25 19 17 19 21 21 18 18   19 20 15 23 16 18 14 15 19 19   16 19 20 17 21 21 19 18 18 16   20 15 16 19 18 19 18 16  8 16   
317a  16 17 22 15 19 20 18  7 19 19   16 20 17 22 14 19 15 11 16 16   16 17 17 14 18 12 16 11 19 13   20 22 14 14 22 19 19 14 16 22   
317b  18  9 17 14 20 11 20 20 20 16   20 21 23 20 14 15 19 21 16 19   18 20 20 17 22 21 16 13 21 25   19 16 19 16 21 19 19 16  8  8   
318a  16 23 20 18 23 16 16 15 19 17   16 13 19 16 16 16 16 13 16 18   14 10  7 17 16 14 18 14 11 12   17 21 17 18 25 17 16 17 19 16   
318b  17 19 17 14 21 19 20 19 17 17   18 20 22 19 18 16 16 24 15 14   16 15 21 20 15 16 20 16 15 16   18 14 20 17 21 21 21 16 16  8   
319a  16 16 18 18 19 19 22 24 18 19   15 13 14 13 20 15 18 15 15 22   15 12 12 19 21 17 17 19 15 17   17 23 15 22 23 17 15 19 21 21   
319b  16 16 17 21 20 21 15 19 22 23   17 24 18 15 14 18 21 17 17 20   17 14 22 17 19 17 18 15 17 18   16 13 26 17 23 18 15  2  8 16   
320a  16 18 18 21 17 14 15 12 16 17   19 18 11 21 20 17 15 20 12 16   14 11 16 17 16 13 17 15 16 12   18 22 16 12 11 26 16 21 22 20   
320b  17 20 16 13 16 17 19 24 19 17   19 19 18 15 15 18 19 19 13 18   22 18 19 19 16 20 19 23 23 17   22 17 15 26 19 20 23 16  8  8   
321a  16 21 17 12 16 15 17 21 19 12   17 15 10 21 16 16 15 15 22 18   17 16 16 16 18 17 20 14 20 12   16 14 16 16 15 18 20 12 18 15   
321b  19 16 18 18 24 23 16 20 19 15   15 17 18 18 17 16 19 18 18 20   22 18 14 12 19 17 20 20 22 10   20 17 22 14 21 20 15 16 16  8   
322a  16 18 18 19 19 19 15 19 21 16   14 17 17 19 16 12 14 14 16 14   18 19 18 12 14 17 22 16 18 15   16 17 17 15 11 17 22 20 20 15   
322b  17 23 21 20 18 16 19 21 19 27   15 20 20 21 20 21 16 17 16 10   15 16 18 16 19 15 16 16 16 16   19 16 24 21 22 14 20 16  8 16   
323a  16 18 16 17 21 20 17 16 16 15   17 21 20 19 18 18 18 14 18 18   14 18 11 16 15 15 14 16 20 15   16 14 12 16 19 16 17 20 16 14   
323b  18 19 22 18  5 18 18 16 16 22   21 16 20 14 18 18 15 18 19 18   15 17 16 20 23 20 12 15 15 15   18 21 19 18 17 17 21  4  8  8   
324a  16 20 22 18 16 16 21 19 24 18   19 19 16 16 16 17 18 19 10 16   17 14 19 12 19 18 15 19 12 12   14 18 17 17 11 18 22 17 23 18   
324b  17 19 22 18 17 17 14 21 16 15   18 22 13 20 17 28 13 18 18 19   18 15 16 17 17 22 17 19 17 18   19 21 19 18 19 18 18 16 16  8   
325a  16 22 22 16 13 15 16 16 13 17   13 11 17 14 14 21 15 18 15 20   13 14 21 21 16 15 13 16 15 17   17 20 15 14 19 18 17 17 20 20   
325b  12 15 13 15 22 23 21 13 22 18   21 24 18 17 17 15 15 16 16 13   17 25 15 14 15 17 24 16 20 21   23 18 18 18 18 20 20 16  8 16   
326a  16 19 21 20 16 21 21 18 14 16   20 20 22 17  9 16 17 16 17 23   16 14 16 17 19 17 11 16 16 19   15 15 13 11 19 21 16 18 17 16   
326b  21 22 21 22 19 20 18 19 17 18   14 18 17 21 15 18 19 14 22 18   20 16 17 22 20 23 21 21 18 22   23 15 20 20 20 20 22 16  8  8   
327a  16 19 14 20 22 18 19 20 14 19   15 17 17 20 20 17 19 15 10 20   19 13 17 11 17 14 18 14 15 16   16 17 15 17 21 14 17 16 25 18   
327b  17 15 16 19 22 20 20 20 15 19   18 23 17 19 24 16 22 22 17 16   21 18 17 18 20 22 25 19 15 19   19 18 23 15 15 14 22 16 16  8   
328a  16 16 20 17 22 13 17 17 18 17   14 18 20 17 14 19 18 15 14 16   15 16 18 20 21 14 19 13 11 17   16 20 18 17 17 18 18 21 14 20   
328b  19 15 11 25 12 18 20 19 17 19   14 20 13 21 19 18 18 18 18 15   19 18 20 20 16 17 19 14 18 18   18 18 21 21 20 18 14 16  8 16   
329a  16 19 15 21 19 21 17 15 19 15   19 13 15 16 16 17 14 19 14 12   11 20 17 19 18 16 11 17 16 15   12 18 13 14 16 20 16 16 21 18   
329b  10 18 22 15 16 19 19 17 15 12   22 15 14 15 15 17 16 20 25 12   20 16 16 17 22 19 19 18 15 14   22 16 21 18 21 20 23 16  8  8   
330a  16 20 20 13 21 21 20 15 19 14   19 16 21 18 18 10 13 19 19 14   17 14 15 19 17 18 18 20 11 14   17 19 17 16 16 18 23 20 17 18   
330b  16 16 21 13 17 24 20 14 16 21   23 13 18 21 18 20 16 14 21 21   14 16 19 18 19 18 20 17 18 15   25 18 24 15 15 21 16 16 16  8   
331a  16 24 20 26 20 16 18 23 20 17   19 14 17 14 15 16 11 14 14 16   14 15 16 12 15 16 16 15 18 15   20 13 21 16 17 15 18 20 19 24   
331b  19 18 20 23 21 19 17 15 20 17   15 18 23 17 18 18 23 15  7 21   15 17 23 16 15 17 17 15 15 20   16 20 20 17 21 24 16 16  8 16   
332a  16 20 18 19 17 20 22 15 21 17   16 12 18 14 14 12 18 15 19 18   18  7 18 16 21 17 17 14 20 13   18 12 19 16 17 17 13 21 18 20   
332b  15 16 18 11 20 20 17 12 19 23   19 16 12 19 18 19 14 17 17 16   19 24 18 18 17 17 20 20 19 25   14 19 24 20 14 21 14 16  8  2   
333a  16 18 17 17 18 13 13 13 16 17   16 14 13 19 19 18 15 20 18 18   19 14 16 12 12 16 17 13 15 18   17 18 23 19 15 20 23 20 21 19   
333b  19 20 11 13 23 23 18 16 19 19   20 13 20 18 12 16 14 21 18 18   23 13 23 15 16 17 17 12 16 17   22 16 15 17 14 21 21 16 16  1   
334a  16 19 14 18 18 17 16 20 18 15   23 17 21 16 18 15 12 17 14 15   15 19 14 17 16 17 15 16 16 14   17 14  9 19 19 19 18 16 16 18   
334b  21 21 11 19 21 11 22 14 16 16   18 14 15 16 11 18 16 20 19 23   19 15 19 15 15 20 23 20 22 20   17 14 25 21 21 16 17  4  8 16   
335a  16 18 15 17 19 15 16 19 18 21   18 20 19 18 15 15 16 11 14 17   15 15 15 21 14 14 17 16 11 20   13 16 12 15 20 19 21 17 16 19   
335b  20 18 17 15 18 19 15 18 19 23   16 14 19 22 24 17 13 19 19 12   16 18 20 18 19 20 20 19 16 20   22 16 16 20 17 12 18  2  8  8   
336a  16 15 17 12 20 15 21 19 16 17   19 20 19 19 17 18 15 16  8 18   19 17 20 14 17 17 18 13  9 20   18 16 20 18 16 14 15 14 16 16   
336b  19 16 16 20 22 18 17 24 16 17   19 20 18 19 20 18 17 25 20 19   19 15 17 13 17 18 18 22 20 15   18 21 23 15 15 15 17 16 16  8   
