###    1  2  3  4  5  6  7  8  9 10   11 12 13 14 15 16 17 18 19 20   21 22 23 24 25 26 27 28 29 30   31 32 33 34 35 36 37 38 39 40   
###   41 42 43 44 45 46 47 48 49 50   51 52 53 54 55 56 57 58 59 60   61 62 63 64 65 66 67 68 69 70   71 72 73 74 75 76 77 78 79 80   
  1a  16 16 18 20 13 19 22 24 17 18   23 17 20 13 13 17 14 16  8 17   17 16 21 16 16 16 16 16 16 16   16 15 10 22 13 16 16 16 16 16   
  1b  16 16 16 18 17 17 24 16 16 16   16 16 16 16 16 12 17 13 17 17   21 18 19 10 18 17 16 24 22 24   20 25 16 15 22 20 16 16 16 16   
  2a  16 16 14 17 16 19 13 18 19 25   16 18 19 16 16 13  9 12 16 19   13 16 13 21 17 12 10 20 17 21    9 18 16 17 13 13 16 15 20 22   
  2b  18 17 17 13 16 27  9 13 15 12   17 23 12 21 18 20 20 23 22 18   11 21 17 22 16 22 21 17 21 20   24 22 18 13 17 17 16 16 16 16   
  3a  16 16 16 24 18 20 16 15 23 18   15 15 15 22 15 16 20 22 19 18   16 14 15 10 18 20 19 20 16 14   16 17 12 20 18 16 13 13 13 19   
  3b  15 17 15 14 16 21 18 20 16 22   14 20 22 20 20 14 18 19 24 22   25 17 22 20 16 22 19 16 21 12   20 18 16 20 19 18 16 16 16 16   
  4a  16 16 21 23 13 18 16 18 17 19   17 12 17 14 12 14 11 15 14 20   13 18 12 14 17 13 16 12 18 14   15 17 15 12 14 14 20 17 19 20   
  4b  14 19 17 16 11 16 16 18 17 15   16 22 17 17 13 14 19 17 22 20   29 18 20 18 19 23 20 23 20 16   15 19 17 20 20 12 16 16 16 16   
  5a  16 16 23 19 21 21 12 22 19 12   16 22 17 18 17  9 17 18 18 17   18 18 17 14 13 20 24 21 10 12   14 16 10 16 21 18 15 13 22 20   
  5b  15 14 13 20 15 23 17 16 20 21   22 19 15 22 13 21 19 20 20 24   13 23 17 22 17 23 21 19 17 15   24 19 17 16 14 12 16 16 16 16   
  6a  16 16 24 18 20 13 13 17 11 12   14 10 14 14 13 18 15 16 12 19   16 19 18 22 16 18 12 14 13 17   12 11 17 13 13 18 15 21 16 21   
  6b  16 14 12 22 21 18 18 17 18 17   14 17 20 13 18 13 21 14 15 20   24 22 20 18 18 19 18 19 15 17   20 22 15 20 17 18 16 16 16 16   
  7a  16 16 25 20 15 18 17 19 15 16   24 16 21 20 15 12 17 18 13 11   19 13 15 14 16 17 20 15 11 11   11 12 16 13 19 19 19 18 14 18   
  7b  18 16 19 20 13 14 15 16 20 15   21 19 18 22 18 21 22 16 16 18   15 23 19 18 21 17 19 23 17 19   20 23 19 14 13 18 16 16 16 16   
  8a  16 16 16 12 22 18 16 17 20 17   15 16 19 17 17 17 17 17 14 18   11 21 23 19 14 15 15 13 18 16   15 14 19 20 12 15 17 18 16 17   
  8b  13 16 16 13 20 18 14 14 22 12   19 17 15 18 15 18 16 22 23 18   24 20 21 15 20 17 22 21 20 17   19 19 20 18 25 21 16 16 16 16   
  9a  16 16 17 20 21 15 21 11 18 17   13 19 17 15 16 20 16 19 16 14   19 20 18 16 16 16 19 12 11 14   12 15 20 16 15 24 14 17 15 13   
  9b  18 12 14 20 22 18 21 20 22 21   18 15 17 16 21 21 22 19 23 20   21 22 16 16 25 17 17 19 15 15   20 18 17 16 18 22 16 16 16 16   
 10a  16 16 21 12 19 17 20 16  9 20   17 17 21 15 21 17 15 18 15 15   20 14 17 21 12 13 17 19 14 16   11 15 15 18 20 17 17 17 15 19   
 10b  18 22 16 19 10 16 16 13 16 24   19 19 14 14 18 23 18 20 14 21   19 17 18 18 20 17 18 21 21 21   17 16 20 17 21 19 16 16 16 16   
 11a  16 16 21 16 19 17 17 22 19 20   18 16 17 16 19 16 12 14 18 15   12 11 14 18  7 16 17  9  5 19   17 20 10 16 16 14 19 14 17 18   
 11b  20 16 15 17 16 18 26 21 17 23   16 19 23 18 23 15 20 16 18 21   14 18 20 15 19 19 14 19 18 17   20 21 20 20 22 14 16 16 16 16   
 12a  16 16 18 29 19 16 13 13 15 16   17 14 17 20 14 19 19 21 16 15   11 14 17 18 15 20 17 15 16 15   11 21 18 17 13 21 11 18 15 15   
 12b  19 16 11 17 18 18 21 12 19 20   16 23 21 18 19 23 18 15 14 23   19 23 18 19 15 16 17 16 22 15   22 17 12 24 19 16 16 16 16 16   
 13a  16 16 21 23 18 24 18 15 22 26   16 13 20 12 17 20 15 17 13  9   17 16 18 17 13 14 14 14 16 18   15 15 15 22 13 17 14 18 14 15   
 13b  19 15 17 15 19 16 21 16 22 14   19 15 14 21 15 16 21 17 16 14   19 21 18 18 16 18 18 25 15 23   20 19 18 18 17 20 16 16 16 16   
 14a  16 16 21 20 20 17 22 20 15 17   16 14 18 16 19 20 17 18 18 13   17 14 22 23 16 16 14 14 15 16   15 17 11 15 18 17 12 16 17 14   
 14b  19 12 17 20 17 15 15 15 17 18   19 18 16 14 21 20 14 21 17 18   18 17 17 19 15 19 21 19 23 20   17 18 22 17 25 24 16 16 16 16   
 15a  16 16 20 17 22 17 20 12 17 22   21 18 15 19 18 14 19 20 19 15   17 16 16 21 12 17 12 15 16 10   13 16 18 14 19 14 15 19 18 13   
 15b  16 19 16 20 16 17 13 21 17 22   20 16 16 18 25 17 23 20 15 19    8 19 24 18 19 21 24 20 20 18   19 16 18 19 16 20 16 16 16 16   
 16a  16 16 22 16 20 17 16 17 16 21   17 22 22 18 16 15 20 17 12 18   23 15 17 15 14  9 15 24 15 16   17 16 10 16 19 22 16 21 17 16   
 16b  18 14 15 18 18 21 13 14 20 21   19 22 15 18 16 21 18 17 18 12   16 20 18 16 16 16 21 15 20 19   23 13 19 17 22 22 16 16 16 16   
 17a  16 16 21 19 15 19 21 19 19 21   16 20 26 26 18 19 18 21 14 16   11 22 20 20 17 17 16 16 14 22   15 12  9 18 17 14 14 16 18 17   
 17b  15 15 16 13 25 19 19 16 18 26   11 20 21 22 14 19 21 22 21 20   14 21 20 17 18 21 16 19 25 17   19 19 15 18 13 15 16 16 16 16   
 18a  16 16 22 18 18 17 17 15 13 21   18 18 16 18 13 16 16 18 16 13   19 19 19 17 12 16 13 19 15 19   12 13 14 23 16 12 18 16 18 12   
 18b  15 14 17 16 18 15 19 18 18 13   18 19 22 23 20 19 19 20 26 16   18 28 19 20 24 22 14 22 20 15   17 22 22 16 17 20 16 16 16 16   
 19a  16 16 23 16 22 21 21 20 20 14   14 16 15 15 16 13 16 19 16 24   12 19 13 16 14 15 18 23 13 20   17 15 11 15 14 14 17 18 14 16   
 19b  16 19 18 18 12 21 14 19 18 20   18 15 19 15 18 17 19 19 12 21   15 14 16 15 22 19 13 16 22 24   14 23 16 20 19 17 16 16 16 16   
 20a  16 16 21 18 12 18 21 14 17 17   11 21 22 16 18 14 21 20 15 18   17 18 20 19 11 15 14 12 10 13   20 18 18 13 19 14 15 14 20 15   
 20b  14 19 20 18 14 14 12 19 18 19   20 21 15 15 20 20 15 24 19 20   21 16 16 20 16 17 17 16 20 23   18 29 19 19 17 23 16 16 16 16   
 21a  16 16 28 14 18 17 22 18 19 19   15 16 18 21 14 17 17 13 17 23   16 13 18 18 16 13 17 15 12 17   18 14 13 20 13 18 16 20 17 17   
 21b  17 17 17 22 17 18 19 20 15 20   19 23 24 18 16 17 24 22 20 23   17 17 19 16 24 19 19 13 22 22   23 20 19 16 19 24 16 16 16 16   
 22a  16 16 16 16 18 17 16 17 23 14   17 19 14 22 16 14 21 15 18 15   16 18 12 14 16 10 15 18 18 15   19 16 12 17 22 14 18 14 19 18   
 22b  18 14 17 20 17 17 22 20 25 17   21 24 18 22 15 14 16 20 14 20   17 20 19 20 19 15 17 22 19 22   22 10 23 21 18 25 16 16 16 16   
 23a  16 16 20 21 18 18 14 13 17 17   20 16 19 20 18 16 15 14 13 22   17 15 16 16 12 17 16 11 14 15   15 14 12 14 22 16 20 15 15 22   
 23b  19 13 17 13 20 19 13 20 16 16   22 22 19 15 16 15 20 23 20 16   19 15 21 19 17 18 20 22 16 21   20 17 19 17 12 16 16 16 16 16   
 24a  16 16 18 18 22 21 17 14 17 19   14 12 24 16 17 21 21 20 13 18   13 15 16 16 19 17 16 13 19 13   18 17 12 18 19 21 15 20 17 16   
 24b  13 18 16 12 21 19 21 26 17 19   15 19 14 22 20 13 22 24 10 21   15 16 22 27 12 20 15 16 21 23   22 22 21 22 14 25 16 16 16 16   
 25a  16 16 19 23 16 18 15 19 15 15   15 13 21 15 23 23 17 12 16 16   18 18 18 18 15 13 16 14 21 17   20 15 17 20 15 21 17 14 16 23   
 25b  20 16 17 15 19 20 16 15 12 11   20 21 19 22 16 25 19 18 18 23   15 15 16 21 20 17 15 20 17 20   17 18 17 25 22 14 16 16 16 16   
 26a  16 16 18 13 17 20 13 19 15 21   20 21 22 13 19 19 16 17 20 16   15 19  7 13 16 12 18 20 11 12   16 18 13 17 16 18 17 18 15  8   
 26b  11 18 17 12 16 19 16 23 19 20   15 20 18 15 21 19 13 18 22 12   21 19 15 18 16 15 16 23 17 17   21 22 23 23 19 18 16 16 16 16   
 27a  16 16 16 17 15 17 12 17 15 21   15 12 17 13 19 15 10 18 18 18   15 16 12 20 20 16 17 18 15  9   15 14 16 20 19 17 15 15 15 15   
 27b  16 16 19 19 14 15 17 16 19 15   22 16 19 16 17 14 17 19 16 15   18 18 23 17 15 19 16 14 23 17   16 16 18 26 18 23 16 16 16 16   
 28a  16 16 18 20 18 15 14 14 22 18   15 15 15 14 11 14 21 13 18 18   13 13 14 19 15 18 19 15 19 16   21 13 15 21 20 15 16 24 13 22   
 28b  19 15 16 16 23 17 19 20 23 16   13 19 14 18 18 17 14 18 17 22   22 15 12 20 18 21 18 21 17 20   20 13 21 23 22 16 16 16 16 16   
 29a  16 16 14 16 19 14 15 16 15 21   14 16 20 18 15 21 23 18 18 11   15 12 18 14 16 17 15 15 17 15   17 19 15 15 14 15 15 15 10 16   
 29b  17 18 15 19 23 15 22 19 15 21   15 24 16 23 19 16 16 21 17 17   20 21 21 22 17 16 22 23 18 15   23 19 26 19 17 26 16 16 16 16   
 30a  16 16 18 19 14 15 16 14 24 19   17 18 17 18 18 17 13 14 15 20   22 12 23 19 15 20 14 12 14 19   14 19 11 17 13 21 20  8 22 17   
 30b  20 16 14 15 22 18 20 21 24 20   22 22 13 18 21 17 16 18 18 15   14 14 15 18 18 18 23 19 18 10   21 20 20 20 17 19 16 16 16 16   
 31a  16 16 20 19 18 20 19 18 17 13   24 19 19 14 19 24 21 19 16 19   16 14 15 17 18 16 18 20 10 16    9 17 18 16 15 15 16 14 16 18   
 31b  15 13 15 14 14 16 16 18 18 18   20 16 16 17 19 17 17 16 15 21   14 20 15 13 16 15 17 19 17 14   26 26 23 27 13 20 16 16 16 16   
 32a  16 16 13 18 17 16 14 14 18 13   16 17 19 20 20 18 19 16 19 18   12 19 24 15 18 14 16 11 15 17   15 21 20 21 15 18 11 19 21 14   
 32b  17 17 15 18 21 18 15 15 13 19   18 16 15 17 17 22 17 18 17 13   19 17 16 15 15 16 19 19 22 21   23 21 17 20 14 15 16 16 16 16   
 33a  16 16 17 11 22 16 20 13 16 21   15 20 19 22 19 16 17 18 16 15   21 18 16 16 15 18 14 18 14 21   17 20 14 14 20 21 16 19 15 18   
 33b  17 15 19 14 11 16 17 17 16 16   20 21 25 18 22 17 16 19 19 16   16 20 19 21 23 11 21 17 25 21   25 21 23 17 16 19 16 16 16 16   
 34a  16 16 16 16 19 15 18 15 16 19   15 20 19 24 14 16 18 16 15 20   15 20 23 16 19 19 24 14 13 15   17 15 15 15 17 18 21 17 16 18   
 34b  13 14 11 20 15 22 17 15 21 17   18 22 11 21 22 24 16 13 17 25   17 20 19 17 21 20 20 21 21 16   22 17 20 23 17 19 16 16 16 16   
 35a  16 16 16 15 15 23 15 21 21 24   14 15 17 18 14 16 14 15 16 14   10 18 12 13 12 11 13 16 11 17   22 17 11 12 18 19 16 16 12 20   
 35b  21 15 18 20 17 18 15 17 23 12   17 18 22 19 12 17 12 16 16 20   18 20 24 16 18 19 22 21 22 18   24 22 17 20 26 17 16 16 16 16   
 36a  16 16 18 16 12 19 17 18 18 19   19 18 21 21 17 15 18 15 13 18   13 17 15 18 15  8 18 17 23 17   19 11 17 13 18 16 14 20 21 17   
 36b  17 25 18 21 17 23 16 16 15 17   17 18 21 18 21 17 16 22 17 24   16 18 22 16 22 18 17 18 17 18   20 22 23 21 23 15 16 16 16 16   
 37a  16 16 20 21 18 19 15 18 24 15   17 16 17 22 14 21 16 15 18 17   14 16 16 15 14 20 18 12 15 20   14 13 15 19 20 16 14 14 17 17   
 37b  25 19 17 14 13 13 21 19 21 16   19 20 23 22 17 20 18 15 21 21   20 21 23 21 19 20  9 19 19 22   18 16 16 18 24 17 16 16 16 16   
 38a  16 16 16 18 12 20 26 17 16 13   19 20 20 20 18  9 14 16 15 16   17 14 17 13 16  8 21 19 18 12   12 16 14 20 18 18 14 15 17 15   
 38b  17 19 12 19 16 17 19 23 17 19   16 20 17 19 15 20 19 15 19 18   24 23 21 16 13 17 23 17 17 18   21 19 19 20 22 20 16 16 16 16   
 39a  16 16 23 19 16 18 21 15 15 21   17 18 20 16 16 20 20 18 18 19   17  8 17 15 14 13 22 17 14 18   17 23 13 15 17 16 13 22 14 16   
 39b  16 14 20 12 15 18 19 16 16 20   19 23 23 16 25 22 21 20 20 21   19 19 20 18 20 23 18 15 18 26   19 22 21 21 18 19 16 16 16 16   
 40a  16 16 22 12 17 15 20 17 16 27   14  9 16 17 17 25 24 17 15 21   15 16 18 10 15 16 16 15 18 15   19 21 16 19 19 15 16 21 15 16   
 40b  14 16 15 16 13 23 14 23 19 21   19 18 21 19 28 18 19 25 21 17   17 20 16 19 20 19 22 20 14 13   20 21 18 23 18 16 16 16 16 16   
 41a  16 16 20 12 21 16 15 15 15 19   17 15 22 27 16 18 21 16 23 13   15 15 19 20 13 20 13 16 16 15   19 18 14 15 15 22 22 15 17 17   
 41b  15 17 21 19 17 24 26 21 18 15   17 18 15 17 16 16 17 21 17  8   20 18 18 19 25 18 19 20 18 23   22 18 22 24 23 23 16 16 16 16   
 42a  16 16 19 15 20 19 14 19 15 18   19 19 16 19 24 19 14 18 15 20   18 17 21 15 16 14 21 11 15 14   19 14 12 13 14 21 18 15 16 15   
 42b  16 15 18 17 25 12 18 17 17 18   22 13 17 23 13 18 15 20 17 17   21 18 21 19 18 20 20 20 23 23   18 23 19 20 21 19 16 16 16 16   
 43a  16 16 19 17 19 19 14 22 17 23   17 15 15 19 17 19 20  9 14 17   17 18 12  9 21 11 13 17 14 18   17 16  9 12 25 16 17 13  8 11   
 43b  16 21 18 17 18 17 15 18 18 15   24 19 16 23 19 17 15 21 20 15   14 19 20 16 20 20 17 24 21 24   24 15 21 20 22 19 16 16 16 16   
 44a  16 16 20 16 22 18 21 17 17 13   16 22 20 16 19 20 16 15 11 17   14 18 17 17 12 11 13 18 13 13   15 18 16 16 17 17 16 18 14 17   
 44b  16 17 22 17 19 16 20 16 17 17   18 25 14 17 25 14 17 24 20 24   17 18 13 18 23 18 16 24 23 18   21 17 17 23 16 18 16 16 16 16   
 45a  16 16 19 23 16 17 19 20 17 21   20 17 18 16 15 18 16 16 16 20   15 18 18 12 13 18 15  8 18 13   10 15 18 17 16 23 13 17 13 16   
 45b  16 21 16 16 20 15 18 19 22 17   22 21 17 21 20 15 17 16 21 20   16 18 26 22 20 21 17 22 18 21   26 19 17 19 19 15 16 16 16 16   
 46a  16 16 20 16 18 21 19 16 19 19   17 19 21 18 16 17 15 16 19 20   17 18 13 19 15 13 13 20 19 14   18 12 13 13 13 18 16 15 16 16   
 46b  14 14 16 17 24 14 14 14 21 20   24 19 23 18 23 17 16 13 20 15   19 20 18 18 17 19 19 26 21 18   24 22 16 20 22 20 16 16 16 16   
 47a  16 16 21 17 25 22 14 15 16 14   18 15 19 17 17 19 15 16 13 20   15 16 13 15 13 15 11 15 13 14   18 17 14 17 17 16 15 16 10 15   
 47b  17 13 20 14 21 19 16 19 17 20   18 22 25 24 19 20 16 20 17 20   16 14 14 18 22 20 18 19 15 17   14 17 19 18 19 21 16 16 16 16   
 48a  16 16 24 16 15 18 19 19 19 21   17 22 21 21 16 16 14 16 16 17   24 19 10 17 16 15 16 14 13 18   14 14 16 19 13 15 18 15 10 13   
 48b  13 16 15 19 15 19 16 22 17 15   21 15 21 16 19 20 16 19 17 25   19 21 18 24 25 22 15 21 21 18   20 19 23 15 19 15 16 16 16 16   
 49a  16 16 20 16 17 18 16 16 15 20   16 18 16 17 16 12 15 17 15 17   12 12 18 19 21 14 12 17 13 15   14 24 11 14 15 16 16 12 16 20   
 49b  21 14 16 20 15 15 18 17 18 17   22 16 16 16 16 21 15 19 19 20   21 27 22 19 20 18 20 24 16 18   16 18 20 18 16 19 16 16 16 16   
 50a  16 16 20 15 22 18 18 14 13 17   18 14 19  9 20 18 15 16 15 15   12 17 12 17 16 12 19 17 17 15   18 18 19 15 16 17 14 19 15 17   
 50b  14 22 15 14 16 13 16 17 16 19   20 14 16 20 16 13 10 17 21 19   14 21 22 22 17 20 19 21 21 20   16 17 13 20 16 24 16 16 16 16   
 51a  16 16 15 17 18 26 19 14 23 18   20 15 14 17 16 17 19 16 17 16   13 14 16 14 13 15 16 20 11 14   19 16 20 20 16 17 17 22 15 14   
 51b  16 14 11 14 24 23 19 16 23 20   23 21 23 15 22 18 20 20 18 17   22 19 20 21 16 23 20 20 15 30   17 20 21 18 17 18 16 16 16 16   
 52a  16 16 16 19 14 24 17 18 19 23   17 16 16 15 18 13 18 14 14 13   16 16 14 16 16 15 14 17 12 10   13 14  9 16 19 18 18 17 11 15   
 52b  22 12 15 16 20 20 23 16 18 21   17 17 22 16 23 18 14 15 20 15   23 13 18 16 23 21 21 24 15 23   18 20 18 18 22 20 16 16 16 16   
 53a  16 16 19 17 18 12 20 18 16 15   22 14 18 13 19 10 16 12 16 18   13 14 16 15 16 19 13 12 17 18   17 12 18  9 18 15 18 17 17 19   
 53b  10 19 14 12 22 17 24 15 22 22   14 20 21 19 22 22 21 16 17 18   23 14 21 17 21 19 15 18 16 15   21 14 18 15 20 18 16 16 16 16   
 54a  16 16 17 17 17 20 18 24 17 17   16 22 18 20 14 16 17 17 17 16   13 23 16 17 18 14 17 11 16 13   18 18 15  9 12 22 17 14 16 17   
 54b  19 17 18 14 16 20 21 22 21 19   17 14 18 23 21 21 20 20 24 23   25 22 18 21 21 15 17 19 16 16   16 20 18 23 21 20 16 16 16 16   
 55a  16 16 16 17 22 21 19 18 13 19   18 19 19 18 16 21 16 20 15 21   12 19 20 23 19 13 15 22 15 14   12 18 16 10 14 17 17 15 13 20   
 55b  20 14 17 19 20 18 21 19 20 18   22 19 18 19 16 20 23 17 21 17   19 17 23 23 16 20 18 20 24 24   16 16 23 20 19 18 16 16 16 16   
 56a  16 16 19 17 15 18 20 20 15 24   19 15 16 20 15 15 17 16 17 19   14 14 20 14 15  9 19 13 16 15   17 21 11 13 19 15 14 13 16 14   
 56b  14 19 18 19 16 17 19 20 18 24   16 14 17 20 20 18 12 18 19 18   19 18 17 25 17 19 17 18 20 19   16 19 24 21 26 22 16 16 16 16   
 57a  16 16 16 16 12 15 23 18 16 12   20 16 16 19 20 17 15 19 11 18   18 20 16 17 12 17 21 20 17 18   15 18 16 21 15 14 16 20 20 16   
 57b  23 16 10 12 15 13 23 16 24 21   13 24 20 24 19 13 24 20 18 16   19 23 19 22 18 23 20 21 17 18   22 18 16 16 18 25 16 16 16 16   
 58a  16 16 21 15 20 15 19 21 18 15   10 19 17 21 11 18 18 16 18 16   18 19 19 17 20 17 11 18 17 20   16 17 12 19 17 14 15 13 17 22   
 58b  16 17 20 20 17 21 14 14 15 14   25 21 19 19 22 25 19 18 12 13   19 16 22 18 14 17 16 21 25 19   18 20 27 18 17 15 16 16 16 16   
 59a  16 16 17 25 19 17 18 21 18 16   14 24 19 18 15 16 13 12 15 13   19 16 17 18 13 12 16 16 13 13   16 10 21 14 16 16 14 14 17  9   
 59b  11 17 17 14 15 17 16 19 15 20   18 19 16 22 17 18 17 16 21 15   19 12 18 15 18 20 19 20 21 19   24 16 21 21 17 14 16 16 16 16   
 60a  16 16 17 14 18 16 17 13 24 13   18 17 19 21 18 14 16 19 15 19   18 16 15 14 10 12 13 14 15 15   14 16 20 14 15 12 18 21 17 19   
 60b  23 19 22 18 20 22 19 20 20 19   15 13 23 17 18 20 26 18 18 20   14 21 15 15 24 17 14 14 18 22   18 14 26 17 20 21 16 16 16 16   
 61a  16 16 18 19 15 15 20 17 17 22   21 20 18 18 16 18 21 21 14 12   12 15 19 22 12 14 16 16 16 13   16 13 16 17 14 19 19 17 16 22   
 61b  21 21 20 19 16 21 20 15 18 21   20 24 20 18 18 22 19 22 17 24   15 22 18  9 18 14 20 21 19 21   23 21 19 23 19 23 16 16 16 16   
 62a  16 16 15 20 21 19 14 19 16 17   15 20 17 18 15 19 16 16 18 15   13 19 13 15 17 11 18 11 12 18   17 18 18 12 18 12 23 10 16 13   
 62b  12 22 16 18 18 20 16 18 20 22   17 19 15 25 24 15 17 27 20 20   17 17 16 19 20 21 17 19 23 16   23 22 21 18 20 22 16 16 16 16   
 63a  16 16 18 12 19 22 19 20 19 13   19 19 14 23 17 16 23 15 22 16   15 14 18 15 16 17 15 15 22 13   11 17 10 14 18 19 13 16 14 15   
 63b  15 21 15 21 20 18 18 17 21 19   15 21 19 22 16 23 20 19 18 17   14 14 14 17 15 20 26 20 24 24   24 16 23 23 17 19 16 16 16 16   
 64a  16 16 17 15 15 19 26 16 15 15   21 15 17 20 25 17 19 14 12 16   11 14 19 19 16 15 16 11 19 16   15 18 12 20 18 23 18 18 19 19   
 64b  20 24 19 20 15 20 22 17 19 19   16 19 15 18 23 18 16 15 17 18   20 21 19 20 20 22 19 18 26 19   14 25 20 16 17 19 16 16 16 16   
 65a  16 16 21 15 18 15 23 16 22 14   17 18 15 18 17 13 16 12 15 14   18  9 12 14 13 21 18 15 15 14   13 18 18 20 17 17 17 15 17 14   
 65b  17 18 16 22 18 16 25 20 17 16   23 15 19 20 13 16 18 19 21 15   22 20 14 26 23 19 16 15 14 21   16 21 19 17 19 21 16 16 16 16   
 66a  16 16 22 24 16 18 14 15 22 20   24 13 15 16 12 20 20 16 13 12   18 18 18 20 22 14 15 16 17 15   12 14 15 17 20 19 17 13 19 15   
 66b  18 16 22 15 24 16 19 21 19 14   13 16 23 18 13 22 18 17 20 20   23 20 18 22 21 20 18 18 20 19   17 19 16 13 16 21 16 16 16 16   
 67a  16 16 23 20 17 17 15 17 20 23   15 21 18 21 22 13 16 18 18 16   17 18 14 17 15 10 18 15 17 14   16 17 19 19 20 17 14 13 22 15   
 67b  15 15 17 19 16 13 18 20 16 21   20 23 12 15 16 16 19 12 22 23   22 16 17 23 18 15 22 21 21 19   20 20 17 25 21 20 16 16 16 16   
 68a  16 16 15 21 23 19 19 20 19 19   13 15 23 15 16 18 20 19 23 12   20 19 17 19 14 18 18 19 13 14   14 17 13 20 15 19 15 17 20 13   
 68b  18 22 19 15 24 16 21 22 28 22   14 26 16 18 17 21 17 18 17 21   19 18 18 19 18 22 18 21 20 16   20 20 19 19 23 15 16 16 16 16   
 69a  16 16 19 20 25 20 14 14 15 16   22 16 17 19 18 17 18 16 17 15   14 16 18 13 21 16 15 13 13 19   14 19 22 18 16 21 14 14 18 21   
 69b  21 16 17 16 19 17 17 24 19 14   13 18 17 20 17 15 17 19 16 15   17 23 20 16 20 21 18 20 22 27   20 23 18 19 19 15 16 16 16 16   
 70a  16 16 18 13 13 23 13 13 19 20   18 21 20 15 15 18 15 17 20 14   19 15 16 18 18 17 13 17 10 17   23 10 15 11 18 20 18 14 11 16   
 70b  18 21 15 15 19 19 19 16 17 15   17 17 21 16 13 16 16 15 20 18   17 19 15 20 17 19 19 14 13 13   22 21 18 20 16 16 16 16 16 16   
 71a  16 16 19 18 18 18 21 16 14 18   18 19 19 24 17 18 16 25 21 12   19 13 17 21 16 24 17 19 12 17   13 17 17 18 15 22 14 12 16 14   
 71b  19 19 22 18 16 18 11 19 21 19   17 14 14 18 21 14 14 14 18 16   21 20 13 13 21 21 21 17 23 23   16 17 18 19 18 18 16 16 16 16   
 72a  16 16 15 17 17 24 16 16 17 18   15 15 17 18 23 15 18 13 20 13   16 16 21 19 16 14 16 15 14 13   22 20 10 20 18 14 16 20 22 20   
 72b  16 17 22 18 16 16 16 17 21 17   19 15 16 21 23 15 18 18 20 11   17 24 21 24 25 12 19 19 26 22   15 21 23 18 21 16 16 16 16 16   
 73a  16 16 18 18 16 21 22 17 15 20   21 19 17 21 15 21 18 23 10 17   20 20 10 19 22 16 16 18 14 16   18 18 19 13 18 19 15 13 22 21   
 73b  18 19 20 19 19 12 15 19 22 19   16 16 12 19 18 17 20 22 23 24   18 21 13 17 21 17 16 24 24 19   21 17 19 24 21 22 16 16 16 16   
 74a  16 16 17 22 19 16 13 20 21 15   15 16 15 15 16 18 16 18 15 19   11 13 14 16 19 23 19 18 17 12   17 19 15 20 23 15 13 23 20 12   
 74b  15 20 18 18 19 20 19 16 23 17   19 22 15 12 18 15 17 27 26 22   19 18 16 16 18 23 17 19 16 17   15 18 28 16 14 18 16 16 16 16   
 75a  16 16 20 17 15 20 22 18 15 16   17 18 17 23 16 22 16 20 23 12   15 19 21 15 12 19 19 17 15 13   15 15 15 15 19 14 17 16 17 14   
 75b  13 20 16 17 17 18 19 17 18 21   15 16  9 20 11 16 17 22 18 19   19 21 16 19 16 20 19 17 17 22   18 18 20 22 16 19 16 16 16 16   
 76a  16 16 19 16 17 19 14 19 19 17   17 22 19 17 15 16 16 13 12 14   21 12 16 14 13 16 20 15 13 16   15 19 16 15 20 20 17 14 17 19   
 76b  15 16 17 18 15 15 14 24 17 16   22 19 18 17 16 15 17 19 18 23   20 21 20 16 19 24 16 24 19 19   23 22 12 23 21 16 16 16 16 16   
 77a  16 16 18 15 16 19 18 16 16 16   18 16 21 18 19 17 16 10 18 18   15 15 16 10 11 21 20 12 14 13   13 10 14 12 14 19 19 19 14 18   
 77b  12 17 14 22 15 15 13 19 17 19   21 18 19 22 20 20 15  8 21 17   21 18 17 15 19 20 22 17 17 17   18 15 18 17 17 15 16 16 16 16   
 78a  16 16 16 13 20 15 23 15 21 16   14 20 22 18 13 21 16 17 19 19   17 19 17 20  9 10 16 17 13 17   16 12 17 18 19 12 20 16 19 21   
 78b  16 13 19 24 22 15 15 15 20 19   19 22 13 17 16 18 20 16 16 20   20 22 22 21 16 16 18 21 13 23   16 20 16 19 25 24 16 16 16 16   
 79a  16 16 22 17 20 17 19 20 17 15   14 14 17 15 19 16 14 17 24 15   13 10 16 14 17 18 20 11 16 19   16 14 14 21 15 13 18 22 18 14   
 79b  16 20 17 15 11 20 20 19 22 17   20 23 19 18 15 19 17 19 22 22   25 18 22 21 19 20 20 18 21 19   16 18 16 25 18 17 16 16 16 16   
 80a  16 16 21 18 18 16 15 18 15 16   15 18 18 20 21 13 19 21 17 18   14 15 18 19 16 20 16 18  7 10   19 16 17 22 11 17 13 15 10 20   
 80b  11 18 18 16 17 19 19 20 19 20   20 23 22 18 22 16 19 23 20 22   18 18 22 19 22 17 14 18 20 16   23 19 18 18 23 24 16 16 16 16   
 81a  16 16 20 19 18 16 22 18 17 20   23 20 19 17 12 20 22 16 19 12   19 16 16 13 19 17 13 11  7 23   16 14 18 14 17 19 15 19 15 14   
 81b  19 18 15 19 18 18 15 22 21 19   16 19 12 23 22 20 14 21 20 21   19 17 18 21 22 15 19 20 18 17   21 18 19 19 17 22 16 16 16 16   
 82a  16 16 18 24 23 12 19 16 22 19   16 20 19 21 15 16 21 15 20 18   16 15 18 14 23 17 19 11 15 19   14 20 13 13 20 17 19 16 18 14   
 82b  16 20 15 21 18 17 17 17 17 16   15 16 15 14 17 17 15 21 16 18   23 23 15 22 16 14 26 20 18 19   23 20 17 21 21 24 16 16 16 16   
 83a  16 16 19 19 23 17 17 21 16 16   20 19 21 22 19 18 16 17 12 20   17 10 18 13 17 14 13 14 16 17   18 13 14 22 14 16 16 13 13 20   
 83b  12 18 13 15 19 16 18 18 17 15   22 18 13 12 16 16 21 15 17 23   21 18 17 22 18 15 14 21 20 19   22 17 18 20 19 22 16 16 16 16   
 84a  16 16 19 19 24 20 16 23 18 16   15 16 19 19 20 13 15 19 21 10   20 10 15 18 17 20 17 15 14 15   20 20 18 19 16 18 18 21 16 16   
 84b  16 15 15 22 16 13 17 11 20 15   20 14 16 20 16 15 21 20 15 18   21 21 21 17 16 14 23 22 21 13   24 14 19 25 15 15 16 16 16 16   
 85a  16 16 21 15 16 20 24 16 17 16   19 20 11 19 20 14 19 20 17 17   17 13 19 14 12 18 16 19 17 17   18 17 12 16 21 16 13 16 17 19   
 85b  17 16 19 15 15 24 22 14 21 18   25 21 17 15 19 17 20 26 14 18   24 17 19 19 22 16 16 18 20 20   21 21 21 18 18 19 16 16 16 16   
 86a  16 16 23 23 14 21 22 17 18 16   12 18 13 15 15 15 17 11 18 16   23 16 17 14  9 11 10 13 16 16   21 17 13 16 18 17 18 17 16 20   
 86b  16 13 13 16 15 24 24 19 21 20   20 19 18 20 16 13 23 16 18 19   15 16 20 20 18 22 17 23 23 21   22 20 14 18 16 15 16 16 16 16   
 87a  16 16 18 21 19 15 20 13 22 22   20 16 16 15 17 17 12 17 18 15   22 19 17 21 19 14 16 15 16 16   18 13 18 14 19 17 14 17 20 11   
 87b  17 17 17 15 20 21 20 19 22 17   18 23 17 19 17 19 21 21 15 13   23 15 15 18 17 16 18 18 17 21   20 16 20 23 18 24 16 16 16 16   
 88a  16 16 24 19 19 19 17 18 17 15   14 20 18 21 20 14 19 16 13 11   14 18 14 20 12 15 21 17 18 13   15 17 19 23 17 22 17 17 17 16   
 88b  16 18 17 12 22 17 17 19 17 22   21 19 17 26 22 19 18 24 19 17   22 18 21 20 15 18 18 17 17 21   18 21 25 21 16 15 16 16 16 16   
 89a  16 16 15 16 19 24 21 18 14 15   20 25 16 18 15 16 24 19 14 15   17 18 20 17 16 16 14 17 16 16   12 15 11 14 17 12 16 10 13 18   
 89b  19 20 21 19 13 13 17 17 21 16   25 22 16 18 17 15 19 15 16 22   13 18 16 19 14 25 21 18 19 17   18 13 19 19 15 19 16 16 16 16   
 90a  16 16 21 19 16 21 20 12 20 12   22 21 21 18 16 18 18 14 13 13   11 18 17 20 14 24 15  9 19 17   18 12 20 10 19 15 14 21 15 21   
 90b  17 21 16 19 17 17 22 17 19 25   20 26 23 21 20 16 21 21 18 15   14 19 18 14 23 22 23 21 19 18   17 19 17 24 19 21 16 16 16 16   
 91a  16 16 23 14 16 23 17 11 16 17   17 13 16 21 13 19 22 16 15 14   14 19 17 18 14 13 17 18 14  7   22 16 21 17 14 19  9 20 17 17   
 91b  15 18 12 15 18 16 16 25 13 13   21 20 14 25 20 17 15 16 19 22   19 16 16 18 15 22 14 16 21 17   16 14 25 15 18 17 16 16 16 16   
 92a  16 16 17 19 27 21 25 22 20  9   15 17 20 19 17 19 18 16 18 12   13 17 17 19 16 16 13 19 16 13   13 12 17 20 20 14 13 12 13 14   
 92b  20 15 20 19 17 18 12 22 15 22   15 19 20 17 17 20 19 18 18 28   21 20 23 14 21 20 18 16 22 18   19 15 24 20 15 18 16 16 16 16   
 93a  16 16 19 23 16 28 17 17 21 14   16 15 17 23 19 13 19 20 18 15   17 13 13 17 29 10 13 17 10 17   11 19 13 16 22 22 18 20 23 19   
 93b  13 17 16 16 20 20 14 18 16 12   19 16 17 18 13 13 22 20 18 19   19 16 15 20 21 17 15 23 16 22   18 21 17 15 14 15 16 16 16 16   
 94a  16 16 22 16 18 19 20 17 15 21   15 16 14 22 16 15 19 20 13 19   14 16 14 16 17 14 18 20 15 15   16 18 17 17 10 17 14 13 12 16   
 94b  16 18 18 18 15 17 22 16 18 17   16 18 14 20 16 15 18 20 19 21   22 19 21 19 18 21 15 14 15 22   20 20 21 19 22 21 16 16 16 16   
 95a  16 16 21 22 15 18 15 20 16 19   20 15 21 17 15 16 17 23 20 22   17 11 15 18 16  7 15 14 12 15   14 12 16 17 14 25 16 22 17 16   
 95b  16 20 19 16 19 13 15 17 16 16   19 24 13 19 18 18 24 18 24 14   20 15 19 22 20 14 23 20 17 20   24 13 13 20 14 16 16 16 16 16   
 96a  16 16 18 15 14 13 24 17 17 16   16 27 18 18 14 14 15 14 13 19   19 14 16 16 12 14 12 21 13 16   13 18 17 11 15 14 16 19 19 16   
 96b  14 21 15 16 12 18 20 19 18 17   17 18 21 18 18 23 12 16 17 12   18 19 23 19 23 15 18 20 19 20   22 13 19 17 20 18 16 16 16 16   
 97a  16 16 17 16 23 16 18 12 18 19   19 16 16 19 20 15 20 16 16 17   16 15 14 14 16  9 15 20 17 15   19 21 17 19 19 16 15 14 15 21   
 97b  11 15 20 16 10 14 22 17 18 17   18 19 19 13 16 18 18 17 16 21   19 19 14 22 21 16 19 16 19 24   16 20 21 18 18 21 16 16 16 16   
 98a  16 16 18 25 15 14 15 18 16 16   20 16 21 21 15 18 14 18 16 18   10 11 15 17 12 12 14 14 13 15   14 15 14 14 16 20 11 16 13 18   
 98b  13 16 13 11 22 15 16 19 20 18   15 18 20 15 19 22 15 13 17 14   18 21 20 17 24 18 23 22 19 16   20 21 16 21 15 16 16 16 16 16   
 99a  16 16 14 25 19 20 14 20 14 18   20 15 16 20 19 23 16 18 16 17   18 18 18 15 16 15 16 19 13 21   15 15 18 13 21 19 15 16 22 16   
 99b   9 19 19 16 23 19 20 17 16 20   19 15 18 21 17 12 19 23 15 18   18 22 16 15 19 17 15 24 27 17   15 18 22 17 16 22 16 16 16 16   
100a  16 16 25 17 22 16 19 18 21 20   18 15 20 17 16 16 13 15 16 15   18 12 16 19 14 12 14 17 13 14   20 16 14 13 15 13 16 14 17 15   
100b  15 18 17 19 17 18 20 16 15 17   15 18 21 20 20 14 20 24 20 22   26 22 17 19 20 20 17 21 18 23   23 20 13 22 20 24 16 16 16 16   
101a  16 16 18 19 15 20 24 21 15 20   16 17 13 25 17 17  9 14 20 12   15 15 20 14 23 18 13 17 13 19   14 16 13 17 16 19 11 14 15 13   
101b  19 23 16 22 19 19 19 17 20 20   21 19 17 20 20 14 13 16 15 16   15 15 18 18 22 18 18 16 21  8   18 19 20 14 21 18 16 16 16 16   
102a  16 16 18 21 21 16 15 22 17 21   19 18 20 16 14 19 16 14 15 15    9 16 18  8 13 13 18 17 14 21   11 17 16 18 16 19 19 21 17 16   
102b  12 13 20 15 17 22 13 15 20 20   23 21 24 20 18 16 15 18 17 20   21 18 21 15 14 18 17 18 25 20   21 20 15 20 13 11 16 16 16 16   
103a  16 16 17 19 19 17 18 16 23 15   16 19 24 21 15 16 12 16 11 15   16 17 14 12 13 11 14 12 14 15   12 18 18 14 17 17 16 21 15 16   
103b  23 14 16 14 18 13 17 20 18 20   16 26 17 23 21 20 20 18 19 17   14 27 18 18 17 15 17 25 17 19   21 20 19 15 17 16 16 16 16 16   
104a  16 16 22 21 17 18 17 15 16 14   13 20 17 23 17 16 19 19 20  9    6 18 11 15 14 14 12 19 12 19   13 14 15 17 14 15 18 18 18 17   
104b  10 17 19 17 16 16 15 21 17 22   19 16 20 19 13 14 18 14 13 17   19 16 19 19 15 16 16 17 24 20   15 22 17 21 24 19 16 16 16 16   
105a  16 16 16 21 13 18 17 18 19 20   13 16 16 17 16 17 15 23 10 14   14 12 20 15 13 15 14 19 13 12   18 11 19 15 21 13 18 10 16 13   
105b  18 22 14 15 18 19 17 20 23 21   20 17 19 17 22 16 18 25 19 18   18 17 15 18 15 15 20 21 21 14   18 23 18 17 20 16 16 16 16 16   
106a  16 16 19 21 15 18 14 12 20 17   14 17 21 20 19 21 16 15 14 20   16 18 22 19 17 19 19 12 13 17   20 17 10 12 31 17 18 17 16 14   
106b  24 18 18 21 14 26 20 12 18 20   17 18 16 23 19 13 17 19 16 17   22 17 18 19 17 15 20 19 16 18   24 24 19 16 19 19 16 16 16 16   
107a  16 16 24 19 15 18 18 17 15 14   18 17 15 18 23 20 19 15 17 14   18 16 18 18 23 12 15 16 13 18   18 18 13 16 19 14 16 17 18 18   
107b  17 12 15 12 18 20 22 19 17 21   19 17 19 18 17 21 22 19 22 19   17 16 20 15 19 15 18 18 20 21   17 19 18 26 16 21 16 16 16 16   
108a  16 16 13 21 19 22 21 17 17 16   16 19 21 15 16 14 14 17 14 15   13 17 16 19 17 24 19 13 21 11   17 20 17 11 18 12 14 12 15  9   
108b  16 17 16 18 16 19 18 17 15 16   16 16 18 21 19 17 19 16 19 21   19 19 19 17 19 17 22 21 17 19   19 16 24 12 18 18 16 16 16 16   
109a  16 16 17 24 22 15 17 17 20 19   17 17 15 17 14 14 11 14 16 12   16 16 18 11 14 16 20 17 16 15   11 13 11 11 15 19 14 18 12 16   
109b  17 20 14 16 14 20 14 14 14 13   18 14 14 16 18 22 17 24 18 22   16 18 22 18 15 15 18 18 17 19   16 23 19 22 20 21 16 16 16 16   
110a  16 16 24 23 14 20 19 15 15 16   18 12  9 19 16 15 15 20 14 18   12 11 14 13 12 17 14 12 14 16   16 14 14 12 17 12 17 20 17 15   
110b  22 13 17 18 18 19 20 19 17 21   24 21 16 17 15 20 20 16 13 19   16 12 18 18 20 16 19 16 14 17   18 20 19 18 16 15 16 16 16 16   
111a  16 16 17 19 20 20 15 21 20 22   22 16 20 16 24 17 20 17 16 14   16 17 18 12 14 18 12 14 15 17   17 16 17 17 16 16 13 18 19 18   
111b  14 13 18 20 17 14 20 20 19 19   18 20 18 22 23 22 16 15 14 15   24 25 17 14 17 15 21 21 16 18   20 18 14 25 17 21 16 16 16 16   
112a  16 16 16 24 20 16 19 21 18 22   14 20 16 18 15 19 18 16 14 17   14 16 16 17 13 16 22 16 17 18   22 17 19 16 18 12 15 12 14 15   
112b  16 16 13 15 16 22 16 11 18 17   18 19 18 15 18 21 21 21 20 13   11 22 19 26 19 17 21 22 18 26   16 17 18 16 11 22 16 16 16 16   
113a  16 16 18 17 20 17 17 14 21 15   17 14 14 14 17 18 19 16 17 17   10 21 18 16 11 12 11 12 15 21   22 23 16 14 15 14 13 12 14 19   
113b  20 16 21 18 14 20 16 20 18 24   17 28 22 21 20 17 19 19 19 19   19 20 21 28 20 19 18 10 18 20   20 23 16 19 17 19 16 16 16 16   
114a  16 16 16 13 19 21 20 19 16 29   15 17 19 21 16 17 18 17 16 11   15 15 19 16 15 16 14 19 15 14   20 11 15 15 13 14 16 16 12 22   
114b  19 17 17 20 15 20 20 18 16 17   19 24 23 20 18 21 19 14 15 19   18 21 16 21 19 15 23 16 18 18   17 16 18 18 19 16 16 16 16 16   
115a  16 16 21 15 16 22 18 13 16 17   18 13 20 15 17 15 18 17 16 15   17 17 19 17 11 14 16 15 12 13   21 15 16 19  9 19 16 15 18 16   
115b  12 15 17 13 17 20 16 17 16 19   16 18 17 17 19 19 20 20 14 20   22 22 22 15 23 19 16 21 19 21   19 17 16 20 15 13 16 16 16 16   
116a  16 16 16 17 16 17 15 12 16 22   15 14 19 20 21 18 13 19 13 17   15 18 23 13 14 16 18 18 15  9   22 21 11 14 17 19 19 14 19 18   
116b  13 16 19 19 17 22 18 16 18 16   22 18 18 18 17 18 13 15 15 19   20  9 13 20 14 17 17 15 22 19   17 17 21 12 20 20 16 16 16 16   
117a  16 16 18 19 18 13 16 21 18 11   20 15 19 16 17 19 15  6 16 18   20 18 14 19 18 11 14 15 16 17   17 14 11 13 15 13 10 13 15 17   
117b  17 18 17 21 20 18 18 24 18 21   14 20 15 17 20 17 15 25 18 20   11 15 13 18 16 15 19 22 19 18   18 14 21 20 21 18 16 16 16 16   
118a  16 16 19 19 23 20 16 16 16 18   17 20 21 15 15 14 12 12 13 16   16 13 19 14 19 12 14 13 15 16   21 12 16 12 14 21 20 16 17 15   
118b  18 19 15 18 14 21 14 22 17 19   17 20 22 14 19 15 21 17 15 15   15 17 16 23 20 16 24 18 15 20   15 19 19 20 21 16 16 16 16 16   
119a  16 16 19 12 15 22 15 13 15 20   17 25 18 16 11 16 16 30 13 16    8 16 20 11 16 12 21 21 16 17   20 18 13 12 20 12 12  9 15 15   
119b  15 20 16 18 19 20 15 17 20 12   17 16 14 11 19 20 16 15 20 18   18 16 17 23 20 17 16 16 16 15   14 22 22 15 18 16 16 16 16 16   
120a  16 16 18 21 18 20 19 23 16 17   15 17 19 18 24 16 14 17 18 16   19 14 16 13 16 16 25 22 16 17   13 16 15 19 21 16 14 17 13 15   
120b  17 24 17 19 14 19 16 19 18 16   23 18 16 17 18 19 20 16 24 22   18 25 19 18 17 20 19 20 19 19   29 19 12 21 20 21 16 16 16 16   
121a  16 16 16 22 16 17 22 13 16 15   15 13 19 19 13 10 14 22 11 14   14 15 14 13 13 16 16 21 12 16   18 18 18 20 12 25 13 21 18 20   
121b  16 20 15 20 18 16 24 17 16 22   20 18 14 21 17 16 14 25 21 16   24 13 17 16 20 18 20 19 11 22   18 16  9 18 16 17 16 16 16 16   
122a  16 16 16 19 17 17 24 17 14 15   11 19 16 16 12 18 14 16 17 18   14 16 15 13 12 22 21 21 17 21   15 18 15 16 13 22 16 17 23 14   
122b  13 15 16 16 17 13 15 22 18 16   20 16 19 20 17 18 22 21 17 19   24 21 17 18 16 19 21 18 19 16   18 16 14 20 22 18 16 16 16 16   
123a  16 16 19 26 22 21 12 18 13 19   17 15 17 15 17 20 19 18 17 18   11 13 16 18 19 20 18 15 16 17   13 16 14 16 21 15 21 12 13 20   
123b  17 13 15 17 15 22 16 16 18 18   23 13 17 16 18 16 17 17 19 20   18 22 15 19 20 14 19 19 18 16   19 18 16 19 19 15 16 16 16 16   
124a  16 16 17 16 19 15 22 18 23 20   19 12 16 20 13  9 15 18 13 20   13 16 14 16 17 18 18 18 15 18   16 18 11 13 16 18 17 22 17 14   
124b  18 17 16 13 23 16 19 20 16 17   16 17 21 18 14 15 20 23 15 18   18 13 19 17 18 14 15 18 22 23   18 18 17 12 20 13 16 16 16 16   
125a  16 16 22 16  9 22 22 16 14 17   19 16 19 16 18 10 17 22 15 15   14 13 16 16 16 16 17 18 14 12   12 16 18 20 17 17 16 16 18 13   
125b  15 15 15 16 20 14 22 21 17 17   21 19 18 18 20 17 15 17 21 20   19 15 16 23 16 15 15 20 15 18   11 18 21 18 17 26 16 16 16 16   
126a  16 16 16 20 23 24 19 25 18 12   11 18 16 19 17 13 19 11 15 10   17 16 15 14 14 13 10 10 17 11   14 19 18 19 14 19 15 17 22 21   
126b  14 18 17 19 17 27 17 23 13 20   16 20 17 16 18 19 14 17 15 16   19 14 19 18 25 22 18 16 13 18   15 18 17 19 19 20 16 16 16 16   
127a  16 16 19 22 20 19 16 20 16 21   18 12 23 16 21 20 15 16 18 20   16 12 20 17 21 16 12 14 17 13   16 11 17 16 15 20 16 20 19 16   
127b  14 17 13 14 23 19 21 16 17 21   18 17 11 11 22 22 19 21 20 16   19 21 17 15 22 19 17 15 18 16   16 16 16 21 16 15 16 16 16 16   
128a  16 16 17 17 24 19 18 19 19 22   14 14 23 16 15 16 21 18 19 20   11 17 14 13 17  9 20 19 13 15    8 15 17 22 15 20 14 15 18 20   
128b  20 18 15 16 13 22 17 16 17 17   16 14 19 15 20 20 15 12 16 20   18 17 19 17 24 19 21 16 19 18   17 24 15 18 12 14 16 16 16 16   
129a  16 16 19 20 13 20 19 12 17 16   14 20 16 17 18 19 15 20 15 17   21 15 13 17 22 16 14 16 15 20   19 19 17 18 12 12 19 15 14 16   
129b  13 14 17 17 19 19 19 20 21 27   16 19 17 12 15 17 14 18 18 22   11 22 18 19 13 23 16 22 16 24   22 24 14 19 16 15 16 16 16 16   
130a  16 16 16 20 17 15 18 14 16 13   19 18 15 18 16 16 13 17 17 14   16 17 22 22 14 15 21 16 21 16   18 13 18 12 19 13 19 18 21 17   
130b  14 15 13 19 15 14 17 15 18 16   19 16 21 20 20 19 17 14 16 20   18 19 17 20 23 19 17 24 16 17   16 17 16 21 12 20 16 16 16 16   
131a  16 16 19 18 16 17 21 17 14 19   20 19 19 17 18 16 16 15 15 13   19 18 13 18 18 14 16 18 12 12   13 18 11 15 19 20 18 12 16 12   
131b  15 21 16 21 17 19 21 17 17 17   15 20 22 18 16 19 17 14 16 17   21 19 15 17 13 18 19 12 15 14   20 16 16 22 18 16 16 16 16 16   
132a  16 16 14 18 25 13 16 16 14 21   16 26 20 19 16 17 12 18 18 17   17 12 13 16 20 23 19 15 18 11   17 21 20 13 19 11 15 24 18 16   
132b  19 19 17 22 17 25 20 18 18 14   19 14 17 19 14 16 19 21 20 19   22 22 20 16 18 11 12 19 17 21   17 18 18 17 16 24 16 16 16 16   
133a  16 16 15 22 16 24  9 20 17 13   15 15 19 19 17 18 23 11 11 18   23 19 14 19 13 13 19 13 16 17   20 21 11 17 21 17 13 14 20 20   
133b  18 22 16 18 20 21 21 14 19 15   10 24 21 19 18 18 15 20 17 21   18 18 21 19 19 17 19 16 24 19   16 16 23 25 19 13 16 16 16 16   
134a  16 16 10 18 20 16 22 15 13 14   18 20 11 19 17 14 16 16 16 12   18 16  7 20 15 13 17 14 12 21   15 18 18 16 15 16 13 18  9 14   
134b  16 18 10 23 22 18 18 14 19 17   19 18 14 24 19 20 12 17 20 19   19 20 18 16 19 21 13 27 13 12   16 15 20 18 16 18 16 16 16 16   
135a  16 16 19 19 18 12 19 22 17 17   18 20 17 19 14 12 15 17 20 15   18 16 17 17 14 16 15 16 15 13   11 21 15 17 11 20 18 16 21 15   
135b  19 16 17 16 18 19 21 14 21 20   21 24 17 14 16 19 23 18 17 22   17 21 15 16 19 11 17 17 17 16   20 18 22 19 16 22 16 16 16 16   
136a  16 16 15 21 15 16 15 17 26 15   17 20 14 20 20 14 17 16 18 13   21 14 19 18 20 20 17 15 14 10   17 12 15 15 21 19 18 18 17 19   
136b  15 16 17 20 10 15 15 16 20 20   21 18 21 20 19 25 15 22 12 24   19 19 16 14 20 15 16 19 18 21   17 15 15 22 22 15 16 16 16 16   
137a  16 16 21 20 16 22 16 16 17 20   19 16 16 12 17 15 12 11 12 19   17 15 18 19 16 19 16 16 13 16   18 20 11 19 13 14 14 20 18 21   
137b  22 18 20 16 19 15 14 21 17 26   16 19 17 16 24 23 16 17 15 20   11 14 12 16 14 17 23 22 20 21   18 14 17 19 18 17 16 16 16 16   
138a  16 16 17 16 18 18 20 25 23 20   18 15 20 15 15 19 19 18 19 19   16 19 19 13 15 19 12 19  9 15   17 16 14 14 23 18 17 15 18 17   
138b  17 19 12 19 17 17 15 12 21 19   21 16 18 18 16 17 25 20 15 15   14 19 16 15 19 19 21 19 18 21   23 15 17 19 20 20 16 16 16 16   
139a  16 16 14 16 15 20 19 18 17 24   20 15 19 17 13 16 18 23 14 15   16 15 12 17 15 15 15 19 20 16   15 12 17 22 12 19 18 11 17 17   
139b  17 20 15 13 10 18 22 18 18 23   19 13 15 16 18 22 13 23 19 20   16 23 18 16 19 17 20 21 22 24   22 17 16 19 10 13 16 16 16 16   
140a  16 16 18 19 22 16 14 13 23 20    9 16 15 19 15 16 15 14 15 15   16 12 19 18 16 14 16 21 12 10   18 18 18 19 19 16 18 12 16 18   
140b  16 12 22 23 20 17 21 20 24 21   16 17 15 16 20 14 15 19 20 20   18 11 15 21 17 17 14 18 18 18   19 22 19 14 16 20 16 16 16 16   
141a  16 16 22 19 21 18 19 17 16 13   14 18 18 25 20 18 22 15 14 16   13 14 16 16  9 17 17 21 20 14   19 10 15 15 21 15 18 15 12 11   
141b  10 15 13 16 20 22 27 14 19 19   18 20 19 21 17 20 21 21 17 18   15 25 21 17 18 18 20 20 19 16   18 18 13 20 14 21 16 16 16 16   
142a  16 16 20 16 13 17 18 18 21 20   16 20 14 24 21 17 17 17 18 15   18 15 14 10 10 14 15 20 15 17   16 16 18 25 19 14 19 16 14 17   
142b  15 18 14 28 16 20 18 15 17 23   16 21 17 16 12 14 16 16 16 18   17 17 17 15 15 17 18 25 20 18   16 15 17 16 19 21 16 16 16 16   
143a  16 16 18 20 15 15 13 15 13 13   17 19 15 20 18 17 14 14 15 16   12 19 13 16 18 15 16 15 13 22   14 21 15 17 17 19 19 19 20 14   
143b  18 20 17 20 15 21 20 20 20 17   15 18 14 18 16 21 11 10 20 12   23 19 16 19 22 16 15 17 18 19   20 18 17 19 15 20 16 16 16 16   
144a  16 16 21 17 15 15 15 19 14 19   17 20  9 20 17 11 13 20 17 21   16 12 15 16 11 19 19 20 17 18   22 12 14 20 14 17 15 19 14 12   
144b  15 15 17 19 20 18 18 19 17 16   19 19 15 17 16 17 17 19 15 19   20 20 17 13 19 18 21 23 20 17   22 15 17 17 15 19 16 16 16 16   
145a  16 16 22 17 17 14 20 14 18 19   17 14 22 20 19 16 19 23 20 21   18 15 20 18 12 17 19 22 11 17   16 20 16 17 22 15 16 16 15 20   
145b  14 20 20 22 16 18 18 21 22 15   17 16 18 15  9 18 19 22 13 17   14 14 20 19 16 19 15 20 13 19   19 13 19 18 14 21 16 16 16 16   
146a  16 16 17 20 19 15  9 21 14 17   18 14 14 20 19 15 13  9 15 16   19 12 18 10 10 13 14 13 15 17   22 19 15 19 19 20 17 19 21 17   
146b  19 21 14 15 14 23 19 22 17 11   22 18 14 17 18 19 18 20 25 16   15 19 16 15 11 18 12 19 13 19   13 20 18 17 18 15 16 16 16 16   
147a  16 16 17 17 20  6 17 18 17 13   11 11 15 18 12 18 18 14 15 21   15 16 14 14 14 15 19 18 16 15   11 17 19 15 15 13 15 20 15 16   
147b  12 23 18 19 20 16 19 16 22 13   15 18 11 22 19 19 19 16 18 24   19 19 17 21 24 16 18 15 16 18   21 16 14 22 14 18 16 16 16 16   
148a  16 16 20 16 24 15 21 17 19  9   12 17 16 19 20 18 21  8 19 18   17 15 14 13 18 13 16 13 18 18   14 17 17 14 14 22 19 14 18 19   
148b  14 15  8 16 15 20 21 18 15 17   15 19 18 17 18 18 21 20 21 19   20 15 16 15 20 17 19 19 20 23   24 25 20 18 17 22 16 16 16 16   
149a  16 16 19 21 18 19 19 18 13 11   17 13 19 17 22 18 15 14 17 15   17 12 15 14 10 14 17 15 16 20   21 15 19 20 13 20 17 14 15 20   
149b  15 21 18 19 19 14 19 22 19 20   18 17 15 19 16 21 16 16 19 23   13 22 16 16 17 19 20 18 17 21   13 21 19 22 12 22 16 16 16 16   
150a  16 16 19 16 17 15 21 18 17 21   18 18 21 14 20 18 16 16 18 12   19 14 16 20 16 14 13 13 20 16   19 19 16 18 18 15 12 15  9 15   
150b  17 18 19 16 13 18 18 17 16 20   18 18 19 18 15 13 19 18 20 24   22 15 18 22 15 21 25 11 15 15   13 23 19 28 17 23 16 16 16 16   
151a  16 16 23 20 16 19 22 21 13 19   13 17 18 13 17 21 20 22 13 17   13 15 15 16 17 16 17 14 17 18   18 19 16 19 18 15 10 16 14 20   
151b  20 15 13 14 11 16 25 18 16 22   13 21 15 15 16 17 15 17 17 21   21 15 13 19 19 19 17 19 16 17   17 22 15 19 13 17 16 16 16 16   
152a  16 16 22 19 17 16 18 16 15 19   16 20 18 19 17 17 16 10 18 17   21 20 16 25 19 18 17 15 19 12   18 15 21 16 15 16 15 20 15 18   
152b  13 13 16 18 20 21 19 14 21 20   20 14 20 16 14 14 18 27 12 17   19 16 16 19 13 17 22 17 20 25   20 27 18 13 15 16 16 16 16 16   
153a  16 16 19 19 11 14 20 15 13 14   20 16 24 20 15 12 18 17 13 17   11 14 16 10 18 13 15 16 18 15   17 13 19 16 14 13 17 17 17 17   
153b  16 16 18 15 19 18 19 15 11 21   17 15 14 15 14 21 24 21 12 15   14 22 17 19 16 15 15 22 18 19   17 16 23 23 20 21 16 16 16 16   
154a  16 16 20 22 23 25 16 16 20 16   16 19 16 17 16 19 14 20 15 12   21 18 19 23 14 17 24 20 13 20   15 22 18 17 23 18  9 15 16 19   
154b  21 18 20 12 11 14 23 19 17 21   17 25 16 18 19 22 11 24 15 15   18 19 15 17 16 18 15 16 14 19   20 18 22 18  9 16 16 16 16 16   
155a  16 16 14 22 19 16 19 18 10 19   20 19 19 20 21 16 17 18 18 17   15 17 15 22 16 13 14 15 13 18   16 18 17 14 17 18 16 18 13 12   
155b  19 12 16 13 17 20 14 17 15 22   20 20 21 15 17 12 19 24 20 18   20 19 16 20 15 14 19 13 18 16   18 14 21 20 18 19 16 16 16 16   
156a  16 16 21 19 18 22 21 19 16 16   16 14 22 21 15 17 16 13 15 18   16 13 14 16 15 18  9 16 21 13   20 17 20 16 15 16 12 16 18 19   
156b  17 13 14 18 21 18 20 22 24 17   14 19 17 24 19 19 17 21 12 15   21 15 17 18 16 16 17 21 16 20   16 21 16 16 22 21 16 16 16 16   
157a  16 16 24 27 19 13 14 21 20 24   14 16 23 19 20 18 13 16 15 14   17 17 19 16 14 16 21 15 16 15   15 22 15 12 17 17 18 18 14 20   
157b  18 17 15 19 20 18 12 20 16 19   18 23 12 20 24 14 20 21 16 15   20 17 19 24 21 14 10 21 22 19   20 21 14 18 12 22 16 16 16 16   
158a  16 16 15 19 21 21 11 18 17 15   18 25 20 19 18 18 14 18 20 16   15 13 13 14 16 17 18 14 19 16   19 18 15 17 16 22 13 16 16 20   
158b  15 16 19 17 18 17 18 22 16 19   20 19 16 21 17 14 23 17 23 18   22 17 15 20 15 15 22 23 18 17   21 24 18 23 19 18 16 16 16 16   
159a  16 16 16 20 18 18 21 13 21 13   17 16 14 15 18 21 14 16 12 17   21 18 16 21 16 16 19 14 17 15   20 19 18 16 19 17 10 15 19 20   
159b  17 22 20 16 19 17 20 23 16 19   16 16 17 19 18 16 18 17 23 21   16 16 18 15 20 23 19 16 18 20   21 17 14 18 17 18 16 16 16 16   
160a  16 16 17 13 26 20 14 16 19 16   16 16 16 15 20 14 19 23 17 23   15  8 16 16 15 17 20 16 15 15   14 17 21 14 18 12 17 15 17 18   
160b  16 19 19 19 16 15 18 16 19 14   22 16 18 16 23 14 17 18 19 16   16 20 23 23 20 19 21 19 15 19   12 26 20 22 14 13 16 16 16 16   
161a  16 16 13 14 20 17 21 20 16 17   17 14 20 11 14 24 23 14 17 14   13 18 19 15 16 15 17 13 14 16   24 15 22 18 16 17 11 16 18 14   
161b  22 18 19 19 20 17 17 19 22 15   19 18 17 23 23 18 15 17 17 20   15 20 20 23 16 20 21 18 18 18   24 19 19 24 19 19 16 16 16 16   
162a  16 16 15 23 23 17 12 15 10 13   15 21 14 21 15 18 15 16 14 14   16 15 13 16 17 18 18 12 16 15   20 19 19 16 14 19 15 21 18 21   
162b  17 17 16 13 17 22 20 19 18 22   19 21 20 17 19 15 19 22 16 15   18 25 18 22 16 17 18 18 15 13   15 19 21 19 20 18 16 16 16 16   
163a  16 16 22 18 17 13 22 20 23 10   14 17 21 11 17 18 18 17 19 15   18 11 14  9 19 14 18 17 16 16   23 17 13 19 16 17 15 16 15 19   
163b  11 21 22 17 18 22 15 23 19 19   17 16 15 13 25 14 16 16 23 19   16 15 13 13 15 15 20 14 19 20   17 18 17 20 19 18 16 16 16 16   
164a  16 16 17 18 16 15 17 19 18 10   11 17 17 15 17 15 18 15 19 18   14 20 14 20 17 19 18 23 16 16   15 19 15 15 24 21 18 16 19 15   
164b  15 25 16 16 23 20 17 17 17 24   14 15 12 13 21 16 22 15 19 17   16 17 17 22 18 15 19 24 21 19   21 18 19 13 17 17 16 16 16 16   
165a  16 16 22 21 23 16 15 19 15 16   20 13 19 19 18 13 16 16 12 16   15 12 15 15 14 18 19 18 12 11   13 12 19 18 14 20 12 18 17 22   
165b  13 22 16 17 19 21 15 24 17 18   24 16 17 20 19 22 22 19 27 16   17 19 16 21 15 18 17 15 19 21   22 16 24 23 21 16 16 16 16 16   
166a  16 16 21 20 17 24 15 14 17 18   16 13 20 18  9 21 17 22 22 17   11 13 12 15 20 13 23 16 11 14   18 15 17 17 15 20 19 14 19 20   
166b  17 17 20 18 17 12 16 13 22 21   17 14 13 18 17 20 19 18 18 19   18 16 15 18 19 27 15 21 16 18   19 15 19 17 21 23 16 16 16 16   
167a  16 16 13 18 14 15 14 17 15 20   24 15 21 22 17 12 16 16 13 17   13 13 17 19 21 13 20 16 17 20   16 18 21 15 12 17 18 20 19 15   
167b  14 13 21 14 20 15 14 16 19 19   18 20 12 15 17 18 18 20 24 20   23 22 18 24 18 19 21 24 15 19   18 17 18 15 15 19 16 16 16 16   
168a  16 16 16 19 19 16 12 17 26 17   18 18 18 26 19 19 18 12 12 16   22 15 14 16 15 23 18 11 20 17   20 20 14 17 18 17 16 15 19 17   
168b  15 18 19 23 19 20 22 19 20 18   18 18 17 12 18 14 21 16 14 15   18 18 16 14 18 19 13 20 14 18   23 21 16 16 21 21 16 16 16 16   
169a  16 16 17 17 12 14 20 17 17 19   18 14 17 17 16 16 16 18  9 10   13 16 16 16 21 19 15 16 14 11   16 20 20 15 17 18 17 19 18 14   
169b  22 13 16 12 18 17 16 20 18 20   14 14 21 19 23 15 26 15 16 18   12 17 17 13 16 18 19 17 11 18   13 24 19 16 19 21 16 16 16 16   
170a  16 16 11 15 20 15 16 15 14 19   17 17 16 24 17 21 15 15 16 15   14 11 13 14 16 10 13 19 16 16   13 19 17 15 16 18 17 14 17 17   
170b  15 16 22 18 21 13 20 16 18 22   21 18 18 21 16 22 19 16 22 13   15 19 18 19 21 25 20 20 19 15   18 17 18 16 15 17 16 16 16 16   
171a  16 16 21 17 14 17 18 21 15 15   14 17 20 16 17 22 22 17 16 11   19 15 17 22 20 15 16 16 14 23   16 15 17 14 12 19 17 19 18 18   
171b  22 14 20 13 16 24 20 18 21 20   17 17  9 19 15 20 15 16 18 16   24 19 14 25 16 24 16 11 19 20   26 13 22 15 14 17 16 16 16 16   
172a  16 16 22 23 17 19 18 19 17 16   15 15 19 18 16 17 15 12 19 19   20 15 21 18 16 16 18 16 19 19   19 12 16 19 17 23 22 16 17 18   
172b  20 19 16 19 20 20 21 20 16 16   22 17 15 19 18 16 17 19 16 18   22 16 20 17 14 26 21 15 22 10   22 21 13 22 14 15 16 16 16 16   
173a  16 16 19 18 25 18 17 20 16 13   17 19 14 17 18 15 11 17 16 18   21 14 14 14 10 15 20 11 12 17   19 16 18 16 19 16 16 12 19 14   
173b  15 21 19 15 18 16 14 17 20 21   16 18 19 18 18 16 16 23 16 18   28 21 18 18 18 25 17 16 19 18   15 19 16 22 20 19 16 16 16 16   
174a  16 16 17 19 14 20 20 14 20 17   21 17 15 19 16 19 16 17 14 16   17 17 19 18 17 15 17 15 15 18   13 17 18 13 16 18 11 15 15 14   
174b  16 16 16 16 20 23 19 17 21 17   18 19 18 21 17 20 17 15 15 23   14 14 19 20 17 22 22 22 18 21   18 21 18 22 21  9 16 16 16 16   
175a  16 16 21 16 19 17 18 18 14 12   14 19 14 14 14 15 16 14 16 17   16 13 17 23 13 17 16 15 18 20   16 17 17 13 17 16 18 18 19 12   
175b  16 23 17 14 17 15 17 16 18 23   14 18 20 14 14 20 18 18 14 20   22 23 21 18 19 14 18 16 16 23   19 15 24 16 10 19 16 16 16 16   
176a  16 16 19 25 15 16 16 10 20 13   15 20 14 17 12 16 15 22 18 20   19 12 17 17 16 15 18 19 14 12   17 14 16 22 18 19 18 14 21 20   
176b  16 18 18 20 16 15 18 14 19 21   17 24 17 15 18 18 19 14 18 21   15 15 14 22 23 23 16 17 19 22   18 18 18 15 21 23 16 16 16 16   
177a  16 16 16 14 15 14 16 14 19 20   19 11 13 16 11 17 15 14 13 16   16 17 16 14 12 16 17 18 10 16   17 14 16 19 23 17 16 21 20 22   
177b  15 21 20 19 20 24 14 21 16 21   18 15 15 19 19 20 20 15 18 17   21 20 17 16 15 19 20 20 19 19   19 19 18 17 18 19 16 16 16 16   
178a  16 16 14 15 17 19  8 12 18 16   17 18 21 16 17 14 17 17 19 13   16 14 17 14 13 16 19 18 19 16   21 15 16 19 22 22 15 16 14 21   
178b  14 15 17 18 20 18 14 23 21 18   14 18 21 21 20 13 18 20 22 19   15 18 21 13 19 19 17 16 14 18   16 21 18 19 26 19 16 16 16 16   
179a  16 16 16 22 20 19 18 14 21 15   15 14 16 22 14 15 15 19 16 18   13 13 19 15 17 13 19 15 15 16   18 22 16 18 21 15 19 19 19 22   
179b  20 18 21 17 22 18 15 20 19 21   15 19 21 16 20 16 23 15 19 23   18 15 21 17 14 15 16 13 18 21   16 16 20 20 14 14 16 16 16 16   
180a  16 16 20 14 21 19 18 17 16 18   22 24 14 20 20 15 12 14 19 18   19 12 12 20 17 16 15 19 12 21   13 18 22 16 17 11 16 19 18 16   
180b  12 12 17 16 18 21 16 15 25 26   23 19 18 12 17 16 12 22 21 20   17 11 17 14 17 18 21 17 21 19   20 24 16 11 14 24 16 16 16 16   
181a  16 16 13 20 16 10 16 17 12 12   12 19 21 16 27 15 16 16 16 17   18 16 16 20 15 14 16  9 19 17   16 19 13 17 19 24 21 16 13 21   
181b  17 16 18 20 19 14 15 24 19 19   19 20 20 20 21 16 19 18 20 16   12 17 23 17 18 23 17 19 21 20   17 19 20 21 20 16 16 16 16 16   
182a  16 16 16 13 16 18 17 15 10 16   16 18 20 17 14 15 13 11 17 15   12 16 15 17 20 16 17 16 18 16   13 17 18 18 19 20 18 19 17 15   
182b  18 17 16 19 18 15 22 17 15 22   21 20 14 19 19 15 15 20 21 17   19 23 19 18 19 17 21 15 15 11   17 22 18 18 17 17 16 16 16 16   
183a  16 16 18 11 15 19 20 16 17 16   19 13 16 14 12 17 16 13 14 17   14 12 16 15 20 12 19 20 13 16   16 21 13 18 17 14 21 23 17 17   
183b  16 22 12 20 18 14 24 20 18 17   16 20 23 18 18 18 18 26 16 19   15 21 19 22 21 24 18 19 17 18   18 22 16 18 14 20 16 16 16 16   
184a  16 16 18 13 16 14 19 19 13 21   17 16 10 18 19 22 19 14 23 16   18 19 19 19 14 15 15 16 10 18   20 21 17 19 20 23 23 15 17 18   
184b  11 16 17 15 18 23 20 18 17 16   21 18 19 19 19 15  9 20 21 13   18 21 19 13 20 20 18 18 15 18   20 14 20 15 18 20 16 16 16 16   
185a  16 16 14 17 19 15 14 19 15 20   18 15 15 20 14 15 13 14 13 15   12 12 18 16  1 14 17 17 13 10   16 18 15 20 18 20 20 22 19 23   
185b  22 17 18 17 20 24 19 24 18 19   15 17 20 17 15 20 16 19 19 17   18 17 16 11 18 15 17 19 21 17   18 16 18 17 25 24 16 16 16 16   
186a  16 16 16 18 16 20 20 15 20 18   23 17 13 14 16 17 15 18 16 15   18 21 16 17 12 13 18 17 16 19   17 18 15 19 21 18 19 20 23 16   
186b  12 20 20 13 19 20 20 17 18 16   20 15 19 10 19 22 16 18 13 13   14 15 18 16 15 23 18 18 20 18   19 15 17 20 18 18 16 16 16 16   
187a  16 16 13 15 15 15 13 18 15 20   12 17 24 16 16 16 13 15 14 16   16 18 15 15 16 17 18 13 14 13   18 17 16 17 18 20 18 23 19 18   
187b  21 20 16 21 17 18 20 16 20 14   14 19 18 14 15 15 19 16 17 15   19 17 18 23 14 17 18 26 24 18   19 21 18 21 15 19 16 16 16 16   
188a  16 16 16 15 18 13 17 20 18 23   18 11 15 15 18 11  9 18 14  7   16 15 20 14 18 19 14 12 18 14    8 14 18 18 17 21 16 22 15 19   
188b  15 19 15 15 15 20 19 22 20 15   23 20 18 14 17 18 20 15 20 19   20 19 20 15 19 17 20 18 16 14   26 18 13 22 22 13 16 16 16 16   
189a  16 16 19 12 13 16 16 18 17 17   21 15 20 15 22 15 16 16 14 18   18 14 12 16 13 13 18 14 14 12   16 18 21 18 17 24 22 18 14 16   
189b  17 12 18 19 23 22 15 21 21 18   18 17 21 16 17 16 21 24 17 18   14 20 16 11 17 16 18 16 16 20   21 22 15 20 15 23 16 16 16 16   
190a  16 16 23 20 21 16 14 12 18 18    9 14 18 20 11 17 16 14 17 16   19 15 20 12 15 17 11 15 21 13   17 16 16 17 14 15 17 21 15 21   
190b  18 22 16 20 20 15 16 20 20 22   16 16 22 19 20 18 18 18 21 17   11 17 19 22 14 18 14 22 15 16   20 17 16 18 18 19 16 16 16 16   
191a  16 16 20 18 15 18 19 15 13 13   16 13 18 16 15 20 15 22 18 13   15 13 14 13  8 13 16 15 17 19   19 15 16 20 14 20 16 17 14 17   
191b  19 15 18 19 20 18 21 15 23 16   24 20 19 19 15 15 18 18 15 20   16 14 10 20 23 17 18 16 20 19   18 21 22 17 20 19 16 16 16 16   
192a  16 16 17 14 16 10 13 10 16 14   18 21 20 17 13 19 20 16 15 18   12 14 16 14 13 14 14 18 19 18   20 17 18 15 17 17 21 21 18 15   
192b  19 16 16 18 21 24 17 21 20 12   17 17 19 19 21 19 24 22 23 20   18 24 21 20 18 14 24 18 15 18   21 17 19 17 16 22 16 16 16 16   
193a  16 16 20 17 15 18 15 10 19 20   16 15 16 14 19 17 18 19 12 12    9 18 21 15 13 15 14 14 19 16   20 19 15 11 20 21 10 20 14 18   
193b  13 20 16 19 18 20 19 18 19 16   20 16 19 23 12 20 17 21 16 17   20 20 17 19 17 16 15 13 17 17   23 18 20 13 19 13 16 16 16 16   
194a  16 16 16 16 16 13 12 21 13 13   18 18 21 20 17 22 18 17 13 11   15 12 15 20 18 13 15 15 15 15   21 26 15 16 18 22 23 12 15 17   
194b  14 25 17 18 23 18 17 16 18 14   16 21 22 22 12 18 15 14 14 19   22 19 22 20 20 21 18 26 16 13   18 16 21 19 20 20 16 16 16 16   
195a  16 16 15 16 17 17 11 15 17 18   19 19 21 20 14 15 20 16 16 11   15 14 16 13 14 20 13 17 12 14   17 15 19 16 18 20 15 18 19 16   
195b  16 20 17 21 22 19 13 16 24 18   19 23 20 20 20 18 19 16 16 21   15 19 16 15 23 18 16 11 15 13   16 14 22 17 24 20 16 16 16 16   
196a  16 16 19 18 22 15 16 15 20 19   15 15 19 17 18 17 17 18 22 12   18 17 13 18 11 12 10 11 13 25   15 18 16 13 17 20 14 17 18 14   
196b  13 17 18 13 23 25 18 21 16 21   12 17 20 16 20 19 14 22 21 22   19 22 22 15 17 17 15 24 21 24   19 20 27 19 18 19 16 16 16 16   
197a  16 16 19 18 21 19 17 13 17 12   11 16 15 15 17 16 21 15 17 15   11 12 19 11 15 16 16 15 12 16   14 19 16 20 15 16 19 20 20 14   
197b  13 19 16 21 13 21 20 21 24 22   13 20 19 18 16 19 13 23 20 21   21 18 21 15 20 18 24 16 18 14   24 18 22 15 18 18 16 16 16 16   
198a  16 16 19 22 15 16 18 19 16 16   15 17 14 23 10 19 14 14 15 16   16 13 16 10 21 12 15 14 13 16   20 18 12 21 18 18 25 16 18 20   
198b  13 19 15 24 18 22 21 19 20 21   14 17 19 17 19 16 15 17 15 20   17 15 27 16 15 18 21 24 23 15   22 22 16 20 20 13 16 16 16 16   
199a  16 16 16 18 13 15 17 18 12 21   19 18 16 20 16 13 12 15 12 18   16 12 15 19 15 15 12 21 15 17   18 16  7 13 10 20 20 19 23 15   
199b  20 20 15 18 20 21 21 24 16 22   24 24 21 21 18 18 20 19 15 17   17 20 23 19 21 21 15 22 17 22   22 18 21 18 21 19 16 16 16 16   
200a  16 16  9 20 16 19 16 16 16 19   16 16 13 19 16 11 14 12 19 15   21 17 18 16 21 12 17 18 23 17   16 15 19 22 17 18 20 16 17 18   
200b  24 18 15 22 14 16 19 14 20 16   19 19 20 21 17 14 14 18 15 17   16 22 15 20 11 20 19 18 14 19   20 19 13 22 17 21 16 16 16 16   
201a  16 16 19 14 18 17 15 13 16 19   19 16 19 17 17 16 20 20 14 13   13 16 17 13 16 18 17 22 14 13   20 18 15 12 23 18 16 15 23 16   
201b  20 16 19 19 28 20 18 24 17 15   19 19 19 15 21 11 21 16 16 14   21 21 16 23 20 15 13 14 14 18   21 14 21 17 14 21 16 16 16 16   
202a  16 16 22 18 12 17 10 17 14 19    7  9 15 16 18 12 18 14 17 16   15 17 16 15 17  8 21 14 17 15   18 20 14 18 12 22 14 19 23 20   
202b  21 26 18 20 17 19 17 17 20 22   19 16 23 15 21 17 15 16 16 15   18 21 18 19 24 17 20 23 21 21   13 21 18 16 13 21 16 16 16 16   
203a  16 16 22 14 15 19  9 18 17 20   17 16 18 18 13 18 13 12 13 13   19 16 23 21 11 11 11  9 14 15   20 22 19 16 17 18 16 19 20 10   
203b  12 19 15 17 21 18 13 19 15 19   14 19 18 18 20 26 19 19 13 22   17 13 20 18 17 19 19 20 17 15   18 17 19 19 15 20 16 16 16 16   
204a  16 16 15 13 20 21 18 13 16 14   13 20 14 19 18 15 12 19 21 16   15 14 20 13 13 17 15 18 14 11   12 21 16 19 16 13 21 18 15 23   
204b  16 16 18 20 15 13 17 23 18 17   21 24 20 18 18 20 17 19 15 18   17 15 28 20 18 17 13 17 16 19   20 16 20 20 18 21 16 16 16 16   
205a  16 16 22 14 16 14 20 20 14 13   23 24 14 15 19 17 17 16 23 12   14 15 12 17 13 17 19 18 11 17   21 20 19 22 24 21 16 20 19 21   
205b  22 17 24 17 19 21 16 19 16 11   20 12 19 14 14 19 18 24 21 16   22 14 18 17 15 15 17 24 22 20   21 19 16 19 16 18 16 16 16 16   
206a  16 16 22 23 19 14 16 18 12 16   11 11 16 15 14 15 13 20 14 17   17 16 19 16 17 18 17 18 10 15   14 20 18 22 16 19 20 13 11 17   
206b  19 20 17 17 15 19 18 17 22 23   16 22 17 20 20 20 19 18 15 15   17 16 19 12 17 19 13 17 20 18   17 15 14 16 16 16 16 16 16 16   
207a  16 16 18 15 13 21 14 15 11 15   15 12 15 16 18 17 16 15 19 12   22 18 14 16 15 12 18 18 19 15   12 20 20 14 22 15 12 13 13 16   
207b  16 20 17 13 15 14 19 19 18 20   17 21 14 17 13 22 20 22 21 18   20 19 19 17 22 19 16 18 13 22   17 22 19 17 15 21 16 16 16 16   
208a  16 16 16 15 17 23 18 15 15 15   15 19 18 17 19 15 18 15 11 15   15 14 20 13 13 17 16 18 12 15   18 15 12 21 19 18 12 14 17 19   
208b  20 21 18 22 19 18 17 18 19 17   16 23 14 15 19 21 20 19 23 20   20 21 24 18 18 22 18 18 14 18   21 18 21 15 11 18 16 16 16 16   
209a  16 16 22 20 15 16 15 16 18 24   19 17 21 16 16 16 19 12 11 16   19  8 11 14 15 19 18 16 16 19   15 13 21 20 18 16 11 15 13 15   
209b  19 22 18 17 15 21 19 20 18 15   18 22 20 20 21 16 19 19 19 16   16 15 19 18 18 15 20 16 19 16   13 16 23 18 14 19 16 16 16 16   
210a  16 16 15 20 15 21 15 20 15 14   16 15 17 18 17 18 16 17 20 16   18 14 10 18 16 17 15 14 14 19   17 22 18 17 23 20 16 18 15 18   
210b  20 20 19 16 19 19 13 23 12 18   18 21 21 20 17 25 14 19 15 24   20 20 19 18 12 23 13 20 20 17   21 19 18 21 19 19 16 16 16 16   
211a  16 16 15 20 15 17 13 20 10 16   15 18 16 19 20 16 16 16 20 11   13 12 17 12 18 18 14 18 15 12   15 19 17 19 20 17 18 15 11 18   
211b  18 14 11 18 19 18 22 15 20 14   25 18 18 11 17 16 20 23 23 19   18 13 19 22 18 18 13 21 16 18   18 15 18 18 10 16 16 16 16 16   
212a  16 16 14 17 26 17 12 15 19 18    8 14 18 19 17 16 19 17 15 18   11 13 15 12 11 11 11 19 17 18   17 17 18 15 20 19 22 15 15 20   
212b  15 14 21 16 14 20 23 20 13 18   18 17 18 20 12 17 12 15 16 22   14 16 10 17 23 16 17 21 15 17   16 19 15 15 23 19 16 16 16 16   
213a  16 16 16 16 14 18 20 14 14 20   15 16 15 15 20 15 15 14 17 18    7 16 16 18 17 17 17 11 16 19   14 17 19 15 15 26 15 20 17 19   
213b  24 22 20 14 22 16 15 22 16 20   14 19 19 24 21 18 20 18 15 20   21 15 14 17 21 21 16 18 19 18   20 18 28 21 17 19 16 16 16 16   
214a  16 16 16 15 13 19 15 15 19 17   16 12 18 18 15 19 12 13 15 17   12 22 16 16 24 13 20 12 17 15   14 19 15 21 18 14 22 19 20 17   
214b  23 15 22 18 17 13 16 24 19 24   14 14 23 21 18 18 20 21 13 19   20 15 19 22 20 17 20 20 22 19   16 22 19 22 16 22 16 16 16 16   
215a  16 16 21 13 15 11 18 14 13 17   13 11 16 10 20 14 16 16 16 13   14 19 17 13 18 19 11 16 11 18   22 19 16 15 16 16 24 14 18 17   
215b  19 17 21 18 16 19 19 18 17 18   22 22 21 14 16 17 15 18 15 13   14 19 19 19 23 15 19 17 16 18   17 18 20 21 16 20 16 16 16 16   
216a  16 16 17 14 19 14 21 22 15 13   18 18 15 12 19 16 14 14 13 17   24 16 17 16 15 13 20 16 14 13   11 16 20 18 15 18 12 19 15 15   
216b  18 15 12 17 20 21 19 16 17 19   20 21 16 14 15 14 17 18 22 23   10 19 12 16 19 17 17 16 11 16   18 19 19 14 18 15 16 16 16 16   
217a  16 16 15 17 18 17 15 17 16 16   11  8 15 14 18 17 13 14 15 16   13 21 16  9 18 15 19 15 13 18   21 19 16 20 13 14 20 18 15 21   
217b  21 20 15 18 21 19 16 19 22 20   15 24 18 19 20 16 13 21 21 18   17 16 15 17 18 21 15 22 15 17   16 11 16 18 21 20 16 16 16 16   
218a  16 16 18 17 20 20 15 16 12 14   20 17 19 19 20 19 18 19 14 17   12 15 16 17 12 18 14 24 12 20   16 17 21 16 23 22 16 18 14 14   
218b  14 18 19 16 15 19 18 18 13 15   22 13 20 17 11 20 19 21 12 21   19 14 21 16 18 17 15 16 15 17   18 17 16 16 13 19 16 16 16 16   
219a  16 16 22 15 20 15 18 16 20 18   16 17 18 13 19 20 18 12 17 19   15 14 14 15 18 16 17 17 18 18   13 17 16 16 13 17 15 17 10 18   
219b  16 20 18 24 21 20 14 15 17 16   15 22 23 16 17 20 20 25 15 24   19 20 16 22 18 19 16 20 20 17   15 21 19 22 21 21 16 16 16 16   
220a  16 16 21 13 15 17 18 19 12 20   18 16 13 18 17 11 19 12 18 23   15 18 12 22 16 14 17 16 16 19   21 20 20 19 23 17 16 22 16 18   
220b  17 19 18 16 20 24 19 21 16 16   19 15 15 19 16 21 20 12 23 17   19 20 15 16 23 22 16 18 20 22   16 18 22 17 22 22 16 16 16 16   
221a  16 16 20 15 16 15 17 14 18 15   17 15 15 15 18 14 16 14 16 13   16 11 15 16 17 17 15 15 13 20   18 15 17 19 13 18 16 17 16 14   
221b  17 16 15 18 16  9 20 17 21 19   20 24 18 16 19 18 15 13 22 21   12 20 18 24 19 19 18 16 15 15   21 16 17 19 17 17 16 16 16 16   
222a  16 16 29 20 15 15 17 15 12 15   13 13 18 20 17 15 12 15 19 17   14 21 16 15 18 13 18 15 11 14   15 18 19 16 15 17 13 18 20 15   
222b  17 15 20 19 17 22 21 24 28 21   14 15 15 21 22 17 20 21 19 15   19 19 17 18 14 16 18 21 24 24   18 17 15 17 18 15 16 16 16 16   
223a  16 16 15 18 16 21 16 18 12 15   20 17 20 19 12 14 15 17 17 13   15 13 15 16 11 15 14 17  8 15   22 17 13 17 15 23 18 13 19 20   
223b  22 15 14 16 19 20 21 14 19 19   19 20 13 12 24 21 22 14 21 15   17 16 18 20 18 21 19 21 17 14   21 16 10 17 19 18 16 16 16 16   
224a  16 16 19 12 19 16 16 19 20 16   16 16 12 19 23 14 19 12 16 17   13 17 15 13 15 11 12 16 19 17   17 13 16 22 13 20 17 16 21 16   
224b  17 15 19 13 20 17 11 18 14 17   20 17 11 23 18 19 19 21 22 16   21 21 13 21 10 16 16 20 14 12   16 18 19 18 17 22 16 16 16 16   
225a  16 16 18 19 16 14 15 21 16 16   19 17 18 16 15 14 14 13 18 15   13 11 16 17 14 14 13 13  9 21   13 20 17 13 16 16 14 17 20 22   
225b  14 12 17 23 18 14 22 11 20 15   17 20 20 15 22 19 20 22 16 19   15 16 16 15 20 19 16 15 10 17   19 19 12 14 17 15 16 16 16 16   
226a  16 16 18 16 21 18 13 14 16 13   20 13 17 19 18 16 13 16 17 11   15 20 12 12  6 16 14 16 11 15   23 23 20 13 16 19 19 15 18 20   
226b  17 19 20 15 20 18 19 20 19 18   23 16 16 22 13 18 22 24 26 21   15 22 20 22 22 20 15 17 19 17   21 20 15 18 22 18 16 16 16 16   
227a  16 16 16 21 16 19 15 15 11 14   14 19 19 22 19 16 15 17 18 21   17 15 15 20 20 11 13 13 17 15   17 13 13 15 13 20 15 18 12 14   
227b  11 20 17 16 22 18 19 22 16 20   16 17 17 19 13 18 10 16 15 17   22 21 12 20 16 19 21 15 18 13   21 19 16 22 16 19 16 16 16 16   
228a  16 16 19 16 19 19 16 19 18 11   13 16 16 25 16 17 18 16 18 17   16 18 18 21 17 12 19 18 15 16   14 19 15 14 21 21 15 15 21 17   
228b  12 18 20 15 16 22 20 23 19 18   23 19 16 19 16 12 16 17 20 18   23 22 17 21 23 17 15 18 14 15   21 24 16 18 20 24 16 16 16 16   
229a  16 16 15 18 14 14 21 11 15 15   15 13 19 18 16 15 18 15 12 16   14 16 11 14 16 14 19 18 23 15   19 13 12 14 16 16 22 18 16 18   
229b  18 14 16 22 20 18 17 18 12 22   20 19 13 16 17 19 25 17 15 13   19 13 16 22 17 16 15 22 14 28   21 11 18 17 17 19 16 16 16 16   
230a  16 16 19 15 21 14 20 17 13 15   15 11 21 18 15 12 13 20 17 12   15 15 15 14 18 17 14 14 10 20   18 17 12 19 15 18 19 23 20 19   
230b  12 19 12 15 16 21 16 18 19 19   20 16 16 22 21 15 23 17 24 21   24 21 21 19 16 28 22 20 20 24   18 15 15 18 17 16 16 16 16 16   
231a  16 16 19 16 23 13 17 17 18 23   18 10 18 21 16 14 17 15 17 13   13 18 16 15 17 19 17 18 16 15   19 16 15 14 16 17 15 20 15 14   
231b  17 17 23 19 18 22 20 18 22 19   16 22 19 17 19 17 13 18 10 20   18 22 19 17 22 16 17 18 16 18   18 17 18 14 13 24 16 16 16 16   
232a  16 16 20 19 12 15 22 18 16 14   17 14 16 15 11 16 16 21 13 20   18 15 19 14 13 18 14 23 16 14   16 23 18 17 16 17 19 18 17 19   
232b  15 16 18 16 22 26 19 22 17 21   17 18 18 18 16 20 19 16 21 12   16 19 18 19 18 18 19 19 18 23   15 22 23 18 14 13 16 16 16 16   
233a  16 16 16 21 19 21 18 15 13 15   17 16 14 17 13 11 19 15 17 17   12 12 23 10 21 18 22 17 13 15   16 18 16 19 15 22 11 16 20 16   
233b  20 22 18 19 24 23 20 19 15 21   17 18 21 20 17 19 19 20 19 17   18 16 17 16 16 16 20 14 16 17   18 16 13 11 19 16 16 16 16 16   
234a  16 16 15 15 15 17 12 12 21 13   16 22 23 17 19 20 19 19 20 15   12 23 14 16 12 14 20 15 16 13    9 18 15 15 17 17 22 16 14 16   
234b  18 14 20 20 15 21 14 23 13 19   18 23 15 18 16 17 17 20 19 16   17 16 16 21 17 18 19 18 18 22   16 19 16 20 24 20 16 16 16 16   
235a  16 16 24 18 17 17 15 17 19 17   22 22 11 15 16 12 24 17 14 17    9 13 17 15 15 17 17 16 15 20   14 18 15 14 14 19 21 14 18 21   
235b  18 19 14 21 21 18 20 15 15 18   19 24 16 16 20 22 17 18 13 15   25 17 19 24 11 17 21 20 14 18   28 23 16 19 15 16 16 16 16 16   
236a  16 16 20 15 22 14 21 19 21 17   14 13 19 17 19 17 10 16 13 15   14 16 19 16 22 10 17 10 17 18   22 20 17 19 15 14 17 23 18 18   
236b  16 22 23 17 17 15 21 16 14 19   19 21 21 17 13 13 12 15 26 15   16 15  8 16 22 20 18 17 19 17   17 15 20 21 19 24 16 16 16 16   
237a  16 16 18 17 16 16 20 19 12 17   17  7 19 20 18 13 17 13 20 15   17 15 15 17 16 14 15 20 13 10   23 19 16 14 15 19 17 19 15 18   
237b  16 17 16 18 18 21 22 20 25 22   19 19 15 20 20 17 19 23 13 15   18 18 20 18 16 16 15 18 21 20   16 18 11 20 22 21 16 16 16 16   
238a  16 16 16 16 14 17 11 21 11 10   19 17 14 16 17 23 13 16  7 11   18 14 19 18 18 13 15 15 10 13   13 18 14 15 18 16 24 18 20 14   
238b  19 15 20 17 15 20 20 18 19 18   21 24 16 19 27 18 21 21 13 21   15 24 15 18 14 16 18 18 20 18   20 20 25 23 13 25 16 16 16 16   
239a  16 16 19 15 16 18 18 21 14 20   16 19 16 18 12 13 14  6 16 12   18 12 14 16 14 15 10 20 15 15   13 18 21 21 15 25 20 18 16 15   
239b  15 19 15 15 18 16 20 25 17 20   15 24 19 15 19 18 13 14 18 22   16 20 21 12 11 16 17 17 18 17   20 21 19 19 13 18 16 16 16 16   
240a  16 16 15 18 13 17 17 20 19 16   19 20 14 19 15 12 14 12 14 20   14 13 20 20 15 17 19 15 16 17   21 21 21 16 20 20 17 16 17 17   
240b  15 20 18 18 16 22 25 21 17 25   15 22 18 18 24 21 18 19 19 22   16 18 15 16 21 22 20 23 23 21   16 13 19 18 21 15 16 16 16 16   
241a  16 16 13 18 16 16 17 16 19  9   19 12 14 16 15 14 16 15 16 17   14 16 19 18 15 17 17 19 16 17   15 12 14 15 16 17 17 12 19 15   
241b  19 20 11 18 15 23 19 18 15 17   16 21 15 22 24 18 15 16 12 16   19 19 20 15 21 19 18 19 16 17   17 12 15 17 20 21 16 16 16 16   
242a  16 16 18 17 16 14 15 17 19 15   19 17 12 14 17 15 18 20 14 14   18 14 10 12 15 12 18 18 16 19   13 11 21 21 17 16 20 17 16 17   
242b  19 22 19 12 21 21 21 19 19 19   19 17 15 21 17 18 17 16 18 19   13 18 20 15  9 15 18 20 18 15   17 24 14 16 18 12 16 16 16 16   
243a  16 16 19 14 14 15 17 18 18 19   19 16  9 12 12 14 16 15 14 17    9 16 16 18 13 15 17 17 17 20   11 17 16 12 17 21 20 19 21 20   
243b  17 17 20 15 18 18 21 15 20 19   14 18 19 17 17 13 18 20 16 12   16 22 18 15 22 16 15 21 14 20   16 12 18 19 15 21 16 16 16 16   
244a  16 16 20 11 15 13 15 14 16 14   13 14 22 20 20 15 17 16 17 19   13 17 19 17 15 13 18 17 14 17   19 22 11 21 23 17 15 18 23 24   
244b  16 21 16 17 24 13 17 21 20 16   13 16 19 22 17 19 18 21 19 16   14 19 19 18 15 19 23 18 19 26   18 18 20 17 15 16 16 16 16 16   
245a  16 16 16 18 12 23 23 18 15 18   16 17 18 16 18 14 16 18 20 17   12 20 16 23 12 16 14 16 16 14   18 17 17 16 18 15 15 18 16 18   
245b  18 22 20 18 21 15 14 20 16 20   20 29 15 16 15 15 17 15 14 19   14 19 14 19 16 16 20 18 22 16   17 19 14 19 16 19 16 16 16 16   
246a  16 16 18 20 16 12 15 19 15 17   16 16 17 14 18 17 14 15 15 24   19 15 21 11 18 25 13 17 11 15   14 21 19 20 22 20 21 20 17 20   
246b  14 15 16 22 21 17 25 20 16 22   20 18 15 17 14 18 25 19 18 22   16 21 17 21 20 18 18 13 13 17   17 16 23 23 20 21 16 16 16 16   
247a  16 16 16 17 20 17 17 16 16 18   13 14 18 11 19 16 17 16 15  9   14 12 16 16 16 13 15 15 15 15   19 15 17 14 11 24 22 23 16 19   
247b  11 23 22 16 19 18 22 19 17 22   19 14 13 18 23 25 24 17 12 16   15 18 19 15 24 13 20 24 13 16   26 16 17 21 19 16 16 16 16 16   
248a  16 16 15 19 12 21 16 18 16 20   19 18 16 14 15 14 15 12 13 15   14 15 15 16 20 16 14 14 18 18   18 14 17 25 15 19 17 17 14 18   
248b  19 22 12 18 23 20 19 21 15 17   19 16 12 18 15 16 19 21 21 16   23 16 16 14 14 17 22 19 13 22   17 19 20 17 16 17 16 16 16 16   
249a  16 16 16 15 20 21 13 10 21 14   16 16 16 20 21 11 19 22 15 16   15 16 21 14 14 14 25 16 17 14   16 17 18 16 19 16 20 16 18 16   
249b  18 15 17 22 18 19 18 17 15 19   17 18 25 16 15 21 20 18 11 18   15 15 16 17 15 18 18 22 22 16   18 22 19 13 17 19 16 16 16 16   
250a  16 16 15 18 17 17 17 15 11 16   18 16 14 17 12 13 18 16 19 16   13 14 18 12 13 12 18 13 17 15   20 14 15 21 17 17 19 17 17 14   
250b  14 11 20 15 16 22 19 18 17 21   16 19 24 20 21 17 17 14 17 21   11 14 16 15 15 17 19 21 18 20   14 18 21 16 14 21 16 16 16 16   
251a  16 16 17 15 16 13 15 18 20 10   19 15 20 19 15 18 15 20 12 12   16 17 16 16 17 14 16 24 17 17   15 21 19 17 21 18 19 19 16 22   
251b  21 15 22 22 16 18 17 13 20 22   23 19 22 20 15 17 18 19 16 15   16 16 19 19 15 20 22 13 14 20   18 23 17 26 16 14 16 16 16 16   
252a  16 16 23 17 19 17 17 15 12 18   20 17 14 19 15 14 11 11 21 22   14 18 18 14 18 18  8 17 16 15   17 19 21 18 22 21 15 15 13 22   
252b  23 16 18 18 22 15 20 20 23 20   18 16 21 20 15 21 15 10 23 21   18 20 18 16 22 25 20 18 19 21   16 20 19 15 17 16 16 16 16 16   
253a  16 16 19 22 19 19 12 16 14 17   11 17 19 23 17 18 19 19 13 18   19 12 13 13 16 17 15 15 13 14   16 15 15 16 20 14 15 20 20 24   
253b  19 20 19 14 18 17 22 22 24 18   19 20 16 16 20 19 20 22 18 19   16 15 19 21 17 18 18 16 18 13   15 16 18 11 12 16 16 16 16 16   
254a  16 16 13 18 20 17 12 23 14 15   15 22 18 19 17 14 17 16 15 14   13 13 15 14 15 16 16 18 15 16   15 18 18 15 15 17 17 11 14 20   
254b  18 21 15 21 19 24 22 19 17 20   19 17  8 19 16 23 21 16 18 17   13 21 20 11 19 16 21 20 17 15   23 19 16 17 12 14 16 16 16 16   
255a  16 16 14 16 17 17 17 15 20 17   18 14 15 19 18 15 14 18 16 11   12 15 16 12 13 16 18 13 18 19   16 18 17 16 25 16 14 16 16 12   
255b  14 11 16 16 17 10 14 16 17 15   18 22 20 20 19 14 19 18 18 14   20 14 21 16 13 19 14 20 16 19   20 21 18 13  9 20 16 16 16 16   
256a  16 16 17 18 17 15 18 17 18 16   19 16 15 19 14 22 13 13 11 20   18  8 16 16 17 14 14 21 15 16   20 17 17 17 21 15 21 17 17 21   
256b  19 14 24 16 16 24 21 18 15 17   23 22 20 22 15 17 22 20 18 19   18 17 22 20 25 18 18 17 20 22   19 16 19 22 16 21 16 16 16 16   
257a  16 16 16 15 21 21 16 15 14 14   12 20 19 21 19 16 20 17 16 19   17 12 15 15 17 16 17 18 16 14   16 20 12 16 15 19 16 15 18 17   
257b  14 22 17 20 19 20 21 17 16 15   19 16 23 18 12 19 16 18 19 16   18 15 13 22 14 14 15 19 23 17   16 15 14 24 18 15 16 16 16 16   
258a  16 16 19 19 20 15 12 17 15 16   13 16 15 16 13 14 17 21 19 19   16 18 15 18 13 17 13 19 18 16   12 15 17 20 15 14 22 15 17 15   
258b  20 20 20 17 17 24 14 16 17 14   21 16 19 20 14 15 19 23 14 14   22 28 20 17 18 17 21 20 25 18   19 15 16 13 25 19 16 16 16 16   
259a  16 16 20 19 20 15 18 20 15 18   17 18 15 17 13 16 14 16 19 18   11 15 14 13 14 18 14 20 18 22   16 19 20 15 19 17 18 17 20 21   
259b  16 14 16 24 16 24 23 17 18 22   23 13 17 22 18 16 18 19 17 27   14 19 15 16 21 19 24 15 14 22   14 17 12 20 22 14 16 16 16 16   
260a  16 16 21 16 25 15 15 17 10 16   18 17 12 23 15 19 16 16 12 15   12 12 15 14  7 20 14 21 18 15   17 18 16 16 19 23 18 19 18 18   
260b  14 27 19 22 16 15 22 18 22 22   15 18 15 19 25 15 17 20 15 19   18 21 19 19 18 17 16 13 19 22   22 20 16 17 20 14 16 16 16 16   
261a  16 16 18 17 14 19 19  9 16 14   20 18 18 18 15 12 16 11 14 13   17 15 12 17 19 18 21 19 11  8   16 16 19 19 24 19 17 17 19 17   
261b  20 19 15 22 19 17 17 13 20 20   16 19 19 18 18 16 19 21 17 24   18 27 19 19 18 26 20 15 23 17   16 19 23 15 17 18 16 16 16 16   
262a  16 16 18 16 10 21 16 15 16 12   22 11 13 14 16 14 17 12 15 17    8 15 15 16 12 17 16 16 11 17   22 19 14 22 16 11 15 19 12 17   
262b  17 23 20 18 19 21 19 20 23 24   16 19 12 19 16 16 17 17 19 21   20 17 17 16 11 19 23 18 20 18   19 16 19 16 17 20 16 16 16 16   
263a  16 16 17 16 17 18 19 17 19 18   17 12 14 19 13 14 13 11  9 17   14 24 16 16 16 14 12 18 13 19   15 18 19 17 14 18 18 17 19 16   
263b  10 20 15 17 18 22 17 18 24 13   20 24 16 22 15 17 17 18 17 22   20 18 16 15 23 17 18 16 20 23   17 15 12 23 16 13 16 16 16 16   
264a  16 16 21 17 18 12 16 12 18 12   13 18 15 12 20 12 19 18 17 17   15 18 21 18 15 12 17 12 13 10   19 17 16 18 16 19 16 15 17 16   
264b  14 17 17 18 17 19 22 21 22 16   17 20 19 20 19 19 12 17 14 17   17 14 14 19 18 15 18 20 18 21   19 19 17 22 19 15 16 16 16 16   
265a  16 16 17 20  9 16 18 14 16 12   19 14 17 16 18 10 13 15 15 10   16 19 14 15 18 16 19 18 14 10   21 12 17 16 20 16 20 21 16 18   
265b  14 19 18 22 14 23 24 19 14 21   21 21 23 18 19 18 13 16 15 22   14 17 25 18 14 21 23 20 19 21   18 22 23 19 22 21 16 16 16 16   
266a  16 16 16 18 16 12 18 17 13 13   19 17 15 16 14 21 19 15 13 15   19 19 12 19 14 14 16 13 13 19   18 20 15 17 17 18 21 13 20 18   
266b  13 15 19 21 18 21 23 17 21 13   14 17 16 16 12 18 18 16 11 17   22 19 18 19 22 19 18 16  7 15   15 16 21 16 16 20 16 16 16 16   
267a  16 16 17 19 19 13 15 19 12 22   15 18 14 12 17 11 15 16 16 18   16 16 16 13 12 15 19 17 17 14   13 14 12 17 22 19 15 21 17 20   
267b  16 21 16 20 17 21 20 19 19 19   20 21 14 18 15 17 18 15 15 11   19 23 16 16 16 19 21 11 21 19   14 18 16 16 17 13 16 16 16 16   
268a  16 16 26 19 13 13 15 16 15 15   19 14 22 18 13 20 15 16 18 19   18 20 18 13 12 11 17 17 18 19   13 20 14 17 22 20 16 17 21 20   
268b  16 16 24 13 16 22 16 16 15 20   20 20 23 23 16 25 17 17 21 20   20 21 18 21 13 21 22 16 14 20   20 20 21 18 16 18 16 16 16 16   
269a  16 16 10 18 22 17 15 11 21 12   15 16 19 18 16 18 18 14 13 15   13 18 18 20 16 12 17 18 21 22   14 13 17 13 17 16 20 15 16 13   
269b  15 14 18 16 15 22 19 21 17 20   19 14 16 17 15  9 14 15 19 20   18 19 19 19 24 16 13 12 18 24   20 22 18 17 15 22 16 16 16 16   
270a  16 16 11 15 12 18 17 21 15 17   18 14 11 16 11 14 13 15 18 18   23 14 18 20 16 15 17 14 15 18   14 17 18 15 18 20 14 23 13 17   
270b  14 19 18 21 18 20 16 21 20 20   15 19 18 19 21 20 18 16 13 22   14 18 18 15 19 19 15 23 20 16   18 16 21 19 18 24 16 16 16 16   
271a  16 16 17 16 14 15 12 16 15 14   13  8  9 15 11 16 18 18 17 15   15 15 14 15 17 13 16 18 16 15   15 21 16 13 17 25 14 15 21 17   
271b  18 21 22 17 24 20 16 21 24 21   18 19 17 14 19 15 14 20 15 17   15 13 18 18 16 16 21 14 21 14   17 19 16 12 10 17 16 16 16 16   
272a  16 16 16 19 16 17 21 22 14 14   15 16 16 22 13 21 10 13 15 17   16 16 18 16 16 14 17 14 16 16   16 16 16 15 18 19 18 17 11 20   
272b  15 19 19 16 20 20 17 16 20 16   18 17 22 21 20 16 18 16 15 15   10 21 14 15 16 19 21 19 22 23   19 22 16 21 22 15 16 16 16 16   
273a  16 16 18 18 15 19 18 10 18 21   20 13 18 16 16 15 18 19 14 22   20 18 20 15 22 15 11 17 13 14   18 17 17 14 17 18 18 17 12 18   
273b  18 20 16 17 21 21 19 17 19 15   16 18 10 13 21 18 22 17 19 19   22 19 16 17 16 18 14 16 18 17   13 21 16 11 14 19 16 16 16 16   
274a  16 16 19 16 12 24 14 15 14 17   14 14 20 14 15 13 15 19 13 19   11 15 18 16 16 12 18 18 14 14   18 14 15 16 14 17 16 12 20 15   
274b  18 17 14 18 23 17 21 22 20 19   23 22 18 20 15 20 19 17 20 13   16 20 16 16 12 16 13 16 17 16   13 19 19 20 14 18 16 16 16 16   
275a  16 16 16 16 13 15 19 16 13  9   18 13 20 18 20 12 19 15 15 12   14 16 17 19  9 20 14 19 16 20   18 20 18 14 18 16 14 21 16 16   
275b  17 17 17 13 20 20 19 20 23 20   14 16 21 19 20 24 22 20 19 16   20 18 15 18 17 21 18 16 19 25   21 17 19 13 10 13 16 16 16 16   
276a  16 16 19 20 12 18 18 16 11 16   21 15 17 21 16 18 13 17 14 19   17 17 20 19 17 14 16 16 20 15   14 23 14 17 15 22 17 16 16 16   
276b  11 19 18 18 19 16 19 16 15 20   14 20 19 16 18 13 17 20 21 15   15 22 10 21 20 17 20 19 17 19   24 15 17 18 11 17 16 16 16 16   
277a  16 16 16 17 14 10 16 15 14 18   18 14 17 10 16 17 15 19 14 18   12 11 20 18 18 15 14 14 16 22   24 19 18 17 10 20 12 19 18 13   
277b  14 26 16 15 14 14 20 19 22 14   18 20  9 16 18 14 19 17 17 20   13 18 20 18 18 16 22 16 23 18   16 21 20 23 17 14 16 16 16 16   
278a  16 16 19 16 15 20 17 15 15 15   14 13 16 14 18 14 15 16 18 14   13 16 15 20 14 16 17 13 17 16   18 16 16 16 18 20 20 17 12 21   
278b  19 20 15 25 16 21 22 22 19 20   18 15 18 22 15 17 18 21 17 22   14 15 19 15 19 17 20 15 18 21   16 17 17 15 20 11 16 16 16 16   
279a  16 16 16 14 15 15 12 16 18  9   15 15 19 17 22 14 16 15 16 13   21 14 16 18  8 15 18 19 14 13   22 20 11 17 17 15 18 13 17 15   
279b  16 16 21 19 20 19 18 18 17 22   13 18 21 15 21 18 11 15 16 18   20 18 14 18 17 17 19 20 20 14   20 19 18 22 22 16 16 16 16 16   
280a  16 16 17 21 15 17 13 17 11 14   14 18 20 16 17 14  8 16 17 15   17 13 22 19 12 12 22 13 16 13   17 20 18 18 18 21 14 14 18 20   
280b  18 14 16 23 17 16 15 15 16 21   18 21 20 22 22 14 17 18 11 21   18 18 17 18 19 14 25 17 13 20   19 19 15 15 19 12 16 16 16 16   
281a  16 16 23 17 16 17 16 17 15 13   10 18 13 14 14  8 18  7 14 15   14 15 19  8 14 17 16 18 14 17   24 16 10 17 18 16 25 18 17 15   
281b  18 16 18 18 18 20 15 19 22 19   16 12 18 17 18 15 19 16 18 15   15 18 21 18 18 15 14 15 17 15   16 21 19 17 17 23 16 16 16 16   
282a  16 16 12 18 13 13 14 24 16 16   15 13 17 20 14 15 22 14 16 19   17 17 14 17 20 15 16 17 16 18   15 17 15 15 10 15 10 23 16 20   
282b  19 20 20 20 17 19 18 15 18 17   24 16 18 17 21 15 22 14 18 17   16 17 18 18 12 23 14 25 20 15   16 17 13 20 13 17 16 16 16 16   
283a  16 16 21 17 18 12 20 11 12 17   15 17 16 17 15 19 15 16 15 18   10 14 17 17 14 24 14 17 15 17   23 18 19 16 15 18 16 15 17 15   
283b  15 17 17 20 20 19 15 20 18 21   19 20 15 16 20 12 18 19 14 16   13 18 22 18 19 19 15 19 25 20   13 17 15 17 25 17 16 16 16 16   
284a  16 16 16 19 16 20 15  8 17 18   15 21 20 16 18 15 15 18 14 11   11 13 15 19 14 20 15 18 15 15   17 19 19 14 21 17 16 16 19 14   
284b  18 15 22 17 21 19 16 17 17 18   12 25 18 19 14 17 20 18 10 21   18 15 17 17 18  6 15 20 16 15   18 18 20 23 20 18 16 16 16 16   
285a  16 16 22 17 16 14 20 21 14 14   20 17 15 16 15 23 18 15  6 20   10 17 21 17 14 17 21 12 17 16   18 15 18 19 17 16 17 19 13 13   
285b  17 20 21 17 22 23 18 16 22 21   19 20 14 13 14 16 19 21 15 24   21 20 19 18 16 18 20 16 18 18   17 18 24 22 18 14 16 16 16 16   
286a  16 16 18 16 13 17 22 16 12 17   18  8 15 14 20 19 21 17 20 16   14 17 16 15 25 18 14 15 12 19   21 16 18 20 22 14 14 21 18 14   
286b  15 18 19 17 18 15 23 18 14 14   21 19 18 14 18 15 17 11 16 16   20 23 21 16 20 19 18 20 17 26   21 20 15 25 18 15 16 16 16 16   
287a  16 16 16 18 23 18 19 13 13 12   12 16 20 23 14 12 12 15 16 16   18 18 18 16 18 12 16 15 14 10   20 18 17 15 12 18 21 11 16 14   
287b  12 15 14 15 27 15 22 24 16 21   20 19 16  7  8 18  9 15 17 20   18 18 12 14 12 16 14 23 11 23   19 15 12 21 15 20 16 16 16 16   
288a  16 16 22 15 11 14 11 16 14 14   21 18 16 12 19  9 13 16 15 14   14 16 17 18 14 18 19 16 13 16   17 17 17 13 23 12 14 14 19 11   
288b  14 17 18 18 17 18 16 18 23 14   18 22 16 19 22 16 14 20 18 16   17 21 21 20 15 19 14 12 16 18   19 20 19 21 16 17 16 16 16 16   
289a  16 16 20 15 15 15 19  8 15  9   15 18 17 15 20 14 13 16 19 16   19 18 15 19 21 20 18 18 14 15   22 21 14 18 21 17 14 15 17 18   
289b  16 17 15 15 14 21 19 17 16 20   11 15 20 21 15 18 17 21 22 21   22 16 19 21 13 16 13 17 16 23   15 15 21 21 15 22 16 16 16 16   
290a  16 16 14 16 18 14 16 19 15 17   14 18 22 10 10 16 18 16 15 14   18 19  7 16 12 16 18 14 14 14   19 12 11 21 18 20 15 14 15 18   
290b  15 15 18 16 17 19 18 18 25 23   16 17 21 18 17 17 13 17 15 16   17 19 19 16 14 20 17 20 19 14   16 16 25 19 16 15 16 16 16 16   
291a  16 16 21 19 15 15 18 15 14 17   12 15 15 17 16 11 14 14 14 19   14 12 19 15 15 17 19 19 14 11   18 20 15 16 15 15 19 12 20 19   
291b  17 19 16 15 16 19 16 18 17 20   17 21 19 16 22 20 20 17 12 22   14 20 17 20 18 20 19 17 22 17   20 11 20 18 24 21 16 16 16 16   
292a  16 16 18 19 22 15 15 19 16 10   15 13 13 14 16 13 16 15 17 15   12 18 15 15 18 19 13 15 17 13   15 15 16 14 17 15 17 17 12 17   
292b  18 16 13 21 20 20 14 17 25 15   16 22 13 18 13 27 15 23 14 15   17 22 19 21 12 23 18 15 20 16   23 15 19 14 21 20 16 16 16 16   
293a  16 16 21 14 18 13 17 19 16 12   11 16 12 16 21 16 16 17 16 13   13 15 16 11 16 17 21 24 14 15   15 17 19 20 18 19 16 19 15 16   
293b  12 16 22 19 19 15 21 17 16 26   16 17 19 19 16 18 19 16 16 19   20 13 19 11 16 23 17 19 20 13   15 14 14 14 18 17 16 16 16 16   
294a  16 16 16 16 13 17 18 20 14 17   15 13 13 16 16 20 17 16 16 17   16 11 15 10 22 15 22 16 15 13   22 23 15 16 18 18 18 18 21 19   
294b  18 18 12 22 23 18 18 16 21 20   17 16 21 15 21 15 21 17 18 17   20 20 21 15 14  7 15 19 23 20   14 17 24 16 22 21 16 16 16 16   
295a  16 16 13 15 14 21 15 15 18 18   13 15 11 18 21 15 19 17 13 12   15 16 15 11 14 19 15 21 14 13   14 14 19 18 20 18 18 17 19 19   
295b  14 16 17 20 20 22 18 20 16 20   15 17 16 12 24 16 15 15 20 13   15 15 20 15 15 19 14 15 13 18   17 19 16 23 21 16 16 16 16 16   
296a  16 16 17 16 16 17 13 19 14 16   15 17 20 15 17 16 15 14 19 19   18  9 15 12 14 12 15 16 13 18   18 17 19 17 19 20 16 12 14 17   
296b  17 16 27 20 20 25 20 19 23 21   18 16 20 17 15 17 17 16 14 19   15 15 20 17 16 27 14 25 22 21   12 15 13 20 17 15 16 16 16 16   
297a  16 16 17  9 19 19 20 17 16 18   14 14 17 22  8 11 15 13 19 15   20  9 15 11 20 16 14 13 15 15   16 12 20 14 15 17 19 20 14 18   
297b  21 15 16 19 16 16 19 19 17 21   16 18 17 11 15 22 22 19 13 23   19 18 15 16 14 18 16 16 16 19   14 16 19 20 19 14 16 16 16 16   
298a  16 16 16 14 11 13 16 15 14 18   19 15 16 18 15 10 16 17 13 17   13 20 12 16 22 16 20 15 19 18   18 11 19 18 18 19 11 14 17 14   
298b  17 17 15 16 18 19 19 19 16 19   15 22 17 16 18 20 16 15 16 17   15 19 15 17 16 18 16 19 18 20   23 23 19 21 19 23 16 16 16 16   
299a  16 16 16 17 18 20 17 17 19 14   18 19 17 14 14 15 12 20 20 15   16 10 15 16 13 18 13 13 16 10   24 20 18 16 21 19 15 12 24 15   
299b  12 18 19 12 18 17 15 22 18 16   16 18 22 17 16 19 18 16 17 18   15 15 21 23 14 17 18 15 14 19   17 15 18 16 11 20 16 16 16 16   
300a  16 16 15 22 17 14  9 20 22 14   14 14 15 13 12 14 12 16 13 16   17 13 12 18 19 15 19 17 15 16   15 17 15 16 16 20 22 13 16 14   
300b  17 17 16 17 18 14 20 19 23 19   24 16 12 21 19 16 18 16 21 19   18 20 15 19 19 16 14 19 14 20   21 15 16 15 20 18 16 16 16 16   
301a  16 16 18 18 25 16 17 15 18 15   14 11 16 16 18 17 19 20 20 15   21 12 17 16 11 14 15 18 18 14   17 20 11 19 16 22 20 14 12 18   
301b  16 19 15 21 24 19 19 20 15 15   15 19 24 16 14 16 16 16 16 20   21 18 21 23 17 20 15 15 24 20   16 18 18 18 19 24 16 16 16 16   
302a  16 16 20 19 20 12 13 13 15 19   13 17 19 13 18 12 16 16 12 14   12 14 14 14 13 22 15 18 19 10   22 15 18 17 13 16 18 18 16 12   
302b  17 18 16 18 14 13 15 20 24 23   19 17 20 16 18 16 15 20 19 16   13 18 16 15 18 24 20 14 18 18   15 21 17 18 18 15 16 16 16 16   
303a  16 16 20 19 12 15 20 16 12 16   16 17 21 19 16 15 20 13 11 11   14 19 19 18 18 15 13 11 15 14   16 17 17 21 18 17 14 15 19 17   
303b  18 23 11 16 20 15 20 12 10 16   20 17 17 20 20 17 16 15 17 20   16 19 22 18 19 19 19 13 17 15   17 22 20 16 16 18 16 16 16 16   
304a  16 16 21 23 18 14 10 13 16 15   14 14 19 10 23 14 19 15 19 16   16 18 17 20 10 12 15 20 16 10   20 19 13 18 14 15 20 15 21 18   
304b  16 16 19 18 18 18 15 24 16 21   19 20 18 17 19 19 17 15 14 20   19 17 18 20 17 21 22 15 23 22   19 19 21 17 16 17 16 16 16 16   
305a  16 16 14 17 15 14 19 10 15 17   19 15 14 14 16 16 14 15 15  9   12 13 17 17 17 18  9 15 16 13   14 17 12 18 21 18 18 15 14 21   
305b  18 15 19 14 20 21 17 21 18 13   16 12 13 15 13 21 15 17 15 17   22 22 15 16 20 21 13 22 16 19   17 21 20 20 13 16 16 16 16 16   
306a  16 16 16 17 20 18 16 12 14 14   15 11 14 19 17 15 17 13 13 14   18 14 14 16 17 19 14 17 14 16   17 21 21 17 16 20 17 15 13 12   
306b  20 21 16 12 14 17 13 25 16 21   19 15 18 13 22 20 19 21 18 16   18 14 10 15 17 20 21 19 14 22   19 15 13 18 16 16 16 16 16 16   
307a  16 16 19 17 19 20 17 14 15 19   14 15 17 18 16 13 18 19 12 17   16 12 18 16 21 17 16 15 12 15   18 18 21 11 15 21 21 14 17 15   
307b  19 17 18 15 16 16 20 14 16 14   20 24 18 17 26 17 19 18 14 24   12 16 18 23 21 19 16 24 19 24   24 15 20 16 24 13 16 16 16 16   
308a  16 16 16 23 12 16 15 12 13 10   14 14 17 14 19 15 17 14 15 15   16 11 14 20 17 16 17 19 16 22   20 16 14 17 15 21 15 18 19 13   
308b  13 16 20 15 19 15 20 23 24 15   19 19 18 17 19 18 15 15 24 15   17 11 23 17 14 11 19 17 19 18   20 18 23 11 18 16 16 16 16 16   
309a  16 16 22 14 15 19 17 20 16 16   15 23 20 10 12 14 16 14 16 12   12 18 19 13 15 16 18 15 17 14   19 19 17 12 16 18 16 17 22 12   
309b  15 14 12 18 19 16 15 21 19 17   21 22 12 23 17 18 16 21 23 14   17 23 18 15 12 20 22 13 21 16   19 22 12 16 19 17 16 16 16 16   
310a  16 16 19 16 17 18 17 14 16 16   20 12 20 20 21 13 11 11 18 11   18 15 14 18 12 15 15 17 20 16   14 16 18 12 16 13 20 20 16 17   
310b  18 14 17 19 22 15 16 21 15 18   15 19 17 20 19 14 18 18 12 17   12 21 17 15 17 16 18 20 15 24   20 17 17 19 18 19 16 16 16 16   
311a  16 16 15 16 16 21 16 15 16 19   23 15 19 21 19 13 10 17 16 16   15 23 13 16 16 10 15 14 12 14   12 16 15 18 23 16 17 19 16 20   
311b  19 17 12 12 12 19 23 23 22 12   16 20 23 17 15 18 15 17 10 20   21 16 19 18 14 22 17 15 20 20   17 19 21 19 17 19 16 16 16 16   
312a  16 16 17 18 11 23 17 14 17 14   16 14 12 10 16 17 12 17 12 11   16 10 15 21 18 14 11 15 20 15   23 15 18 14 14 17 19 21 18 15   
312b  20 15 22 22 20 20 23 18 15 23   22 15 19 23 16 16 18 19 14 17   21 21 14 16 18 18 23 19 20 14   21 15 20 17 18 19 16 16 16 16   
313a  16 16 13 15 18 14 19 16 14 18   23 19 15 16 15 14 20 17 11 13   11 14 21 14 21 13 13 18 10 21   14 20 17 14 12 13 20 20 23 20   
313b  19 24 16 18 24 15 21 22 23 22   18 23 16 19 19 23 16 20 19 17   15 18 12 23 17 18 21 18 16 18   16 19 19 16 16 19 16 16 16 16   
314a  16 16 16 16 20 15 17 16 13 15   12 15 17 16 13 10 14 11 12 11   12 11 17 14 13 19 13 14 13 20   20 18 15 17 18 16 21 19 12 10   
314b  19 18 12 21 18 22 18 16 20 15   14 19 15 19 17 23 22 24 19 16   13 16 14 21 16 22 16 18 17 24   16 18 16 19 18 14 16 16 16 16   
315a  16 16 14 21 14 16 14 15 17 19   13 15 19 19 15 17 16 16 12 11   24  8 20 14 16 15 17 18 17  9   12 16 20 18 19 14 14 15 17 14   
315b  18 19 15 16 19 20 19 24 19 15   20 20 13 22 16 21 19 19 18 24   16 19 19 20 14 20 16 16 23 15   17 24 11 19 15 19 16 16 16 16   
316a  16 16 12 13 16 12 17  9 13 16   10 16 17 15 13 11 21 16 15 16   15 13 18 17 15 15 18 13 14 15    9 16 15 16 20 18 16 17 15 18   
316b  14 14 16 19 21 18 15 19 18 20   17 14 19 13 11 19 11 16 19 16   19 21 17 16 16 17 21 16 23 16   17 16 22 15 24 14 16 16 16 16   
317a  16 16 15 19 21 20 14 13 11 18   14 19 20 14 15 12 15 14 23 15   18 12 11 14 20 17 16 15 16 13   21 13 15 19 19 17 17 17 16 18   
317b  20 17 18 17 18 21 15 18 23 22   18 15 18 16 12 22 14 13 16 17   14 28 12 21 16 18 21 16 16 22   15 16 24 18 17 20 16 16 16 16   
318a  16 16 18 17 18 17 15 18 20 20   17 17 13 20 15 16 19 17 16 14   15 15 21 19 15 12 18 17 21 13   19 17 12 18 17 16 14 15 15 13   
318b  16 17 17 18 18 18 22 15 19 17   14 17 16 17 14 16 16 17 13 20   13 14 21 15 20 21 18 20 23 15   14 18 16 20 21 18 16 16 16 16   
319a  16 16 14 18 18 15 13 14 15 16   11 17 14 13 14 13 12 16 14 16    9 15 14 18 14 16 19 16 13 21   12 16 20 18 20 18 16 22 17 16   
319b  22 17 19 20 15 21 17 15 12 18   20 19 23 17 13 16 16 17 13 17   21 20 17 14 17 17 14 16 19 15   18 17 19 18 19 16 16 16 16 16   
320a  16 16 22 16 12 20 22 12 17 15   20 15 17 23 14 17 15 15 15 15   12 15 19 15 19 12 19 15 14 16   17 16 16 14 17 20 16 16 21 18   
320b  22 16 12 17 16 22 19 17 15 21   16 20 13 18 20 16 17 13 16 17   22 16 17 16 15 13 22 20 18 15   18 20 18 17 20 15 16 16 16 16   
321a  16 16 17 11 13 15 12 16 13 17   18 17 16 15 13 16 15 18 15 15    8 18 11 18 11 15 17 20 12 18   18 17 18 17 17 19 18 19 17 16   
321b  17 15 16 16 18 22 18 15 19 21   19 14 19 10 14 21 16 24 24 14   19 21 16 19 15 18 15 18 15 19   23 12 17 18 18 15 16 16 16 16   
322a  16 16 14 15 15 20 19 19 14 18   11 12 13 13 15 14 11 16 15 11   15 20 18 14 16 17 19 11 13 15   13 21 21 17 18 17 16 17 12 14   
322b  22 18 15 14 20 24 15 15 21 14   19 16 22 12 13 17 17 20 18 23   19 20 21 18 25 21 19 15 22 14   19 12 19 17 15 16 16 16 16 16   
323a  16 16 21 11 19 19 21 15 13 16   14 14 16 20 15 16 15 16 16 17   16 18 22 20 17 14 21 13 16 15   20 18 13 19 19 19 17 17 15 13   
323b  16 17 16 21 16 19 15 19 16 20   14 18 19 17 14 19 19 15 15 17   18 16 17 17 17 15 19 17 15 18   18 19 17 13 13 18 16 16 16 16   
324a  16 16 18 14 14 16 19 14 13 12   15 13 13 16 18 18 15 15 13 17   15  9 15 14 16 13 20 14 12 15   16 19 16 17 12 17 17 24 15 17   
324b  19 11 19 22 24 16 17 19 18 17   16 21 21 14 20 17 14 19 18 14   13 24 16 12 14 21 15 21 19 15   20 15 16 21 15 22 16 16 16 16   
325a  16 16 18 16 18 21 18 12 14 20   12 19 19 10 14 24 11 18 18 17   14 16 16 16 18 12 16 17 17 15   12 10 15 16 19 18 14 17 13 19   
325b  12 15 14 18 20 16 21 19 16 21   18 22 17 13 19 15 16 19 13 22   16 18 20 16 16 14 13 15 17 14   14 16 16 16 16 16 16 16 16 16   
326a  16 16 15 18 20 17 15 17 22 13   18 14 18 17  7 13 16 14 13 16   11 14 17 14 21  7 15 15 15 13   14 14 22 15 12 19 16 16 19 18   
326b  13 18 17 19 20 20 21 12 17 19   17 16 15 15 24 13 18 19 12 16   19 18 19 14 19 16 19 15 16 18   17 21 14 18 15 14 16 16 16 16   
327a  16 16 13 13 14 14 15 13 11 17   10 14 16 15 18 13 11 18 18 15   14 16 16 18 14 16 13 19 12 14   18 17 13 15 15 19 16 22 13 12   
327b  25 17 19 18 20 21 21 19 18 17   14 19 20 19 18 16 18 21 20 18   17 19 22 18 15 23 22 20 12 19   13 19 14 18 21 15 16 16 16 16   
328a  16 16 15 15 17 13 13 14 13 13   17 13 16 19 19 17 17 15 13 19   15 12 20 19 17 14 18 21 14 13   15 20 11 15 14 16 15 20 19 11   
328b  15 17 21 13 20 10 18 22 20 14   13 15 14 14 18 15 21 16 18 20   17 17 17 16 17 15 19 13 19 22   20 16 17 16 21 24 16 16 16 16   
329a  16 16 19 15 13 15 13 10 12 16   14 22 20 15 14 16 15 16 16 13   12 12 16 22 17 19 18 20 17 17   13 14 20 19 16 19 18 17 16 15   
329b  15 22 13 18 18 16 16 15 20 18   21 18 15 16 22 13 23 21 13 18   15 19 18 18 17 18 17 15 19 22   18 21 20 16 19 14 16 16 16 16   
330a  16 16 13 12 15 16 18 19  9 17   15 18 21 20 17 16 10 14 18 22   19 16 14 15 11 12 22 18 12 15   20 12 16 12 16 21 18 19 17 15   
330b  15 17 21 19 22 17 18 18 17 20   18 17 15 15 12 20 20 22 16 18   22 16 13 16 17 15 15 19 17 14   17 16 11 18 23 26 16 16 16 16   
331a  16 16 21 15 15  7 13 16 18 14   16 17 17 18 19 21 10 18  9 16   18  9 16 15 19 11 16 15 16 15   18 15  9 15 16 17 13 17 15 16   
331b  18 19 20 17 16 21 17 19 18 17   16 18 19 16 15 18 13 20 21 19   21 11 24 20 17 20 16 17 16 17   17 15 16 23 15 16 16 16 16 16   
332a  16 16 16 17 10 16 19 16 15 15   10 15 15 17 17 14 11 17 14 20   15 17 12 16 17 19 17 16 14 12   17 19 18 13 15 15 23 22 15 14   
332b  15 16 18 18 15 20 20 18 14 20   22 18 13 18 21 20 14 16 18 22   17 17 21 17 19 12 16 13 14 11   13 18 17 16 12 16 16 16 16 16   
333a  16 16 13 23 16 16 15 22 12 22   12 17 14 10  7 18 17 17 19 15   15 16 15 15 16 16 21 17 13 18   12 18 22 16 19 20 16 20 15 13   
333b  17 16 12 18 17 20 15 19 14 19   18 22 23 21 19 14 16 20 22 15   19 19 14 20 18 16 15 22 17 20   10 19 13 18 18 15 16 16 16 16   
334a  16 16 17 14 15  8 15 17 15 22   15 12 15 15 17 14 18 13 16 10   20 11 20 15 17 16 16 15 15 15   20 16 16 18 19 13 17 18 16 21   
334b  11 15 23 17 15 19 16 15 17 25   14 19 16 20 20 20 19 18 20 16   18 16 15 14 16 19 19 20 19 13   19 18 20 14 19 16 16 16 16 16   
335a  16 16 19 15 13 13 15 13 21 19   14 10 15 11 15 17 13 13 15 15   15 17 21 16 14 10 15 17 14 16   18 18 17 15 18 14 17 12 19 17   
335b  16 16 15 15 15 21 15 21 17 16   22 20 17 12 19 22 14 17 13 17   17 13 18 19 15 16 13 23 26 17   23 15 20 21 19 16 16 16 16 16   
336a  16 16 18 13  8 20 21 16 15 22   17 18 21 16 16 17 13 15 19 14   18 15 14 16 17 10 16 11 16 17   10 17 15 18 22 19 14 17 11 20   
336b  18 16 18 16 18 22 19 19 13 16   22 16 15 18 14 20 21 13 15 11   17 11 13 17 19 18 20 17 16 16   18 19 17 18 16 21 16 16 16 16   
