###    1  2  3  4  5  6  7  8  9 10   11 12 13 14 15 16 17 18 19 20   21 22 23 24 25 26 27 28 29 30   31 32 33 34 35 36 37 38 39 40   
###   41 42 43 44 45 46 47 48 49 50   51 52 53 54 55 56 57 58 59 60   61 62 63 64 65 66 67 68 69 70   71 72 73 74 75 76 77 78 79 80   
  1a  16 16 15 26 19 25 21 17 18 20   18 14 20 20 18 19 20 21 17 18   22 20  9 16 16 16 16 16 16 16   16 19 18 15 26 16 16 16 16 16   
  1b  16 16 16 21 24 22 23 16 16 16   16 16 16 16 16 25 28 23 25 24   25 22 27 23 27 20 27 31 24 24   31 20 31 31 26 28 16 16 16 16   
  2a  16 16 24 21 21 20 16 24 18 20   21 19 20 18 17 14 15 15 21 16   19 15 16 18 20 22 20 20 21 19   20 17 18 22 16 20 18 20 12 21   
  2b  20 25 24 23 24 20 21 16 23 25   23 22 18 24 22 23 27 16 25 27   23 24 24 21 21 24 27 23 24 21   26 23 23 27 22 25 16 16 16 16   
  3a  16 16 25 19 22 17 18 18 24 18   19 20 22 21 21 14 17 16 17 22   17 18 18 16 16 18 16 24 19 17   23 23 22 22 29 21 20 26 20 21   
  3b  27 24 24 26 26 28 19 22 21 28   21 18 30 21 25 24 26 16 29 18   24 21 21 22 23 21 21 19 26 26   24 25 25 23 23 24 16 16 16 16   
  4a  16 16 18 17 20 22 20 18 21 20   31 20 20 13 13 21 23 16 19 16   15 15 16 21 19 11 20 20 21 22   21 14 21 23 22 21 21 18 19 19   
  4b  22 18 28 23 26 28 24 23 23 24   20 22 26 21 28 29 29 17 25 19   25 22 30 24 23 25 21 20 26 24   30 23 26 17 29 22 16 16 16 16   
  5a  16 16 23 18 20 21 21 21 22 21   19 21 23 15 23 22 16 18 23 18   18 13 17 24 18 16 24 21 17 20   20 21 23 23 15 20 17 18 26 19   
  5b  21 21 24 26 24 24 24 20 25 26   24 25 26 24 26 16 20 25 25 29   24 22 23 25 28 31 26 22 28 27   25 24 28 24 20 24 16 16 16 16   
  6a  16 16 18 25 19 18 26 19 20 19   23 22 19 19 16 20 20 21 23 21   10 24 21 19 14 22 27 21 26 20   17 23 18 21 17 19 19 25 29 25   
  6b  19 22 22 21 27 19 26 22 20 24   27 22 24 20 28 23 25 17 24 20   25 27 22 26 30 27 24 29 24 23   28 27 26 21 23 22 16 16 16 16   
  7a  16 16 19 23 23 20 22 22 22 17   23 18 22 20 23 24 22 17 25 23   17 18 25 19 20 23 23 20 26 18   17 24 25 25 16 20 23 19 22 20   
  7b  20 23 22 25 23 20 24 23 21 21   27 26 27 23 20 20 24 22 23 21   28 21 21 23 21 24 19 23 31 23   19 22 29 20 19 24 16 16 16 16   
  8a  16 16 24 22 25 25 20 25 18 18   19 20 20 23 19 27 16 16 18 17   17 17 20 22 25 15 19 20 18 27   14 20 19 22 20 17 18 23 20 22   
  8b  21 25 20 21 27 22 23 25 24 22   21 22 24 20 21 24 24 20 23 26   23 24 25 19 22 18 28 23 21 25   27 30 27 26 28 20 16 16 16 16   
  9a  16 16 18 22 23 23 18 19 23 20   20 20 25 20 20 18 20 19 21 15   16 18 23 17 19 20 21 19 19 23   22 23 24 19 20 21 23 24 21 28   
  9b  24 20 15 23 21 24 19 24 26 20   23 25 22 20 17 21 23 21 25 25   21 22 27 27 25 26 24 26 28 22   24 28 26 23 31 27 16 16 16 16   
 10a  16 16 19 18 19 17 23 16 17 17   22 22 17 19 23 19 14 19 19 16   14 20 18 20 21 23 17 17 23 21   17 21 22 18 22 19 20 24 17 23   
 10b  23 23 28 22 25 21 27 28 22 25   20 29 25 23 21 22 26 30 23 19   28 22 21 24 23 24 27 20 21 17   24 26 25 21 25 24 16 16 16 16   
 11a  16 16 21 18 23 15 13 25 23 19   21 22 22 26 20 26 15 14 21 17   16 16 20 24 19 24 14 21 20 25   20 21 21 25 27 22 21 27 23 22   
 11b  21 25 23 18 21 21 24 19 24 23   28 25 29 17 24 27 22 24 19 23   25 26 25 29 31 25 25 29 17 24   28 24 23 25 26 21 16 16 16 16   
 12a  16 16 15 15 21 13 19 17 21 19   20 22 21 19 20 16 21 21 23 20   20 23 24 21 28 18 23 23 23 22   18 19 15 18 24 20 23 18 19 25   
 12b  26 23 21 21 26 26 28 27 22 24   18 22 24 20 21 29 24 17 24 24   22 23 23 27 24 26 21 27 23 25   27 22 22 18 25 19 16 16 16 16   
 13a  16 16 22 17 19 16 26 18 21 18   20 18 22 18 19 22 24 23 16 17   18 16 22 16 18 23 18 16 17 23   23 23 20 19 22 21 17 14 23 28   
 13b  26 25 23 24 20 26 22 20 27 25   22 25 24 24 19 23 21 20 25 21   26 26 30 23 28 22 28 30 26 23   27 25 18 24 26 27 16 16 16 16   
 14a  16 16 16 22 18 20 26 17 23 17   23 17 22 23 17 15 21 12 14 18   26 21 20 24 18 16 25 18 20 18   18 21 19 27 17 20 21 23 16 28   
 14b  18 15 26 25 20 19 25 28 23 22   19 23 20 24 20 25 26 21 29 28   21 26 24 27 21 23 23 27 25 25   27 23 23 18 27 24 16 16 16 16   
 15a  16 16 22 15 20 16 20 25 26 18   15 18 22 17 27 19 23 19 21 15   21 14 19 19 21 21 17 16 19 18   23 21 20 15 16 21 20 16 23 27   
 15b  16 26 21 20 27 26 28 17 22 25   22 26 23 29 21 22 27 22 22 23   29 21 26 24 25 25 26 20 31 26   26 18 20 26 23 27 16 16 16 16   
 16a  16 16 16 25 17 18 22 20 27 23   26 20 21 23 19 20 19 19 25 21   22 22 19 25 22 20 22 21 21 20   20 23 19 20 21 22 28 21 21 27   
 16b  23 22 26 26 19 19 26 29 28 21   26 23 18 24 24 23 24 19 27 23   23 22 27 24 22 20 27 27 21 21   22 23 30 24 27 20 16 16 16 16   
 17a  16 16 17 20 16 25 19 24 27 18   17 17 20 22 21 13 22 22 21 24   16 17 26 14 21 19 21 19 16 22   18 23 21 17 24 17 26 13 20 21   
 17b  23 19 27 25 23 24 26 28 22 23   22 26 24 23 24 18 20 25 20 26   25 23 16 24 18 25 20 26 28 24   27 21 25 21 25 27 16 16 16 16   
 18a  16 16 20 14 21 15 16 17 24 17   20 16 23 21 17 20 25 23 21 19   18 15 24 23 15 21 17 21 22 22   17 17 24 24 25 27 30 21 22 20   
 18b  21 26 24 20 20 22 27 24 27 27   26 27 26 23 29 23 27 20 26 18   27 25 28 27 23 21 22 23 26 26   23 27 27 24 28 31 16 16 16 16   
 19a  16 16 22 16 20 22 21 21 23 20   19 17 21 22 21 15 19 15 20 18   24 20 16 15 17 15 18 19 20 18   19 22 19 24 20 23 26 19 18 25   
 19b  21 27 20 19 27 26 23 31 24 23   24 23 24 27 21 27 22 23 23 24   24 27 26 25 22 23 25 23 26 23   27 26 29 20 22 27 16 16 16 16   
 20a  16 16 23 16 18 20 28 23 25 19   13 21 19 23 19 19 18 18 20 21   16 20 15 19 23 25 22 19 11 20   17 22 22 20 27 22 23 14 19 16   
 20b  20 20 15 26 23 22 24 24 30 21   23 27 20 26 25 23 27 27 24 23   22 22 24 25 18 20 24 28 24 24   30 18 28 31 27 25 16 16 16 16   
 21a  16 16 21 15 31 21 27 16 26 20   19 23 21 17 22 23 20 20 21 26   15 21 13 15 19 15 15 15 22 23   16 20 24 21 23 26 26 20 18 25   
 21b  26 22 25 22 27 24 28 28 27 24   23 18 25 27 22 20 25 21 21 18   24 19 27 20 22 25 21 23 24 22   28 27 31 20 30 25 16 16 16 16   
 22a  16 16 23 22 22 21 25 14 17 23   20 18 24 13 20 16 21 24 18 16   21 13 20 20 19 19 18 16 19 21   17 19 22 24 17 19 18 20 24 22   
 22b  24 20 25 23 26 27 25 25 26 22   23 21 28 19 27 21 25 24 24 23   24 25 24 28 26 23 25 23 20 25   24 25 24 21 25 26 16 16 16 16   
 23a  16 16 22 23 22 16 18 24 18 22   18 23 23 27 18 20 17 17 21 15   24 17 17 21 16 21 18 21 20 16   17 14 22 26 25 19 22 20 23 27   
 23b  20 20 23 29 23 19 21 23 23 24   24 30 22 22 26 30 24 24 27 27   24 24 23 24 21 20 20 25 23 25   31 26 25 26 23 21 16 16 16 16   
 24a  16 16 20 19  8 16 19 22 22 20   27 19 21 19 19 23 24 24 25 17   20 17 21 19 17 21 21 16 28 16   15 23 23 23 21 24 22 23 21 20   
 24b  24 18 16 20 24 23 19 24 23 27   22 24 19 24 21 24 26 22 21 23   25 27 27 23 26 25 22 24 25 24   31 24 25 26 28 29 16 16 16 16   
 25a  16 16 27 20 13 15 19 19 20 21   21 19 23 22 16 23 21 22 16 20   22 17 23 16 19 23 20 20 24 24   25 17 22 21 18 25 22 25 22 19   
 25b  24 22 24 29 19 24 21 19 24 23   24 19 29 27 21 20 25 24 24 23   25 23 28 25 24 29 31 27 27 21   26 20 27 27 21 20 16 16 16 16   
 26a  16 16 20 23 22 25 23 18 22 18   24 18 13 20 21 22 16 18 17 16   17 13 15 15 15 21 15 17 20 17   21 21 18 18 21 19 21 23 30 20   
 26b  20 27 17 21 28 24 27 23 27 24   23 21 22 22 29 24 22 21 21 27   31 24 26 25 22 25 24 17 21 20   23 19 31 27 27 21 16 16 16 16   
 27a  16 16 21 16 21 19 17 20 22 19   23 22 25 17 18 23 15 21 23 23   15 22 21 20 23 17 18 22 20 16   22 23 23 22 15 20 23 22 17 19   
 27b  21 24 27 23 22 23 28 23 24 29   29 25 22 19 26 23 29 24 29 28   23 20 24 23 28 26 23 27 26 23   29 23 26 16 28 25 16 16 16 16   
 28a  16 16 25 18 22 19 17 21 20 16   21 22 17 15 17 13 19 17 18 22   15 18 18 19 19 24 18 18 18 19   29 21 21 21 17 17 16 23 23 21   
 28b  23 23 21 22 21 21 27 19 25 22   25 23 27 28 29 27 22 25 27 26   23 26 23 23 30 20 20 25 24 16   22 29 24 21 14 22 16 16 16 16   
 29a  16 16 20 21 17 22 24 19 20 21   26 28 17 21 14 20 21 16 19 19   23 23 18 16 19 16 22 16 23 23   20 21 21 20 18 14 22 17 21 24   
 29b  27 24 22 24 23 23 24 25 22 21   24 23 24 21 20 20 27 24 24 31   27 19 23 28 27 26 25 24 21 23   27 29 23 31 24 21 16 16 16 16   
 30a  16 16 20 20 24 14 17 19 21 18   24 21 20 21 28 18 22 19 18 15   15 22 21 23 19 16 13 21 22 17   16 25 15 21 19 16 27 26 23 22   
 30b  22 25 20 19 25 24 24 23 23 23   25 25 15 23 24 22 24 23 20 22   31 23 23 26 26 28 27 26 27 25   26 20 25 21 26 25 16 16 16 16   
 31a  16 16 18 23 23 21 25 21 22 14   21 22 21 19 23 24 23 23 24 17   24 25 20 16 19 24 20 22 18 20   20 24 17 20 18 16 23 16 23 21   
 31b  26 25 25 24 23 19 27 24 21 24   21 23 29 22 26 22 20 25 21 18   29 21 21 20 27 19 27 27 27 24   22 27 28 22 24 26 16 16 16 16   
 32a  16 16 18  2 16 16 20 22 20 18   23 23 20 18 30 22 23 19 25 24   23 18 14 13 19 20 20 16 28 17   19 23 17 21 21 22 25 21 23 21   
 32b  21 26 17 24 28 27 26 24 23 26   27 30 25 21 24 21 24 19 31 23   28 21 21 16 21 27 26 26 28 24   22 25 18 25 27 23 16 16 16 16   
 33a  16 16 22 31 19 25 26 20 15 21   28 20 19 23 20 19 23 21 19 20   10 19 21 19 17 14 15 14 22 21   19 18 19 23 28 25 15 17 28 19   
 33b  22 25 24 19 23 24 20 30 22 29   27 23 27 21 24 17 24 18 30 25   25 30 22 18 18 26 20 24 26 25   25 22 25 23 25 27 16 16 16 16   
 34a  16 16 20 16 11 25 19 19 18 20   19 16 19 22 15 25 25 18 21 16   14 19 22 18 21 21 21 18 24 15   18 20 22 21 27 20 20 23 21 28   
 34b  22 20 23 24 22 20 25 23 20 24   23 21 29 19 25 19 19 26 23 23   20 23 25 25 29 26 27 25 23 23   23 26 24 23 22 23 16 16 16 16   
 35a  16 16 26 18 16 19 18 23 19 21   23 15 22 22 17 17 16 20 21 22   22 20 20 15 20 19 22 18 19 15   27 20 18 20 24 19 21 26 18 21   
 35b  23 22 20 20 26 22 24 23 21 22   27 19 29 28 25 24 19 18 24 26   29 26 25 27 25 22 28 29 27 23   26 25 24 24 25 22 16 16 16 16   
 36a  16 16 23 21 22 20 20 22 18 15   18 22 23 20 23 19 24 19 15 21   15 21 16 21 18 17 22 17 20 16   20 22 20 24 23 24 21 19 23 19   
 36b  25 27 19 22 21 21 22 24 23 25   27 23 23 24 26 24 24 23 26 21   28 22 28 26 27 24 23 25 26 25   28 25 30 21 22 23 16 16 16 16   
 37a  16 16 22 23 21 21 27 19 20 21   21 21 21 15 21 22 20 22 16 17   14 16 20 20 19 19 23 17 21 20   17 21 19 23 17 18 15 20 23 18   
 37b  22 25 27 23 23 24 20 31 26 25   24 20 27 31 26 23 26 22 22 26   24 19 28 22 26 22 20 26 28 27   26 21 27 25 30 26 16 16 16 16   
 38a  16 16 15 25 25 22 19 19 20 22   16 22 22 15 17 14 23 23 17 25   15 11 15 18 24 16 23 21 15 19   21 19 17 20 23 19 23 22 19 22   
 38b  22 23 24 14 24 27 26 22 26 21   20 27 20 26 21 23 20 24 21 27   24 26 31 24 26 20 25 23 23 22   24 31 26 23 25 17 16 16 16 16   
 39a  16 16 16 22 19 18 30 19 17 22   15 22 15 24 21 22 26 20 18 18   17 20 21 21 21 20 18 18 17 20   17 18 20 22 25 20 22 17 21 19   
 39b  21 21 20 20 22 25 22 22 27 24   23 26 23 21 25 23 24 26 21 24   21 24 29 21 29 23 25 26 25 19   24 26 23 31 30 22 16 16 16 16   
 40a  16 16 19 27 20 20 21 23 27 21   18 18 20 18 21 18 19 20 21 22   15 22 19 20 21 18 18 23 18 15   19 22 23 19 23 24 24 24 21 21   
 40b  23 25 26 24 24 22 20 22 29 21   31 28 25 20 23 18 20 25 27 28   26 23 22 25 22 25 26 20 24 23   22 27 22 27 20 24 16 16 16 16   
 41a  16 16 18 18 23 23 19 23 21 17   22 22 19 17 18 27 18 22 20 20   12 20 16 21 18 22 22 14 20 15   21 17 26 16 22 25 23 22 22 20   
 41b  21 24 20 21 23 19 23 25 25 27   23 24 28 22 23 17 18 23 27 25   24 18 24 20 22 23 27 20 18 22   24 22 23 18 25 20 16 16 16 16   
 42a  16 16 20 20 14 17 19 21 19 15   20 26 23 21 16 17 22 19 14 22   22 19 20 20 19 21 18 17 20 13   22 27 20 20 27 23 28 19 23 23   
 42b  24 25 21 22 23 24 21 24 23 24   18 23 21 21 29 28 23 18 25 23   31 23 23 24 24 18 24 23 25 28   27 27 26 24 25 20 16 16 16 16   
 43a  16 16 24 21 21 19 20 16 19 18   19 23 17 18 21 16 17 22 22 15   23 24 22 17 16 17 20 23 19 18   13 14 20 23 22 23 25 20 22 22   
 43b  20 20 24 17 28 20 23 24 22 23   24 29 23 19 23 23 20 26 20 24   23 27 25 25 29 21 28 26 28 28   24 24 23 22 26 29 16 16 16 16   
 44a  16 16 22 20 20 23 18 24 19 22   15 24 26 23 21 17 26 15 22 20   21 20 20 19 17 18 20 16 18 25   23 24 21 22 26 22 23 21 25 25   
 44b  23 25 25 25 20 24 23 21 16 21   28 28 22 20 22 31 27 21 22 25   28 28 27 23 25 27 25 31 27 21   27 26 29 30 27 28 16 16 16 16   
 45a  16 16 17 17 23 19 25 22 21 22   16 21 23 19 26 15 18 17 21 22   22 21 16 24 18 16 15 14 22 21   17 23 22 21 21 19 19 18 19 23   
 45b  18 22 18 21 21 22 21 22 28 24   23 25 20 22 23 31 23 21 28 24   23 20 25 30 23 28 21 26 24 24   23 27 24 22 30 24 16 16 16 16   
 46a  16 16 17 17 23 17 27 19 16 18   26 17 22 21 17 18 24 20 21 23   24 21 23 15 17 25 22 22 19 19   17 20 21 22 20 21 16 16 19 21   
 46b  19 20 22 23 23 23 22 21 27 21   31 24 25 23 27 28 22 29 25 21   16 23 25 23 28 29 21 26 27 28   25 21 22 21 28 31 16 16 16 16   
 47a  16 16 25 17 19 24 20 24 19 25   21 22 27 22 19 20 20 19 16 20   15 19 23 18 23 20 18 23 17 17   19 20 21 23 20 23 20 24 25 22   
 47b  27 28 22 23 20 30 21 17 25 25   18 21 26 17 28 21 24 22 22 23   25 19 30 26 24 24 26 25 31 22   22 25 18 23 20 21 16 16 16 16   
 48a  16 16 22 19 16 23 18 19 22 23   18 20 18 12 19 18 20 19 18 21   22 20 19 13 22 21 23 16 25 17   25 14 23 23 20 26 23 25 25 17   
 48b  16 23 30 22 21 25 26 24 24 22   23 24 22 23 22 23 24 26 29 25   27 18 27 21 19 21 30 27 25 26   28 26 28 26 27 23 16 16 16 16   
 49a  16 16 25 13 24 24 22 23 24 18   23 16 20 17 27 14 19 19 16 16   13 17 24 17 20 19 23 24 26 16   15 25 24 18 19 21 20 23 18 20   
 49b  31 23 21 23 24 20 24 29 21 18   24 25 27 19 25 29 18 25 26 20   21 28 26 24 23 23 27 25 27 21   24 26 25 25 25 20 16 16 16 16   
 50a  16 16 22 24 27 18 19 16 18 18   19 25 23 24 14 16 19 18 24 20   21 20 23 21 15 22 19 19 18 18   17 17 21 24 19 19 19 18 22 21   
 50b  27 22 22 22 21 20 26 27 25 24   26 21 21 29 25 17 18 24 23 24   25 24 24 25 24 16 26 21 27 24   23 24 23 25 25 25 16 16 16 16   
 51a  16 16 21 17 16 19 19 19 22 24   24 25 19 25 22 21 17 19 20 18   19 18 23 17 24 22 21 14 20 17   19 19 19 24 24 23 24 21 27 19   
 51b  22 20 20 18 22 21 27 23 30 24   25 19 25 24 26 24 24 26 31 22   27 26 27 20 25 24 27 24 25 27   22 26 24 28 21 22 16 16 16 16   
 52a  16 16 25 23 19 21 18 20 17 19   22 19 15 14 18 22 18 20 14 17   20 22 21 17 22 18 16 19 18 23   21 22 21 23 24 24 27 23 22 20   
 52b  24 27 27 22 20 20 31 17 26 22   22 19 20 24 24 23 19 20 26 23   24 23 25 19 25 27 27 23 27 25   25 25 22 26 22 29 16 16 16 16   
 53a  16 16 18 19 22 24 18 18 22 20   17 19 17 21 16 21 18 22 24 23   18 20 19 17 18 20 18 19 20 22   21 20 19 17 16 17 23 16 18 19   
 53b  14 21 20 19 24 18 25 16 26 22   28 25 22 23 27 24 20 24 21 26   18 21 26 25 22 24 27 26 25 27   27 26 22 26 28 21 16 16 16 16   
 54a  16 16 22 16 18 27 19 18 15 17   24 16 20 17 18 21 21 23 18 19   19 20 19 26 16 18 14 23 23 18   18 20 18 24 26 21 22 16 24 25   
 54b  20 19 22 25 22 31 24 19 24 21   21 22 23 20 26 27 26 23 24 20   17 27 28 25 26 26 29 23 26 26   22 23 27 23 28 23 16 16 16 16   
 55a  16 16 23 21 14 21 18 23 27 21   19 18 19 15 17 13 22 22 21 17   18 14 19 23 20 27 23 19 20 24   14 19 24 20 24 21 19 21 23 26   
 55b  24 23 25 23 18 18 19 19 23 27   26 28 22 22 23 20 25 24 27 23   28 24 19 24 24 24 31 25 22 25   23 26 27 24 25 24 16 16 16 16   
 56a  16 16 18 21 17 17 17 19 17 12   21 21 21 20 21 15 14 19 21 19   21 20 20 17 17 16 23 16 21 23   27 15 18 22 22 18 19 18 24 19   
 56b  27 22 26 18 23 24 23 21 25 25   25 23 24 26 20 22 21 23 24 23   24 25 23 22 31 25 29 24 28 21   24 19 30 24 24 19 16 16 16 16   
 57a  16 16 22 22 24 16 20 31 13 24   15 23 21 22 23 21 19 20 18 19   19 24 20 19 22 14 20 16 17 24   17 16 23 21 19 27 20 24 22 20   
 57b  24 20 17 15 25 17 28 14 21 21   24 21 26 18 30 21 26 23 24 24   23 18 22 22 22 22 27 24 26 24   29 22 26 21 25 24 16 16 16 16   
 58a  16 16 19 17 20 19 27 18 20 19   21 23 16 22 20 19 24 15 21 20   20 17 17 21 22 17 25 16 19 19   21 20 19 22 17 22 20 18 24 28   
 58b  22 18 23 26 24 25 23 16 25 23   21 22 25 24 15 24 31 28 22 23   24 30 30 23 27 22 29 30 28 22   24 21 24 28 23 23 16 16 16 16   
 59a  16 16 22 23 18 21 20 22 25 24   17 16 25 19 21 16 21 18 18 18   21 16 25 21 15 16 17 16 24 19   20 19 22 19 15 22 19 23 19 23   
 59b  21 22 21 24 24 23 24 20 22 22   29 22 23 26 24 24 25 27 17 24   19 27 27 18 21 23 30 28 27 28   27 26 24 24 26 21 16 16 16 16   
 60a  16 16 22 21 20 18 21 19 20 24   23 18 23 18 20 21 24 22 20 16   20 20 20 19 23 17 14 23 19 20   19 24 24 16 21 18 22 20 23 21   
 60b  21 23 18 19 24 22 24 26 28 31   24 27 26 23 27 21 23 20 27 23   24 27 26 22 30 24 27 14 23 24   28 20 28 16 20 28 16 16 16 16   
 61a  16 16 21 16 19 25 15 20 18 24   25 19 19 18 24 19 16 20 21 24   19 17 29 24 20 17 19 13 20 22   17 19 22 22 28 20 24 23 19 18   
 61b  18 25 27 17 24 18 20 18 20 22   23 19 25 19 26 25 31 22 23 25   23 25 23 23 26 21 24 24 23 23   24 24 25 26 31 30 16 16 16 16   
 62a  16 16 19 18 18 20 26 19 22 18   19 28 23 22 20 19 18 18 24 22   26 19 17 20 22 20 23 18 17 23   22 21 20 18 22 22 18 24 15 23   
 62b  21 20 24 25 31 26 24 27 20 20   25 20 24 21 24 21 22 21 21 21   23 21 22 30 23 17 26 22 29 21   23 24 22 22 26 24 16 16 16 16   
 63a  16 16 20 22 18 22 26 21 22 22   21 20 25 22 21 18 24 22 21 18   18 17 15 19 22 15 17 16 19 23   19 21 18 22 20 18 21 21 21 22   
 63b  17 25 22 22 22 21 19 21 24 16   22 22 21 19 23 23 20 20 27 23   27 19 22 24 31 22 23 26 25 21   25 27 24 21 21 23 16 16 16 16   
 64a  16 16 27 22 21 20 23 23 24 19   16 19 19 19 20 20 20 20 18 19   17 16 18 18 17 21 19 22 15 20   27 18 22 25 23 19 25 22 22 23   
 64b  21 21 22 24 23 18 21 24 22 31   23 26 24 23 20 22 23 27 24 23   30 24 27 22 31 19 26 23 24 23   20 22 22 22 25 25 16 16 16 16   
 65a  16 16 28 23 24 19 24 14 16 17   21 18 31 19 20 19 14 24 19 22   16 23 22 21 15 20 23 19 17 14   18 24 20 21 20 20 24 21 18 18   
 65b  21 23 24 19 23 21 23 20 24 24   25 21 23 26 24 21 24 24 26 26   30 21 24 26 17 28 24 25 24 22   27 26 23 27 22 19 16 16 16 16   
 66a  16 16 20 23 19 20 23 25 16 17   23 18 23 15 20 22 22 19 22 14   22 20 19 22 19 14 21 18 20 18   23 20 26 18 21 22 22 19 21 22   
 66b  23 19 22 22 20 20 19 22 24 28   24 25 25 25 20 24 29 24 24 27   22 22 28 23 28 28 23 18 27 21   25 24 24 27 28 24 16 16 16 16   
 67a  16 16 24 23 20 27 21 27 23 22   18 17 17 21 15 18 18 28 13 20   21 20 19 19 21 17 18 14 23 20   17 19 23 18 19 21 21 19 18 19   
 67b  25 25 20 23 24 24 16 23 24 19   25 23 19 27 21 25 23 24 21 17   26 25 21 28 28 23 24 27 31 23   28 20 21 27 27 27 16 16 16 16   
 68a  16 16 23 26 21 22 16 16 23 19   22 15 24 17 17 15 16 23 22 19   21 21 18 21 18 14 24 24 21 20   18 21 17 22 27 19 20 23 20 26   
 68b  20 23 22 19 28 20 18 19 22 22   26 23 22 24 25 18 27 22 29 24   23 23 25 21 26 23 29 25 23 20   19 21 23 21 31 20 16 16 16 16   
 69a  16 16 22 18 21 21 21 17 27 15   20 20 22 17 21 18 21 22 18 16   14 16 19 15 16 18 15 22 19 13   22 20 12 16 21 16 19 20 21 19   
 69b  25 24 24 19 24 19 22 18 24 22   24 21 23 25 21 16 27 31 28 27   25 23 24 26 28 23 24 26 22 29   26 22 29 23 25 28 16 16 16 16   
 70a  16 16 23 21 23 19 19 17 21 24   16 20 21 15 20 21 20 26 18 15   14 22 22 18 22 17 20 18 16 21   16 20 20 19 25 21 16 21 19 21   
 70b  21 22 23 24 23 22 21 27 23 22   22 22 24 22 23 25 23 27 24 22   31 24 22 23 25 22 25 26 22 31   26 27 26 26 24 26 16 16 16 16   
 71a  16 16 23 18 18 17 19 22 19 20   21 19 12 19 19 19 15 14 16 17   16 16 15 25 21 18 22 22 23  9   21 18 21 17 21 19 20 15 22 19   
 71b  21 24 25 22 24 20 23 27 21 20   26 19 20 23 21 20 28 24 20 24   26 26 22 17 23 25 27 28 22 27   25 23 24 24 24 27 16 16 16 16   
 72a  16 16 26 19 15 21 24 22 17 19   17 19 19 16 21 17 21 25 22 19   23 23 16 18 23 18 19 20 20 17   18 16 17 20 23 28 19 18 18 21   
 72b  16 25 23 24 24 24 22 20 20 22   20 23 21 25 24 24 26 27 27 24   22 23 26 24 25 22 20 21 26 27   27 21 25 23 26 23 16 16 16 16   
 73a  16 16 24 22 18 23 19 14 25 22   20 22 17 22 21 18 17 19 18 18   19 20 16 25 19 19 21 21 20 19   22 22 18 24 16 21 17 21 24 23   
 73b  22 17 19 21 26 24 24 27 24 21   24 30 23 25 24 24 26 23 19 20   14 23 23 26 23 24 22 26 28 24   30 22 21 27 22 21 16 16 16 16   
 74a  16 16 15 21 25 17 20 20 22 23   23 19 21 17 26 18 20 22 19  8   20 16 20 18 21 17 18 18 18 16   20 18 17 19 22 24 19 20 26 17   
 74b  29 23 24 25 23 20 23 22 23 24   22 23 23 22 21 25 25 18 26 22   26 30 21 26 21 15 25 22 26 24   21 27 21 23 24 24 16 16 16 16   
 75a  16 16 17 22 16 18 16 18 17 16   22 20 18 17 22 22 13 17 20 21   19 18 15 17 23 17 21 19 18 21   16 23 16 19 21 21 19 21 23 22   
 75b  23 23 23 23 25 26 20 21 28 19   27 22 25 25 25 20 24 23 21 19   25 28 25 28 25 18 25 24 22 30   29 19 26 24 21 24 16 16 16 16   
 76a  16 16 18 21 20 18 22 20 27 14   21 23 17 25 23 25 21 20 19 19   21 20 20 19 15 13 15 13 19 22   18 18 17 20 24 20 26 26 22 21   
 76b  24 27 20 22 25 25 23 22 24 26   25 19 23 22 25 18 22 20 26 22   24 23 26 22 20 27 26 28 30 27   26 29 21 26 25 28 16 16 16 16   
 77a  16 16 25 16 20 24 24 18 17 22   20 23 20 19 17 16 21 23 22 16   20 18 18 15 17 15 21 21 22 20   23 22 24 19 25 18 28 20 19 20   
 77b  22 22 20 21 24 24 19 25 23 25   19 20 21 19 26 23 23 22 20 25   23 22 25 23 19 20 31 26 21 21   31 23 25 19 25 21 16 16 16 16   
 78a  16 16 23 24 24 14 25 21 23 17   24 18 21 21 19 15 20 21 22 12   19 18 19 20 20 19 21 18 20 13   16 21 23 23 20 20 20 19 21 22   
 78b  23 19 23 24 23 19 23 21 27 18   31 21 19 17 21 24 27 17 25 24   23 26 27 18 26 26 30 21 26 27   22 20 26 22 27 25 16 16 16 16   
 79a  16 16 23 18 19 20 19 19 19 17   19 16 20 21 20 20 19 17 18 21   14 17 18 17 18 19 18 23 17 21   22 12 19 20 23 25 17 20 25 19   
 79b  19 22 23 20 22 22 22 25 19 23   26 24 25 23 20 18 23 15 24 23   26 26 23 28 27 24 24 24 25 29   23 23 24 22 23 18 16 16 16 16   
 80a  16 16 13 20 18 17 17 21 16 21   20 18 22 15 20 21 18 21 24 20   22 18 16 18 18 16 15 20 23 14   16 23 19 18 24 15 21 14 23 23   
 80b  21 26 21 23 23 27 29 19 23 28   28 23 26 24 22 23 31 22 19 23   26 30 24 27 29 23 23 29 27 23   23 21 26 24 26 25 16 16 16 16   
 81a  16 16 18 19 19 12 23 16 23 24   17 26 23 23 18 24 26 18 20 20   14 21 16 16 15 22 19 22 21 19   15 24 22 22 26 22 22 22 21 19   
 81b  27 23 20 19 24 23 22 24 22 20   24 24 24 18 21 22 22 29 24 22   24 26 24 17 28 23 28 26 26 24   23 23 21 19 26 20 16 16 16 16   
 82a  16 16 14 20 19 19 14 19 18 20   21 17 25 17 25 23 15 19 19 17   21 15 18 20 16 19 19 15 15 18   21 22 23 21 24 21 23 17 20 16   
 82b  20 22 16 22 22 29 23 24 21 21   23 25 25 24 27 26 24 23 25 24   29 22 25 23 24 20 22 23 26 26   22 20 28 25 23 17 16 16 16 16   
 83a  16 16 19 21 19 21 21 26 19 14   14 23 13 23 20 19 18 18 19 16   23 17 19 16 18 17 18 18 21 23   17 23 19 24 28 20 24 24 21 22   
 83b  15 22 26 17 23 26 21 28 25 27   30 22 19 23 27 16 28 22 26 26   28 24 27 21 24 29 30 26 21 22   27 27 26 27 23 23 16 16 16 16   
 84a  16 16 19 22 19 21 22 22 15 24   12 19 17 19 21 21 18 25 21 22   19 21 14 20 20 14 21 14 19 19   18 15 20 20 16 24 22 22 21 19   
 84b  21 13 19 23 23 27 24 16 23 25   24 24 19 19 25 18 26 22 26 23   23 27 25 25 28 22 27 23 21 25   21 22 26 22 23 24 16 16 16 16   
 85a  16 16 18 15 20 19 25 21 16 22   18 21 20 18 22 22 19 16 18 15   19 18 21 17 16 16 19 14 19 16   18 18 18 15 22 19 19 26 17 22   
 85b  22 20 24 20 24 23 23 25 21 21   26 27 19 21 24 24 22 18 30 24   23 19 22 21 23 23 26 17 31 24   26 19 23 24 25 18 16 16 16 16   
 86a  16 16 17 20 17 17 18 16 20 21   16 13 20 15 13 25 25 22 22 21   24 19 23 23 23 19 15 19 16 19   20 20 23 24 20 21 26 19 19 28   
 86b  24 22 25 19 15 22 23 29 27 25   26 22 26 23 19 27 25 23 22 26   23 26 22 23 26 27 22 21 27 31   24 24 23 20 27 27 16 16 16 16   
 87a  16 16 20 18 22 18 18 22 21 22   14 21 23 21 18 16 17 19 23 16   13 19 20 20 22 11 18 18 20 19   19 22 21 20 16 19 17 23 26 19   
 87b  24 20 19 24 24 23 20 23 20 23   18 22 26 18 20 22 23 24 22 21   24 24 28 26 22 25 29 22 25 30   23 25 26 26 28 23 16 16 16 16   
 88a  16 16 19 18 17 12 19 16 21 13   15 17 16 18 23 22 17 17 19 18   16 18 19 23 24 13 20 18 20 21   18 17 21 18 25 18 21 24 23 21   
 88b  21 19 19 24 21 22 19 26 24 21   21 22 20 17 22 23 23 26 24 26   23 27 23 23 29 18 21 27 27 25   25 25 16 25 31 25 16 16 16 16   
 89a  16 16 18 20 23 21 16 17 17 17   18 18 23 20 24 23 20 15 26 15   18 22 19 22 14 18 23 16 15 15   20 15 17 22 20 20 22 24 17 20   
 89b  20 28 25 25 22 20 31 25 25 24   28 21 20 24 23 22 20 18 22 21   22 24 27 26 23 20 27 23 27 23   22 24 24 24 27 24 16 16 16 16   
 90a  16 16 15 22 21 16 21 22 19 20   26 16 26 24 21 14 20 16 20 20   19 23 25 19 19 20 21 17 17 17   20 15 18 14 15 19 18 19 26 22   
 90b  23 23 18 23 21 20 20 24 25 21   23 19 28 27 26 20 27 18 22 24   16 23 26 24 24 26 22 30 27 26   27 26 24 28 28 28 16 16 16 16   
 91a  16 16 22 20 23 16 22 20 23 19   20 18 16 18 21 18 19 17 20 19   16 13 16 21 19 14 16 20 18 23   19 19 23 19 25 23 21 19 22 24   
 91b  16 24 27 21 23 20 21 21 23 19   23 23 20 25 23 26 26 24 27 23   23 26 23 24 20 20 22 20 19 23   25 21 24 20 28 24 16 16 16 16   
 92a  16 16 19 19 19 17 19 12 24 22   17 17 19 16 15 15 26 21 19 20   24 18 13 24 16 23 22 15 24 18   13 20 22 17 22 18 17 21 20 24   
 92b  18 19 20 23 22 20 25 21 25 24   19 21 23 19 25 29 24 21 24 24   24 18 23 23 26 21 20 20 17 22   23 28 28 27 22 23 16 16 16 16   
 93a  16 16 24 16 19 19 20 19 18 18   19 17 22 20 19 17 22 19 17 22   22 16 17 21 18 22 19 14 22 11   20 21 17 16 16 20 21 21 25 13   
 93b  19 20 20 20 21 23 25 21 18 27   23 17 23 24 27 27 21 23 27 21   25 26 26 23 30 24 31 26 24 26   30 25 25 24 25 27 16 16 16 16   
 94a  16 16 15 23 17 17 15 22 23 22   12 17 17 17 21 18 21 17 21 20   18 19 16 16 14 20 18 21 19 21   21 18 17 15 20 18 17 27 24 20   
 94b  21 23 21 29 24 18 24 23 24 25   23 25 23 23 22 13 24 22 27 20   26 23 30 26 23 23 20 21 24 23   27 22 24 22 27 28 16 16 16 16   
 95a  16 16 20 19 15 21 18 21 22 15   18 17 22 26 23 19 20 18 23 19   20 20 18 19 22 16 14 18 20 16   16 18 19 17 25 22 20 19 19 20   
 95b  24 16 27 22 27 19 21 20 27 27   19 24 25 28 20 22 27 20 28 22   20 20 28 24 26 24 22 29 28 23   21 23 28 24 24 26 16 16 16 16   
 96a  16 16 22 16 18 19 21 23 18 21   19 16 16 20 24 27 16 16 21 20   18 17 22 16 19 11 24 15 21 18   17 20 20 23 20 23 23 24 20 23   
 96b  24 25 16 21 18 22 19 25 20 26   22 20 23 19 21 25 26 23 23 22   22 25 27 24 25 23 22 21 22 23   24 22 24 20 23 25 16 16 16 16   
 97a  16 16 23 19 23 18 13 19 16 21   16 15 19 21 20 21 17 18 23 16   20 17 19 24 23 18 23 16 17 17   21 18 16 23 22 20 20 23 17 25   
 97b  15 23 20 21 19 23 23 17 22 21   26 21 24 22 23 25 30 25 23 24   19 21 26 27 22 19 25 23 27 22   24 25 21 19 26 20 16 16 16 16   
 98a  16 16 17 19 17 17 20 19 18 19   16 18 15 19 17 19 20 22 17 18   23 17 17 17 18 16 19 16 18 19   28 21 17 20 19 24 19 24 20 18   
 98b  24 21 19 17 16 18 27 22 24 18   23 24 19 26 24 19 17 24 18 23   23 25 20 25 21 22 24 28 21 19   24 28 28 26 29 22 16 16 16 16   
 99a  16 16 21 19 21 18 20 15 28 19   19 19 19 15 20 16 20 23 15 20   13 18 21 19 21 16 14 21 16 15   22 18 14 18 25 24 20 21 23 24   
 99b  26 22 16 25 18 24 26 29 25 23   23 25 25 20 23 25 23 26 22 24   23 20 21 22 29 23 21 25 24 21   22 19 25 22 26 22 16 16 16 16   
100a  16 16 22 18 21 25 16 15 15 20   20 22 23 20 21 19 21 13 15 16   21 16 23 16 21 16 17 19 22 19   17 19 15 23 20 23 15 26 13 25   
100b  23 24 16 25 25 18 18 26 23 20   20 24 27 20 21 24 24 23 29 23   25 21 24 19 23 24 20 19 26 21   28 26 26 27 24 25 16 16 16 16   
101a  16 16 21 18 24 18 14 18 17 24   18 21 20 15 20 18 16 17 24 17   15 24 17 13 16 15 24 24 15 22   19 20 21 22 17 26 17 27 20 19   
101b  19 23 27 18 15 26 25 18 19 26   22 24 26 23 21 25 21 23 26 27   23 28 27 24 25 25 25 21 27 28   28 22 20 29 22 25 16 16 16 16   
102a  16 16 17 19 15 20 16 19 19 23   19 17 18 19 19 20 16 17 17 21   19 19 16 15 23 18 15 22 20 20   21 25 19 12 16 22 22 22 25 24   
102b  28 23 20 25 25 23 26 24 22 23   26 23 22 26 22 27 24 19 28 24   23 20 21 25 27 21 24 24 21 23   20 24 22 23 23 21 16 16 16 16   
103a  16 16 25 22 22 17 19 18 18 23   17 27 20 18 23 28 19 24 15 16   15 19 25 16 18 17 20 17 20 20   15 19 19 18 26 24 23 16 22 22   
103b  27 19 24 23 22 20 21 27 31 25   22 25 31 25 24 16 25 22 27 30   24 24 23 18 26 26 23 26 25 21   24 29 17 22 19 28 16 16 16 16   
104a  16 16 21 23 21 20 21 19 18 15   19 18 16 20 20 18 15 23 16 15   18 14 16 22 19 17 17 14 16 16   16 11 23 15 22 21 22 15 22 20   
104b  20 19 19 24 19 23 16 31 20 21   21 24 23 23 23 21 26 24 25 25   23 22 22 23 27 26 22 22 25 21   25 25 25 28 25 19 16 16 16 16   
105a  16 16 19 21 22 20 24 17 20 18   19 17 21 20 12 17 20 15 20 15   23 19 16 20 20 17 18 19 23 20   15 15 23 18 18 20 22 21 16 23   
105b  21 25 24 22 25 16 19 28 20 21   19 23 22 17 25 23 20 23 21 26   21 23 25 25 26 24 23 21 26 24   27 24 23 27 21 24 16 16 16 16   
106a  16 16 14 18 23 15 17 22 22 17   19 15 16 15 16 24 24 18 15 19   22 18 19 14 14 22 15 16 22 24   19 16 21 14 25 21 15 19 18 26   
106b  26 21 24 21 30 24 24 16 20 26   28 27 23 22 24 21 24 26 23 27   24 22 25 20 20 19 22 25 22 17   25 22 23 26 27 22 16 16 16 16   
107a  16 16 12 20 27 17 23 15 21 18   14 25 14 22 16 18 21 16 18 15   19 19 18 23 15 21 23 17 18 19   23 17 18 22 16 24 18 17 17 17   
107b  31 22 22 20 20 15 26 17 21 22   26 21 26 23 23 23 25 20 25 21   26 24 21 20 23 23 28 24 23 25   25 25 23 31 24 22 16 16 16 16   
108a  16 16 19 19 21 14 19 21 16 16   16 20 24 17 19 16 18 15 18 19   11 20 12 20 21 15 20 19 19 16   17 23 18 21 23 19 18 16 22 20   
108b  25 26 18 22 22 20 22 21 25 23   22 22 21 28 23 30 20 24 23 23   25 28 24 21 29 26 28 23 25 25   23 24 23 25 29 22 16 16 16 16   
109a  16 16 23 18 20 17 25 20 16 19   17 18 23 17 16 19 15 20 20 22   17 15 15 19 18 16 24 15 20 13   15 22 26 16 20 21 17 25 23 17   
109b  23 21 22 19 25 21 21 20 24 23   16 29 14 23 22 23 17 22 26 20   25 24 23 20 26 17 31 24 26 20   19 23 24 20 29 21 16 16 16 16   
110a  16 16 18 21 15 22 25 21 14 17   20 21 17 14 17 16 22 16 23 20   20 18 27 18 20 24 14 19 15 17   13 17 21 16 16 19 20 24 26 16   
110b  20 18 12 21 28 18 16 25 21 20   26 22 25 26 21 25 24 21 25 23   26 21 22 19 24 24 21 19 16 27   25 24 24 22 26 23 16 16 16 16   
111a  16 16 20 18 18 20 22 17 19 16   18 19 22 18 20 15 19 17 24 23   24 17 19 14 20 16 21 19 25 19   15 17 21 23 20 21 17 18 23 20   
111b  21 23 19 27 22 23 19 25 27 19   28 22 23 28 30 20 24 22 22 26   23 26 21 23 22 21 19 17 24 24   27 22 23 21 29 22 16 16 16 16   
112a  16 16 21 26 24 22 20 16 15 21   19 16 20 17 17 23 22 19 23 26   15 17 19 18 23 14 19 19 16 17   24 14 19 15 19 21 16 20 18 26   
112b  20 18 26 22 21 21 27 23 22 21   29 25 23 21 29 20 28 25 20 22   24 18 23 24 21 26 29 24 26 20   27 29 25 27 26 22 16 16 16 16   
113a  16 16 21 21 17 16 24 22 21 16   16 14 19 21 21 20 22 14 15 21   20 23 21 12 18 16 19 21 18 20   21 19 13 16 21 20 23 16 20 17   
113b  21 24 16 24 22 23 24 21 18 18   23 22 17 28 23 29 22 20 26 23   23 29 23 22 18 26 23 20 21 21   26 24 26 29 23 24 16 16 16 16   
114a  16 16 20 19 23 15 23 20 13 18   20 19 18 20 18 15 18 17 24 17   19 16 21 14 18 22 13 22 21 16   19 19 23 23 19 18 22 16 17 22   
114b  19 23 23 21 23 25 23 25 23 24   23 24 18 18 16 26 26 19 24 28   23 26 24 21 23 27 25 21 29 27   26 22 23 25 20 24 16 16 16 16   
115a  16 16 25 18 23 17 23 15 20 18   22 19 19 20 18 18 23 18 20 22   16 17 15 18 15 16 21 18 24 19   22 13 16 16 17 16 21 19 18 26   
115b  21 24 23 25 22 19 23 22 17 22   27 21 24 20 29 18 18 21 24 22   24 23 21 27 23 19 22 19 22 16   27 20 19 25 29 22 16 16 16 16   
116a  16 16 16 18 15 20 20 16 16 22   19 21 17 23 15 17 19 18 17 18   24 20 17 23 21 20 19 20 15 18   23 21 15 17 23 20 16 16 18 15   
116b  18 22 25 20 23 24 24 23 24 25   27 18 27 21 18 21 19 27 18 18   28 24 22 18 28 23 26 22 22 19   23 25 21 19 25 21 16 16 16 16   
117a  16 16 18 13 21 19 19 19 23 20   17 22 18 23 25 21 19 19 18 19   14 20 16 16 22 12 19 17 21 22   21 24 21 25 25 16 19 22 22 23   
117b  27 19 20 18 16 28 21 24 19 19   16 24 21 23 22 24 18 22 21 22   18 21 22 19 23 23 22 29 26 26   26 20 20 24 20 26 16 16 16 16   
118a  16 16 22 28 18 17 19 18 16 23   23 22 17 22 19 19 15 15 16 24   14 24 18 21 19 18 24 23 12 21   20 15 21 23 20 19 14 19 16 22   
118b  24 19 24 21 26 19 21 26 23 18   17 21 29 23 20 20 26 28 21 23   21 20 24 19 18 21 19 28 25 23   24 23 27 18 27 19 16 16 16 16   
119a  16 16 22 15 22 17 19 18 23 20   16 20 21 16 19 16 19 18 16 16   20 24 15 17 22 18 15 20 20 24   21 17 21 21 23 16 21 20 21 19   
119b  16 15 21 21 23 23 22 18 19 21   16 22 24 26 20 17 21 21 23 22   22 20 22 24 22 29 24 19 19 24   23 24 25 21 28 22 16 16 16 16   
120a  16 16 17 19 19 18 16 15 22 16   19 22 21 23 20 19 19 21 24 18   16 13 20 19 18 17 17 16 21 17   21 22 20 18 21 22 20 17 22 18   
120b  26 17 23 16 25 19 18 23 21 24   31 26 22 22 20 23 22 26 24 27   23 24 27 25 20 23 25 26 20 26   23 21 28 21 25 27 16 16 16 16   
121a  16 16 16 15 16 21 21 21 21 17   18 19 20 16 16 16 23 17 14  8   16 24 23 26 16 20 18 18 19 19   23 21 19 17 17 23 22 22 19 20   
121b  21 18 23 18 22 22 25 23 28 22   17 23 24 23 22 18 27 29 19 22   25 23 28 22 27 20 23 27 23 26   22 26 25 23 21 27 16 16 16 16   
122a  16 16 14 14 17 19 22 16 21 21   14 17 22 18 15 18 19 19 21 16   23 14 19 15 18 20 19 13 20 20   22 19 20 16 19 19 23 15 16 22   
122b  25 18 21 19 20 23 16 23 20 23   22 19 21 22 24 23 22 18 19 22   20 22 24 19 21 20 23 25 22 21   25 25 21 25 27 23 16 16 16 16   
123a  16 16 24 11 21 16 20 16 17 20   21 20 20 15 19 15 17 15 19 12   23 20 19 15 18 21 22 15 23 21   18 18 19 17 20 21 20 19 22 16   
123b  22 18 24 24 24 25 22 18 20 21   26 25 25 26 20 24 21 18 24 23   27 19 19 20 25 21 27 21 21 24   24 20 20 19 23 18 16 16 16 16   
124a  16 16 19 21 18 22 13 16 18 13   17 15 23 16 17 20 19 18 19 19   24 22 13 19 19 19 22 14 22 17   15 18 23 19 28 15 19 17 20 22   
124b  22 23 22 19 25 28 21 26 20 19   22 18 31 25 26 24 21 25 22 24   24 19 27 25 26 23 21 22 25 20   22 22 29 18 24 22 16 16 16 16   
125a  16 16 16 21 24 23 18 23 16 19   16 12 21 20 23 17 24 20 18 18   24 20 22 17 17 22 14 18 13 18   21 19 19 23 16 19 24 18 17 23   
125b  22 24 19 21 20 17 24 21 25 26   30 24 24 22 17 18 27 19 20 19   22 21 23 18 18 25 24 23 27 23   26 20 25 20 25 24 16 16 16 16   
126a  16 16 21 18 20 17 19 22 16 18   15 18 16 19 15 26 20 16 22 21   28 20 20 16 18 17 17 22 17 18   13 26 20 22 19 20 20 18 14 23   
126b  27 19 23 23 22 22 28 26 21 21   21 17 26 22 19 26 20 17 25 30   21 29 20 22 28 23 22 24 23 26   19 27 21 26 23 23 16 16 16 16   
127a  16 16 22 20 19 19 13 19 23 15   23 23 19 17 23 23 16 11 13 14   15 21 19 17 16 20 14 16 18 21   14 15 14 20 21 19 15 18 19 21   
127b  21 21 23 16 22 23 24 23 23 19   22 20 21 19 22 21 24 25 24 23   23 24 24 24 25 23 21 24 25 22   22 23 24 19 23 20 16 16 16 16   
128a  16 16 18 19 25 22 19 19 19 22   22 17 18 22 14 22 18 13 18 17   22 18 20 18 22 14 20 18 17 20   19 22 12 19 19 22 26 25 22 20   
128b  21 23 18 25 19 21 28 21 24 23   14 23 23 20 22 25 28 19 23 27   27 23 24 26 16 20 21 24 21 22   24 24 22 25 23 24 16 16 16 16   
129a  16 16 19 18 25 23 17 21 21 21   21 18 18 17 12 15 24 21 24 18   13 19 18 18 18 21 15 14 19 20   16 12 18 19 21 17 26 19 16 27   
129b  17 20 21 22 23 25 24 24 21 22   18 19 24 21 19 26 20 21 28 22   21 25 26 23 23 20 21 24 25 22   24 21 21 25 21 23 16 16 16 16   
130a  16 16 19 21 20 24 21 22 19 16   17 21 16 23 13 17 22 20 21 16   21 21 22 16 16 16 16 13 19 14   17 21 15 20 22 18 21 16 24 20   
130b  29 16 24 23 20 20 18 24 19 20   20 23 21 25 24 25 25 17 18 24   24 23 27 21 16 24 27 25 22 26   23 22 21 24 22 25 16 16 16 16   
131a  16 16 19 19 17 18 16 16 17 19   23 15 15 18 16 23 20 23 18 14   17 17 21 22 18 16 15 19 20 22   19 12 19 15 19 13 18 18 24 23   
131b  21 22 16 22 21 24 20 23 21 25   24 27 20 27 24 20 21 16 25 24   18 25 20 21 25 23 20 22 26 27   21 21 31 22 21 26 16 16 16 16   
132a  16 16 19 12 20 19 17 16 20 17   20 21 18 20 16 17 19 20 16 21   20 19 19 18 18 20 22 20 21 19   22 18 16 18 17 23 18 19 18 23   
132b  23 17 16 20 24 19 17 24 22 28   19 17 23 26 24 19 27 27 21 23   19 26 21 23 17 20 21 25 27 25   21 23 23 23 26 25 16 16 16 16   
133a  16 16 21 18 19 21 18 23 16 22   14 18 22 15 20 16 14 13 21 20   18 16 21 16 17 19 21 14 19 20   16 24 22 17 24 13 25 16 21 20   
133b  21 21 21 17 22 20 17 21 17 21   25 19 23 23 26 22 26 18 22 23   21 18 18 23 23 26 23 19 20 24   22 23 26 20 23 25 16 16 16 16   
134a  16 16 23 19 19 15 24 20 24 24   21 20 20 19 22 16 18 24 22 18   19 23 21 13 18 12 20 20 19 20   22 17 17 14 20 23 21 22 16 21   
134b  21 25 28 13 19 20 24 20 21 20   21 26 25 19 24 23 21 20 23 23   18 20 28 24 24 18 28 20 24 14   24 26 18 23 25 20 16 16 16 16   
135a  16 16 18 23 16 19 21 15 17 19   18 18 18 14 15 24 20 19 21 18   18 11 21 20 17 24 17 17 13 14   18 18 19 15 23 23 20 24 22 19   
135b  23 20 19 19 26 18 15 22 22 28   18 26 16 25 18 28 26 20 27 18   23 28 24 22 28 23 25 22 21 21   18 21 25 19 28 27 16 16 16 16   
136a  16 16 20 17 17 15 22 16 21 14   23 18 19 22 16 17 22 18 20 17   20 17 22 16 18 19 17 21 18 20   16 18 21 20 19 29 24 22 20 18   
136b  20 19 24 16 25 21 23 18 20 26   24 26 26 22 22 21 22 23 27 22   22 23 25 19 23 22 29 25 22 23   27 23 20 26 22 19 16 16 16 16   
137a  16 16 24 17 21 20 21 16 14 22   19 17 14 20 15 14 17 25 22 20   24 16 18 21 16 21 16 20 16 15   17 14 15 16 20 19 19 15 23 15   
137b  22 23 20 18 18 17 16 22 21 20   23 20 20 23 23 20 20 23 24 24   17 18 22 26 24 22 27 21 17 25   23 25 22 21 25 22 16 16 16 16   
138a  16 16 14 21 21 22 19 20 17 19   15 18 21 16 20 18 18 21 17 15   17 17 18  9 15 13 26 18 16 19   14 18 21 21 21 23 18 23 23 21   
138b  23 23 16 20 24 18 14 23 21 20   19 25 28 24 24 21 23 18 22 21   23 22 21 23 21 21 26 24 27 26   22 17 23 27 24 24 16 16 16 16   
139a  16 16 16 13 24 18 18 18 16 18   17 19 18 19 16 23 30 15 20 22   16 20 16 20 16 15 18 24 17 17   17 21 25 14 23 13 19 19 20 22   
139b  24 19 21 16 23 25 19 20 20 18   19 23 27 20 24 20 24 22 19 26   23 24 22 24 25 28 26 21 28 21   27 21 24 25 18 20 16 16 16 16   
140a  16 16 20 13 19 20 17 18 21 25   15 17 13 22 22 23 23 11 20 23   23 19 16 22 23 20 21 19 21 15   16 18 16 23 17 19 22 21 24 21   
140b  23 23 20 22 25 20 20 19 22 24   21 21 31 19 23 24 24 20 23 23   22 21 24 23 25 23 25 19 25 24   24 28 25 15 24 22 16 16 16 16   
141a  16 16 25 17 23 22 14 20 20 15   29 15 13 26 14 25 18 16 15 20   17 23 21 20 18 16 19 19 11 18   19 23 20 13 19 21 29 18 23 20   
141b  11 23 23 16 15 19 18 24 22 24   24 25 25 28 22 17 27 15 21 27   21 28 23 23 23 22 17 18 27 21   27 26 19 23 25 25 16 16 16 16   
142a  16 16 21 14 18 12 20 16 19 23   27 16 20 13 24 19 15 16 19 16   16 11 16 18 16 15 22 14 21 19   22 18 20 18 26 17 24 17 15 19   
142b  20 22 24 18 20 28 30 17 26 22   22 18 28 20 20 20 24 23 28 22   22 23 23 16 23 20 30 19 23 24   20 21 21 19 24 24 16 16 16 16   
143a  16 16 17 23 16 19 18 17 15 16   19 18 18 18 22 15 17 14 17 19   12 17 18 15 25 15 20 15 16 15   15 20 18 16 19 21 20 16 22 20   
143b  23 22 17 21 17 21 18 16 21 18   26 19 23 26 22 23 20 23 23 22   24 23 27 21 21 28 23 20 17 22   23 21 25 24 26 20 16 16 16 16   
144a  16 16 15 18 20 14 25 14 23 19   20 14 19 19 17 18 16 14 20 21   20 20 15 17 21 16 15 15 15 18   19 22 17 24 27 23 27 20 15 21   
144b  25 16 22 19 20 18 23 23 16 18   21 20 25 17 26 23 22 23 27 19   22 24 25 26 25 26 17 22 24 25   30 25 22 22 29 25 16 16 16 16   
145a  16 16 19 18 19 19 27 21 16 19   21 21 18 17 19 18 11 22 17 17   13 26 18 17 16 22 16 18 18 25   23 18 19 19 21 24 18 18 17 17   
145b  24 23 23 18 23 20 23 25 15 21   22 21 24 17 23 26 27 24 20 22   24 22 18 22 22 25 24 26 21 21   21 24 22 19 26 19 16 16 16 16   
146a  16 16 23 19 16 18 22 21 18 17   21 15 22 18 25 15 17 19 16 18   20 14 18 18 12 17 19 19 16 18   18 17 29 16 22 19 20 21 13 18   
146b  22 22 22 23 25 25 22 24 21 19   23 21 25 22 23 26 23 27 27 22   24 16 18 23 21 23 20 21 23 23   20 18 20 21 26 23 16 16 16 16   
147a  16 16 22 15 17 18 16 22 17 23   21 15 21 18 18 13 19 18 20 23   13 23 23 21 11 20 18 14 20 24   17 15 17 22 24 25 22 15 24 17   
147b  25 23 19 23 24 27 18 20 14 23   21 18 21 17 21 18 26 24 22 25   21 21 24 25 26 23 26 20 25 23   21 22 25 24 17 22 16 16 16 16   
148a  16 16 14 18 17 19 23 25 16 21   22 18 21 19 23 18 20 19 20 16   20 24 21 17 20 21 20 15 22 20   19 21 23 21 23 23 15 18 23 15   
148b  24 16 23 15 20 22 20 22 22 21   19 23 26 21 20 19 19 26 21 26   23 31 20 21 27 19 22 19 27 20   23 22 17 25 19 28 16 16 16 16   
149a  16 16 17 20 21 21 16 23 16 16   21 20 13 18 21 18 17 13 20 16   19 15 23 23 19 17 13 16 20 20   18 23 20 16 15 19 19 20 18 18   
149b  18 16 24 23 21 20 19 21 23 21   24 19 22 26 23 24 26 17 23 24   25 16 22 22 25 23 24 23 18 20   25 27 19 23 23 26 16 16 16 16   
150a  16 16 16 20 20 22 17 12 26 16   20 20 19 12 18 13 16 14 16 15   21 18 20 21 24 18 21 23 19 15   12 22 17 16 24 17 25 22 18 18   
150b  21 19 21 23 22 17 22 20 21 25   24 23 19 25 22 23 25 21 23 22   25 18 23 24 25 21 25 31 20 22   21 26 19 22 24 22 16 16 16 16   
151a  16 16 22 20 19 16 18 15 18 24   15 12 20 21 20 19 22 16 21 23   15 19 18 20 18 15 16 18 20 16   21 16 19 21 23 22 17 21 19 15   
151b  25 21 24 18 25 20 23 20 22 23   22 19 27 26 22 25 21 20 27 19   21 21 26 22 23 17 24 24 23 23   18 20 23 22 23 17 16 16 16 16   
152a  16 16 18 21 19 16 10 19 15 18   21 18 19 17 16 18 13 21 17 12   23 18 21 18 14 18 17 17 22 19   18 20  8 19 15 19 19 14 17 22   
152b  22 17 23 19 22 19 18 18 22 20   17 25 21 24 26 24 20 23 21 19   19 23 25 22 25 21 23 20 24 20   27 26 26 20 24 20 16 16 16 16   
153a  16 16 17 15 22 17 22 22 19 13   15 20 18 18 19 16 17 15 19 22   22 17 18 14 18 20 19 13 19 18    9 16 14 21 25 19 19 17 16 16   
153b  21 26 23 19 20 22 26 18 19 23   22 25 16 25 22 23 22 15 28 24   24 22 25 24 23 20 29 24 31 23   18 21 19 25 22 24 16 16 16 16   
154a  16 16 15 17 24 15 20 24 21 21   20 11 19 18 20 18 21 22 24 19   22 19 22 24 20 19 11 18 19 20   20 16 19 18 21 21 17 20 24 22   
154b  19 19 16 26 23 18 23 20 19 22   16 27 24 17 25 25 25 24 25 22   21 22 24 20 26 23 25 27 21 26   23 22 22 24 21 22 16 16 16 16   
155a  16 16 27 16 17 17 15 20 18 19   22 16 12 15 20 16 18 17 14 19   24 20 19 17 14 20 16 16 15 17   19 22 18 18 24 15 18 18 17 21   
155b  24 24 19 17 21 21 21 25 22 19   24 23 30 21 19 25 24 23 22 22   19 23 20 24 27 22 20 20 23 26   18 21 25 23 29 20 16 16 16 16   
156a  16 16 22 18 21 14 18 19 22 19   22 17 21 20 22 20 23 20 20 19   17 12 15 14 18 18 21 19 15 17   19 15 24 17 23 22 24 18 21 19   
156b  17 16 19 20 24 24 21 23 23 20   27 16 24 18 21 27 21 24 24 19   21 21 24 22 21 23 19 27 23 22   22 21 26 17 26 26 16 16 16 16   
157a  16 16 18 18 15 19 22 15 16 22   21 15 22 19 19 17 18 19 18 18   22 14 14 15 12 16 13 19 18 20   16 19 23 17 21 24 23 16 18 16   
157b  21 19 24 18 20 26 25 21 22 12   26 16 18 19 20 17 19 19 20 18   27 21 26 19 16 21 22 29 19 22   24 22 23 25 19 26 16 16 16 16   
158a  16 16 17 22 20 20 17 26 20 21   20 19 20 19 23 15 21 14 20 18   18 19 19 14 17 16 23 18 20 18   17 19 11 16 19 12 23 15 24 21   
158b  21 19 21 23 21 21 25 21 21 20   23 19 24 22 16 23 18 21 24 25   19 24 25 18 22 21 23 23 24 25   20 15 28 27 20 21 16 16 16 16   
159a  16 16 20 16 17 12 13 14 23 17   18 16 24 18 20 17 16 13 18 20   16 19 21 21 20 15 24 15 16 20   14 17 16 18 18 19 14 23 21 20   
159b  20 25 22 12 18 18 25 16 27 16   22 22 24 22 21 22 22 24 20 21   20 21 18 23 24 19 23 22 21 27   21 27 19 26 23 20 16 16 16 16   
160a  16 16 22 18 15 20 18 14 17 20   20 19 21 20 22 18 18 19 18 18   17 21 14 18 16 15 17 19 17 19   23 18 18 20 23 16 18 20 12 20   
160b  18 19 24 19 16 22 26 19 20 20   19 20 23 17 26 21 18 20 24 21   18 21 24 26 24 23 26 19 22 21   24 21 30 24 18 22 16 16 16 16   
161a  16 16 17 23 21 14 16 15 11 17   21 19 16 28 17 21 18 22 12 14   19 19 18 18 22 14 19 18 16 11   22 18 17 19 17 20 21 22 19 18   
161b  28 18 22 18 23 16 22 16 18 24   16 20 17 18 27 21 22 24 21 19   22 26 23 23 20 20 17 24 24 22   22 23 24 24 20 20 16 16 16 16   
162a  16 16 24 20 18 23 20 16 19 16   14 15 20 15 17 12 15 20 17 13   24 23 17 15 22 17 19 18 16 16   15 18 17 12 19 16 19 16 23 24   
162b  18 17 23 23 18 18 19 17 23 18   16 23 23 21 24 19 19 21 22 22   24 28 24 24 21 21 17 24 29 23   24 21 24 20 22 23 16 16 16 16   
163a  16 16 20 22 24 16 15 25 18 15   21 19 20 20 22 17 17 13 17 18   17 17 22 15 15 12 13 15 17 26   18 17 22 18 17 26 19 22 22 22   
163b  19 22 17 18 21 23 18 21 20 17   23 22 21 18 24 23 23 18 22 25   19 21 21 26 24 15 22 22 25 22   24 22 23 28 23 19 16 16 16 16   
164a  16 16 11 17 22 15 19 17 16 15   18 16 17 21 19 18 25 18 22 23   19 19 20 21 17 18 24 14 12 16   20 17 23 18 11 21 23 21 21 19   
164b  20 20 16 17 16 25 20 22 27 18   22 21 26 25 16 18 24 23 22 15   22 24 25 24 19 21 22 20 22 27   20 24 25 21 20 21 16 16 16 16   
165a  16 16 19 18 19 16 22 21 18 21   15 15 19 15 19 16 16 13 16 11   15 16 14 14 20 14 21 19 20 20   17 18 23 20 21 23 16 20 20 15   
165b  18 22 14 26 23 20 17 22 19 25   18 21 22 20 21 22 23 18 23 20   31 23 19 24 30 20 27 21 26 24   24 21 21 26 24 20 16 16 16 16   
166a  16 16 22 16 16 19 17 19 17 18   19 28 19 24 18 20 16 20 20 15   14 20 18 19 15 17 19 15 15 20   17 19 19 15 20 21 18 16 18 16   
166b  20 18 19 18 23 27 20 18 27 16   28 23 20 20 24 28 25 21 24 23   20 23 21 28 29 21 21 25 28 23   28 18 21 17 25 23 16 16 16 16   
167a  16 16 18 20 24 20 15 19 20 18   19 17 20 20 18 22 16 13 19 22   18 22 26 18 17 18 19 21 19 20   22 22 19 18 25 17 17 22 20 24   
167b  21 14 23 19 29 19 19 21 21 27   23 26 21 24 25 24 20 24 18 19   25 23 25 20 25 23 23 15 28 25   25 22 27 22 26 16 16 16 16 16   
168a  16 16 18 19 21 21 23 20 15 13   24 17 20 15 13 19 15 22 16 17   12 17 21 15 12 19 14 22 19 15   24 14 23 19 16 18 19 15 20 22   
168b  15 22 17 17 26 22 24 23 18 17   18 15 17 23 23 22 20 22 19 19   23 24 23 23 23 18 20 23 19 24   19 20 15 16 21 21 16 16 16 16   
169a  16 16 20  8 27 23 22 19 20 23   21  8 15 18 25 15 20 21 23 16   19 20 20 15 13 18 15 19 17 18   14 19 17 19 23 16 18 23 25 15   
169b  11 19 20 19 22 20 24 19 25 21   24 23 23 17 18 18 20 21 18 17   22 24 20 20 21 19 28 25 25 29   23 22 20 22 25 24 16 16 16 16   
170a  16 16 15 14 16 21 17 16 18 19   22 23 18 21 16 13 21 17 15 19   19 15 16 15 20 16 19 12 18 20   17 18 19 18 19 21 20 23 23 18   
170b  22 15 18 21 18 26 22 25 25 19   21 19 18 21 26 19 19 21 21 26   20 23 23 19 27 20 25 22 18 19   24 24 20 24 25 22 16 16 16 16   
171a  16 16 18 17 17 16 19 16 13 15   16 16 14 16 16 19 17 23 17 17   19 18 19 19 18 18 21 14 14 15   19 19 24 15 21 17 21 19 24 16   
171b  24 13 21 14 26 21 20 21 19 20   30 22 25 17 19 18 21 21 26 24   20 18 17 16 16 21 25 22 16 27   20 22 21 19 31 23 16 16 16 16   
172a  16 16 22 14 17 18 22 19 18 19   17 17 19 18 15 21 19 16 19 18   20 22 15 20 19 24 15 19 19 17   17 20 17 20 18 24 15 16 23 18   
172b  19 22 25 23 20 22 23 16 18 24   21 22 23 19 21 26 19 21 28 24   20 25 29 20 27 19 25 19 25 22   24 18 26 22 19 22 16 16 16 16   
173a  16 16 14 19 19 16 23 18 20 19   18 15 18 17 16 20 23 22 23 16   21 25 15 16 22 14 16 18 17 14   22 14 20 18 23 20 19 27 14 20   
173b  19 19 24 23 24 19 13 20 22 23   18 25 24 18 22 18 17 24 23 20   25 23 20 21 22 22 23 25 24 23   22 19 26 20 27 24 16 16 16 16   
174a  16 16 19 15 18 17 19 16 20 21   20 22 13 17 20 18 27 18 17 18   14 14 17 14 14 19 16 17 17 20   20 19 23 12 19 25 21 17 20 20   
174b  21 17 25 23 22 22 18 17 17 23   21 18 19 22 18 14 19 17 22 22   26 23 20 26 24 28 24 23 26 24   25 23 22 20 30 20 16 16 16 16   
175a  16 16 18 21 20 17 17 21 15 15   21 18 19 18 18 19 16 16 18 23   17 20 24 14 16 13 18 15 18 21   17 21 21 22 20 19 13 20 24 19   
175b  18 20 21 17 23 21 19 26 25 21   27 21 23 21 21 22 20 24 17 22   23 23 21 23 29 27 24 24 20 19   26 22 20 25 20 19 16 16 16 16   
176a  16 16 19 18 22 18 16 18 19 17   18 23 16 15 21 17 15 18 23 19   17 21 12 20 19 19 12 18 21 18   25 16 22 17 16 26 20 16 15 15   
176b  15 18 21 19 16 23 22 20 19 24   19 21 28 26 24 20 18 23 23 21   21 15 19 21 21 21 21 20 27 22   19 22 25 23 24 21 16 16 16 16   
177a  16 16 17 21 16 26 17 20 22 18   19 21 17 18 18 18 18 15 19 17   20 18 16 15 25 27 16 22 13 15   14 18 19 21 23 22 19 20 13 17   
177b  22 19 23 19 24 19 22 19 23 25   22 21 21 23 29 15 19 26 24 20   17 26 23 25 22 28 26 26 21 16   22 20 22 22 20 20 16 16 16 16   
178a  16 16 21 21 25 18 18 20 20 19   16 20 17 22 17 12 17 16 17 18   15 21 18 15 23 19 18 16 17 15   17 19 21 19 26 23 20 20 14 26   
178b  20 15 21 19 22 24 25 23 19 20   27 24 26 29 24 22 17 22 21 19   22 16 23 21 30 22 23 20 25 24   24 24 20 22 27 29 16 16 16 16   
179a  16 16 15 19 16 19 22 17 23 18   24 20 14 16 19 18 20 20 18 19    9 18 19 16 18 18 18 19 17 18   21 15 22 12 22 20 19 22 28 20   
179b  21 19 16 18 17 13 20 24 23 19   23 20 26 17 26 19 20 21 22 21   23 22 22 21 25 23 20 22 23 19   23 20 27 19 24 24 16 16 16 16   
180a  16 16 18 16 22 21 20 18 21 16   18  8 24 19 16 20 19 14 20 19   14 18 19 19 25 11 20 14 22 15   15 18 21 16 19 18 20 22 17 22   
180b  21 19 20 20 24 23 22 18 24 20   24 22 23 25 25 23 26 20 23 21   22 17 19 27 20 20 22 18 27 21   23 21 23 20 24 24 16 16 16 16   
181a  16 16 17 21 18 16 16 23 20 15   20 19 15 16 23 15 15 17 21 15   18 14 17 12 17 17 17 16 15 18   19 15 22 17 22 21 14 18 25 19   
181b  25 13 20 23 21 21 20 18 20 22   24 20 22 24 22 17 22 22 25 19   21 30 21 22 26 16 20 19 25 22   21 24 17 22 20 27 16 16 16 16   
182a  16 16 20 15 18 20 26 19 15 18   19 14 14 20 20 12 21 18 27 15   16 22 20 11 15 16 20 14 18 13   18 21 23 21 15 15 18 21 17 24   
182b  18 19 21 19 18 19 24 24 23 22   23 19 15 20 26 19 23 20 29 22   21 20 25 25 22 21 26 23 20 20   24 26 26 20 20 25 16 16 16 16   
183a  16 16 20 15 14 22 16 18 19 13   21 16 16 16 15 21 14 14 21 19   14 21 11 25 16 18 14 15 19 13   17 20 26 13 21 20 18 17 19 21   
183b  22 24 21 21 19 21 22 22 26 20   28 24 24 16 19 24 18 22 28 19   20 23 23 21 19 21 19 16 22 25   21 22 19 22 19 25 16 16 16 16   
184a  16 16 18 21 19 21 16 19 19 18   24 19 12 14 13 16 21 20 24 19   15 16 12 22 14 16 20 21 21 20   18 17 15 14 17 22 20 24 16 20   
184b  15 21 19 21 21 21 25 24 20 24   20 18 21 24 25 24 23 22 27 23   26 23 20 24 18 23 24 25 21 21   25 22 19 22 24 24 16 16 16 16   
185a  16 16 17 23 14 20 20 18 18 18   19 11 23 20 12 20 14 17 23 20   24 15  9 20 18 20 13 14 18 19   22 15 17 13 20 20 14 19 14 17   
185b  23 21 22 28 24 19 22 22 23 20   19 19 21 22 20 23 21 21 18 19   23 19 22 25 23 20 18 23 21 22   22 23 18 16 27 22 16 16 16 16   
186a  16 16 16 15 17 16 17 17 18 24   17 17 21 20 24 13 18 17 16 15   19 23 18 20 21 15 15 10 17 15   22 18 16 21 20 21 19 16 19 25   
186b  23 20 22 19 28 14 16 22 19 23   21 22 20 17 24 26 15 26 22 26   20 24 23 25 23 15 23 21 22 24   24 30 18 23 22 21 16 16 16 16   
187a  16 16 25 17 17 19 19 16 16 20   16 15 17 18 16 16 18 15 17 19   12 16 23 21 22 17  9 18 21 23   23 13 16 18 19 20 26 21 20 20   
187b  12 26 26 24 18 22 24 20 24 21   19 24 26 25 15 20 25 24 22 20   19 23 26 18 19 28 15 25 16 27   21 27 22 16 23 19 16 16 16 16   
188a  16 16 17 14 18 20 16 19 16 16   18 21 16 17 17 15 17 14 19 14   18 21 13 13 18 19 18 14 18 18   16 20 21 17 21 14 21 17 15 18   
188b  17 18 22 19 19 21 20 24 20 24   21 21 21 22 16 22 19 20 23 19   22 21 26 23 21 20 27 20 19 21   23 25 24 28 20 17 16 16 16 16   
189a  16 16 18 16 16 19 16 18 16 20   19 15 13 17 23 18 17 17 16 16   15 17 14 15 23 21 25 21 17 15   15 20 23 17 19 20 23 19 21 19   
189b  20 25 15 20 20 18 25 23 21 21   18 22 24 20 23 20 22 19 22 21   19 21 21 23 24 24 30 26 31 19   27 27 25 19 22 21 16 16 16 16   
190a  16 16 20 18 18 18 17 18 16 16   21 26 19 19 18 16 24 10 19 19   21 16 16 13 22 19 16 10 16 20   19 20 13 20 19 20 23 24 25 15   
190b  17 15 16 19 24 23 21 24 16 25   26 23 21 19 13 23 23 24 24 21   24 19 25 23 29 19 21 24 15 22   25 26 26 25 21 23 16 16 16 16   
191a  16 16 19 24 17 21 18 16 20 18   18 24 15 19 18 18 23 15 23 14   15 13 17 14 19 20 18 20 12 16   15 14 10 20 18 19 18 20 19 22   
191b  13 18 25 16 19 19 20 17 21 16   20 23 21 25 26 24 16 20 22 25   21 19 22 27 19 23 20 21 21 23   26 16 27 23 24 27 16 16 16 16   
192a  16 16 24 18 20 22 20 19 21 15   15 16 21 20 13 16 18 19 28 14   14 11 21 16 17 24 14 14 21 19   20 21 22 21 22 20 25 16 17 17   
192b  20 20 19 23 17 19 22 20 27 20   24 23 27 16 24 22 26 24 23 23   20 20 20 27 23 27 23 26 24 19   19 22 26 24 22 16 16 16 16 16   
193a  16 16 18 22 19 16 14 19 21 15   16 14 16 20 16 17 18 19 20 19   19 18 21 14 17 22 17 15 18 17   15 17 17 19 16 20 18 15 27 17   
193b  23 20 21 24 17 31 24 18 20 23   22 17 24 19 19 21 19 20 23 16   24 22 20 21 25 20 23 23 24 21   23 18 17 24 18 24 16 16 16 16   
194a  16 16 20 14 19 17 15 23 17 19   25 21 20 18 15 17 14 15 13 14   16 19 20 18 14 19 20 16 15 21   21 23 19 16 16 22 19 21 19 20   
194b  21 21 16 15 15 15 22 22 23 21   20 22 19 18 19 24 16 19 28 21   17 19 17 16 23 22 22 22 25 19   28 23 22 25 26 22 16 16 16 16   
195a  16 16 22 20 24 14 16 20 15 12   23 19 28 23 21 12 15 16 19 14   15 16 18 16 12 18 16 10 11 23   20 12 22 14 23 14 17 24 23 22   
195b  22 17 24 25 20 18 20 20 22 19   23 19 22 19 22 20 19 25 22 18   23 23 17 20 22 21 24 21 26 20   18 16 21 22 24 24 16 16 16 16   
196a  16 16 25 18 20 20 17 15 22 16   15 14 21 10 19 23 22 14 20 15   15 15 21 22 15 16 18 18 21 18   15 23 17 19 24 21 21 20 22 18   
196b  14 23 20 18 16 22 18 22 19 19   20 16 24 14 16 22 17 15 15 20   20 21 21 23 21 20 19 23 25 23   22 27 23 29 22 22 16 16 16 16   
197a  16 16 22 22 20 19 22 10 15 15   13 14 20 14 22 19 18 16 20 14   21 20 18 21 16 14 13 20 20 16   21 21 23 22 15 19 13 15 17 19   
197b  20 20 17 21 23 23 23 24 22 24   22 21 19 20 24 17 22 20 19 23   20 24 27 23 24 21 22 22 23 26   17 20 25 21 24 20 16 16 16 16   
198a  16 16 21 14 24 22 21 21 20 17   17 12 19 19 18 19 15 19 15 20   21 16 17 13 16 15 21 17 21 17   21 16 17 20 20 22 18 18 22 23   
198b  21 18 23 17 22 22 28 18 22 17   16 19 23 25 20 21 22 18 18 19   24 21 20 24 21 22 21 17 18 26   22 16 22 24 18 21 16 16 16 16   
199a  16 16 15 17 19 19 19 16 17 20   17 19 20 20 21 19 17 16 16 14   15 13 16 16 11 20 19 16 18 16   20 20 25 16 20 17 15 29 22 18   
199b  26 25 24 21 25 13 28 15 18 23   29 22 23 19 23 23 21 23 23 21   21 20 23 17 22 21 19 23 22 22   21 18 22 28 24 22 16 16 16 16   
200a  16 16 18 20 24 21 22 18 20 17   20 19 18 22 20 19 20 15 18 15   16 12 16 18 18 14 18 20 18 15   21 16 21 21 15 14 13 19 15 21   
200b  21 20 20 18 23 19 17 18 21 20   23 24 19 23 24 16 25 22 20 20   25 23 24 14 24 17 21 23 15 17   23 24 29 18 21 20 16 16 16 16   
201a  16 16 15 23 25 18 20 22 19 15   20 10 15 20 16 20 20 12 16 12   18 13 19 19 15 17 18 15 18 21   18 13 22 17 26 16 22 23 19 19   
201b  12 20 23 15 15 22 21 23 20 18   20 19 24 15 21 19 21 14 21 19   23 19 24 24 23 21 20 24 24 22   18 22 20 21 22 18 16 16 16 16   
202a  16 16 20 18 18 13 18 20 17 21   17 15 17 15 17 16 20 23 17 17   15 17 19 15 12 19 15 15 22 14   21 27 16 18 20 17 18 13 22 16   
202b  19 21 20 24 26 19 14 19 25 18   21 16 23 20 25 19 24 22 23 22   22 20 21 27 23 25 23 21 26 22   22 26 25 24 21 21 16 16 16 16   
203a  16 16 21 22  9 18 19 18 14 22   17 16 17 19 17 18 15 24 19 18   18 12 16 15 16 12 25 15 19 14   16 14 19 17 20 14 17 18 20 22   
203b  13 23 22 19 20 17 20 21 22 19   22 20 18 23 23 25 21 22 23 24   21 21 15 24 24 21 28 19 19 18   21 23 30 21 26 20 16 16 16 16   
204a  16 16 17 19 15 15 16 15 19 19   22 16 17 16 19 20 17 21 20 15   14 22 15 18 18 18 18 18 19 22   22 20 15 16 16 19 16 20 16 23   
204b  18 19 17 18 24 24 20 22 17 19   18 20 23 17 23 20 23 27 23 25   19 19 19 26 22 18 24 17 17 20   22 22 23 24 22 21 16 16 16 16   
205a  16 16 11 14 17 16 29 19 16 16   20 18 17 12 24 20 16 19 15 12   16 19 19 13 20 16 11 15 20 17   20 23 19 18 16 19 17 18 18 16   
205b  15 18 21 18 26 22 16 17 22 17   22 20 24 19 24 19 17 20 23 16   19 27 22 21 22 20 26 23 18 20   16 27 22 29 24 19 16 16 16 16   
206a  16 16 18 19 22 15 22 16 17 19   21 15 14 15 17 16 18 24 22 15   18 15 14 17 13 21 18 21 18 20   19 13 17 15 16 15 21 14 18 18   
206b  17 19 18 23 20 13 24 18 19 23   15 25 22 17 19 28 26 19 20 15   18 21 17 21 21 19 18 20 19 20   17 24 24 28 24 24 16 16 16 16   
207a  16 16 20 15 24 16 18 15 20 23   17 16 22 17 19 19 19 17 18 22   19 20 19 16 13 17 19 17 15 13   18 23 22 17 27 19 18 16 18 18   
207b  19 21 25 20 21 20 22 16 16 25   20 19 22 17 20 18 20 26 25 24   19 18 19 24 23 25 18 20 22 25   17 25 23 25 24 19 16 16 16 16   
208a  16 16 18 21 14 19 12 19 22 17   16 22 19 14 15 21 21  8 11 21   17 10 16 14 18 15 17 14 17 17   14 15 20 17 24 21 14 17 16 30   
208b  22 26 19 23 23 18 18 21 24 23   23 22 18 25 24 23 18 16 24 18   21 22 24 22 21 19 25 26 28 22   21 16 22 19 23 21 16 16 16 16   
209a  16 16 26 15 19 17 17 16 14 20   22 19 19 19 23 22 17 19 13 20   15 18 15 22 23 10 19 20 18 17   19 16 16 15 17 20 15 22 15 17   
209b  22 22 25 18 22 24 25 19 26 22   21 24 19 19 24 20 23 18 25 23   22 17 16 24 25 26 23 20 19 21   24 23 23 22 23 17 16 16 16 16   
210a  16 16 17 20 21 18 19 16 20 13   20 18 24 18 23 17 22 15 18 17   18 19 19  9 12 16 17 14 18 22   17 19 15 16 24 15 19 17 20 20   
210b  21 19 21 16 21 17 23 19 22 28   18 21 22 27 13 20 22 20 21 27   24 18 24 22 21 17 22 21 22 19   21 19 25 22 19 25 16 16 16 16   
211a  16 16 16 19 16 19 14 20 20 21   21 19 11 16 11 14 22 16 21 14   16 16 20 18 14 18 13 18 18 19   15 15 19 19 19 18 14 26  9 21   
211b  17 15 21 20 19 22 20 16 23 26   21 15 24 24 20 25 24 19 23 18   23 21 19 18 28 20 26 24 24 24   18 20 22 21 25 23 16 16 16 16   
212a  16 16 20 17 27 16 17 16 20 15   14 16 18 18 14 18 20 15 19 13   18 22 16 19 17 13 18 15 16 13   22 18 23 17 16 23 24 24 14 17   
212b  18 20 26 19 24 19 16 25 21 27   25 18 21 20 24 14 19 16 17 15   26 17 23 19 26 24 20 18 18 22   22 21 21 29 22 25 16 16 16 16   
213a  16 16 20 16 15 20 14 19 19 18   16 18 19 18 20 16 16 17 15 22   20 16 19 16 16 16 17 19 16 18   15 16 18 23 18 18 16 19 20 19   
213b  20 19 21 20 19 24 18 22 24 23   22 29 29 26 20 22 21 20 20 22   20 17 19 18 24 14 21 24 25 17   24 24 19 30 21 16 16 16 16 16   
214a  16 16 13 17 23 21 25 23 18 18   14 15 18 12 18 20 20 17 15 10   17 21 17 16 21 14 18 15 22 18   15 17 21 18 23 11 20 23 16 14   
214b  20 17 19 21 19 22 24 19 18 20   21 21 20 17 22 20 23 17 20 18   18 18 20 21 23 20 22 23 23 23   22 21 27 20 24 23 16 16 16 16   
215a  16 16 19 16 19 11 18 23 21 21   18 16 19 15 21 19 16 17 20 14   17 17 10 16 19 16 22 17 25 17   22 20 18 21 23 17 18 22 14 19   
215b  16 21 21 19 23 22 25 19 21 11   25 21 23 21 18 24 20 19 19 22   19 20 20 22 23 18 21 16 19 29   24 19 30 23 22 18 16 16 16 16   
216a  16 16 20 17 22 22 19 13 21 19   17 19 22 18 23 17 17 12 22 14   28 19 25 18 17 16 14 21 15 16   15 14 15 20 18 17 24 26 18 20   
216b  23 21 18 21 18 20 21 17 20 18   19 22 25 20 21 24 23 15 14 28   20 20 18 17 22 18 22 23 17 20   23 20 17 21 22 22 16 16 16 16   
217a  16 16 15 16 16 15 22 12 13 14   20 14 23 16 20 15 19 20 19 13   18 19 19 16 15 16 19 10 16 16   18 22 21 23 16 22 16 18 17 21   
217b  20 20 20 16 21 15 23 19 19 20   21 23 17 24 23 22 19 19 27 20   20 16 22 14 29 22 22 21 19 21   30 23 23 18 25 28 16 16 16 16   
218a  16 16 20 16 15 14 17 15 17 22   26 16 20 21 18 25 16 17 16 19   15 18 16 23 13 20 20 18 17 17   16 16 19 21 22 20 21 18 18 23   
218b  21 16 20 19 23 19 19 21 24 18   18 17 17 21 15 29 16 19 18 21   20 24 21 24 20 17 26 24 20 22   20 23 24 24 30 22 16 16 16 16   
219a  16 16 22 18 18 16 25 22 20 16   16 17 18 23 15 18 17 18 15 16   26 18 16 15 16 16 20 15 17 17   18 19  9 25 22 15 28 15 16 26   
219b  19 19 18 23 19 15 21 21 16 18   20 20 23 20 22 23 17 17 23 16   19 19 21 24 22 20 24 17 26 16   19 20 25 20 28 19 16 16 16 16   
220a  16 16 17 18 21 17 21 20 16 15   21 20 16 20 18 14 17 14 22 20   20 16 18 18 17 27 21 14 20 23   17 18 16 16 23 19 22 21 23 21   
220b  25 20 22 23 23 23 21 25 13 15   22 19 17 24 22 25 19 24 20 19   24 19 18 21 23 15 18 19 20 22   20 21 25 19 25 16 16 16 16 16   
221a  16 16 14 19 18 13 21 20 24 24   15 16 18 19 20 15 17 11 17 13   19 18 15 15 16 16 13 15 18 13   19 19 19 15 22 18 21 24 20 22   
221b  19 23 18 21 20 22 16 20 18 22   28 18 22 20 19 22 21 20 27 15   19 24 22 18 15 19 22 16 26 13   21 20 23 21 24 22 16 16 16 16   
222a  16 16 18 20 16 15 21 22 23 20   16 15 16 14 17 15 18 15 15 21   15 21 21 16 22 11 14 16 15 21   20 21 18 16 17 16 17 16 21 19   
222b  20 18 18 20 23 15 23 12 20 18   21 20 24 25 20 16 21 21 21 20   18 17 20 23 22 24 29 22 17 19   18 26 24 21 23 22 16 16 16 16   
223a  16 16 18 20 10 17 14 11 17 19   17 14 17 19 17 19 24 19 21 14   19 18 20 14 16 14 14 16 20 18   18 14 16 22 23 17 16 22 18 20   
223b  23 22 22 20 22 21 23 15 22 18   23 24 22 22 18 23 23 20 22 24   23 24 20 29 21 26 21 16 29 16   25 18 26 23 21 21 16 16 16 16   
224a  16 16 19 13 21 15 17 16 22 16   21 17 17 15 19 13 16 15 20 12   22 14 16 20 17 20 19 15 16 18   19 19 16 18 16 21 23 19 21 19   
224b  23 15 16 26 21 23 20 22 15 22   21 17 21 16 26 23 22 20 23 27   26 24 24 22 27 23 19 23 20 20   23 25 24 27 23 17 16 16 16 16   
225a  16 16 15 17 17 20 15 19 20 17   15 16 21 17 10 21 20 20 18 18   21 12 17 18 16 19 20 18 21 21   20 21 18 22 15 18 20 18 20 17   
225b  27 19 24 17 22 23 23 20 20 20   21 22 20 22 24 24 22 23 26 24   22 23 24 20 21 21 21 27 24 16   23 22 22 23 11 16 16 16 16 16   
226a  16 16 20 18 22 19 21 18 18 16   16 20 18 16 16 19 13 19 22 15   19 15 16 11 15 19  9 21 19 18   17 16 20 21 17 21 17 17 18 21   
226b  20 20 21 19 24 20 19 28 22 21   21 22 26 24 21 23 19 20 22 21   20 17 20 23 23 23 21 20 25 19   18 21 20 19 18 21 16 16 16 16   
227a  16 16 19 14 23 14 18  8 15 13   20 22 19 18 21 14 17 20 24 18   17 14 18 22 23 15 15 15 17 17   22 18 17 18 14 16 19 20 21 15   
227b  16 21 21 24 17 22 22 22 15 20   21 20 20 21 25 20 22 20 22 23   18 23 22 21 24 20 16 20 18 24   19 25 17 22 15 23 16 16 16 16   
228a  16 16 16 14 19 19 20 19 15 19   21 15 19 16 22 16 12 18 15 20   17 18 18 15 14 12 18 22 16 21   16 17 19 24 14 24 21 17 20 20   
228b  16 18 20 25 21 21 20 21 17 19   26 15 16 19 22 22 16 20 17 20   16 27 23 20 21 18 26 18 16 15   21 18 23 17 23 23 16 16 16 16   
229a  16 16 18 18 12 15 17 16 17 19   21 15 19 16 21 18 15 19 15 20   24 14 18 18 12 16 14 14 18 20   21 15 15 22 15 17 19 21 22 23   
229b  21 19 20 17 23 23 19 20 18 23   15 21 21 16 15 19 20 23 22 19   24 28 18 22 24 21 20 18 26 14   23 24 25 26 22 20 16 16 16 16   
230a  16 16 12 14 20 21 18 18 16 21   19 14 22 17 21 19 18 18 20 19   15 20 17 15 20 19 22 16 16 14   16 16 19 19 23 14 18 13 22 19   
230b  18 25 21 20 22 25 17 23 22 23   22 22 20 21 20 22 19 28 22 19   21 20 16 21 26 20 29 21 23 19   17 21 20 23 23 20 16 16 16 16   
231a  16 16 19 22 17 23 14 16 15 23   20 21 17 18 20 20 18 20 21 12   18 15 13 13 20 22 16 20 19 22   18 16 22 20 19 17 19 17 18 19   
231b  17 16 20 16 22 22 20 17 23 19   27 19 26 17 20 16 21 20 26 18   30 20 18 23 24 20 20 24 19 27   26 23 22 22 20 20 16 16 16 16   
232a  16 16 19 18 16 17 25 15 24 19   20 15 18 16 17 19 15 21 31 17   21 17 17 18 16 22 15 16 17 18   19 16 20 15 17 11 16 26 24 16   
232b  19 21 16 24 25 27 19 19 19 16   18 20 21 20 22 17 20 16 23 20   18 21 25 23 20 23 23 21 26 26   23 21 24 24 21 23 16 16 16 16   
233a  16 16 15 19 17 13 21 11 19 22   19 17 18 16 16 16 11 16 19 19   14 18 18 17 14 18 15 16 20 13   19 15 12 22 23 17 18 20 24 14   
233b  23 19 16 19 24 21 20 18 17 20   19 17 19 19 24 20 21 26 23 20   20 17 20 24 21 23 16 22 19 19   22 22 21 22 24 19 16 16 16 16   
234a  16 16 19 17 15 19 20 16 20 21   20 14 16 15 12 19 17 14 16 15   16 18 16 14 20 16 18 19 18 16   15 14 19 17 24 17 15 19 19 17   
234b  20 18 21 20 17 21 17 23 24 29   20 18 24 17 19 21 23 22 20 19   22 23 25 21 24 20 19 17 24 21   26 23 22 19 14 16 16 16 16 16   
235a  16 16 19 17 20 19 20 14 18 18   18 17 19 17 16 22 23 15 16 20   17 14 16 15 15 18 21 13 19 15   14 17 13 17 15 21 23 21 22 21   
235b  23 17 22 14 22 19 20 18 19 24   22 20 15 22 21 17 22 21 20 24   21 22 24 25 24 18 20 20 27 26   21 21 24 25 23 19 16 16 16 16   
236a  16 16 13 16 26 19 24 18 21 14   20 20 20 18 15 21 23 19 16 16   14 19 17 16 20 17 15 14 17 19   13 16 17 17 19 17 16 18 15 24   
236b  19 18 24 20 21 19 20 17 19 22   14 20 26 21 16 21 20 18 23 19   15 29 18 16 23 22 24 20 18 16   30 23 22 19 23 18 16 16 16 16   
237a  16 16 18 16 21 18 18 16 17 18   15 19 20 19 15 23 12 11 18 16   16 18 16 15 15 18 17 14 18 14   16 18 16 19 20 12 19 19 22 19   
237b  22 23 24 25 24 23 20 20 18 22   19 20 22 17 18 20 21 22 20 23   18 25 20 23 20 21 20 24 24 17   23 22 20 22 25 21 16 16 16 16   
238a  16 16 19 22 13 16 18 19 14 15   22 19 17 16 17 18 11 19 22 19   16 19 22 20 13 14 23 16 19 17   23 17 18 25 11 21 24 21 25 19   
238b  27 20 21 22 18 21 15 20 22 16   23 24 23 19 20 28 25 15 21 23   23 17 20 17 22 26 20 22 17 26   24 19 20 20 23 18 16 16 16 16   
239a  16 16 16 16 22 15 16 16 18 12   19 17 16 15 17 16 19 27 22 19   12 21 18 15 13 18 15 16 22 17   15 17 18 17 19 19 22 24 21 23   
239b  17 24 18 26 17 24 21 19 22 19   23 27 23 18 18 21 25 20 29 19   23 19 22 17 19 20 27 24 20 19   20 22 22 23 26 26 16 16 16 16   
240a  16 16 18 17 15 19 23 14 17 16   21 20 20 21 17 15 20 18 19 13   16 14 19 12 15 21 16 12 20 13   16 18 18 25 20 16 24 21 17 23   
240b  21 26 21 27 19 23 19 19 26 21   20 20 24 20 26 19 23 24 21 22   21 25 18 19 24 22 23 19 23 20   15 24 22 26 16 22 16 16 16 16   
241a  16 16 23 12 16 15 14 15 13 15   24 17 15 12 16 22 19 20 17 20   21 13 25 24 19 16 15 17 13 19   13 16 17 16 23 21 18 13 17 16   
241b  25 19 17 25 16 19 24 25 17 16   20 20 18 24 20 21 22 19 18 18   18 23 22 17 19 20 20 24 19 19   19 24 17 24 20 19 16 16 16 16   
242a  16 16 18 20 17 11 20 17 24 21   17 22 20 15 15 16 15 16 21 14   17 14 17 15 14 17 20 18 20 20   17 15 13 13 17 16 21 19 25 18   
242b  17 21 21 19 14 24 19 17 20 19   25 22 14 22 15 23 20 22 18 19   16 18 21 20 18 22 26 16 18 18   22 24 19 21 18 19 16 16 16 16   
243a  16 16 18 15 19 15 14 18 21 18   16 18 22 16 26 14 19 17 17 15   19 20 16 18 22 20 17 17 24 23   23 22 15 18 22 16 19 20 16 17   
243b  19 19 18 19 18 22 20 19 24 23   25 24 16 19 16 22 18 25 16 21   21 25 28 24 21 14 17 21 22 22   23 24 20 19 19 16 16 16 16 16   
244a  16 16 11 11 19 22 21 16 21 19   16 18 17 15 19 17 22 15 21 16   18 18 13 16 17 17 13 11 19 16   22 12 17 15 19 16 15 21 18 24   
244b  22 16 16 22 23 20 21 23 18 19   22 20 22 24 24 23 19 18 17 21   19 21 22 19 20 21 21 23 21 19   19 23 20 25 23 22 16 16 16 16   
245a  16 16 18 19 22 18 13 20 18 20   15 15 20 20 23 19 16 17 21 14   20 20 17 20 18 15 12 16 15 21   12 15 18 16 18 18 17 14 20 22   
245b  19 23 21 23 21 24 23 20 22 25   19 22 20 21 23 16 21 23 25 18   21 22 17 19 16 21 22 21 18 25   30 19 22 18 22 23 16 16 16 16   
246a  16 16 24 17 20 18 18 15 19 18   18 18 14 18 16 24 24 19 19 20   19 17 14 18 15 17 18 17 13 21   19 17 15 19 22 19 18 18 25 16   
246b  23 15 26 18 21 18 21 17 19 23   24 19 25 23 19 20 17 18 22 19   21 20 16 29 19 25 26 24 18 22   24 22 23 21 21 22 16 16 16 16   
247a  16 16 16 21 22 15 19 16 23 19   12 19 17 20 21 16 14 13 20 15   16 18 17 15 17 17 15 12 13 22   24 15 14 17 14 17 17 18 19 24   
247b  21 19 16 18 23 20 20 20 17 21   24 26 21 15 15 27 19 19 22 21   20 21 21 21 25 21 20 24 20 22   21 18 20 20 24 19 16 16 16 16   
248a  16 16 19 12 18 15 16 19 14 23   19 16 17 13 18 21 18 12 15 15   13 13 15 11 18 17 12 13 17 20   13 20 15 18 18 22 17 24 21 21   
248b  22 19 19 20 16 20 21 22 22 13   24 23 16 20 20 16 23 15 26 22   21 17 19 24 27 20 16 21 26 15   20 23 23 23 17 23 16 16 16 16   
249a  16 16 15 19 18 20 20 14 22 15   16 21 15 21 20 15 17 19 20 19   13 21 18 15 11 13 18 17 13 15   11 20 20 21 13 18 17 14 27 24   
249b  25 17 16 23 18 14 20 18 21 14   23 18 20 23 22 22 22 24 21 17   20 19 19 19 21 26 18 18 18 23   21 23 23 24 20 23 16 16 16 16   
250a  16 16 16 18 19 16 21 18 20 16   22 15 23 21 23 17 19 23 21 12   19 13 19 10 14 17 18 15 18 16   18 14 17 18 20 15 21 19 19 20   
250b  22 17 17 21 15 24 18 17 17 22   22 18 27 15 22 23 26 22 24 18   20 17 23 20 16 20 25 25 25 26   27 18 25 24 20 20 16 16 16 16   
251a  16 16 18 15 17 13 19 12 22 19   20 22 16 15 14 17 13 16 18 18   15 14 14 18 15 14 16 17 13 21   20 18 25 14 22 18 26 15 16 15   
251b  17 23 23 19 22 18 21 20 23 19   24 18 22 22 19 26 20 19 20 20   23 20 19 22 18 23 17 23 21 21   17 26 27 20 22 23 16 16 16 16   
252a  16 16 22 20 18 17 21 14 17 20   15 18 17 18 18 14 16 16 16 16   18 13 20 16 17 19 17 19 11 12   18 23 19 23 25 22 17 17 23 14   
252b  13 17 18 25 20 18 26 20 21 19   17 15 28 20 19 24 21 23 24 20   27 18 17 22 21 15 22 16 20 20   25 21 29 17 21 22 16 16 16 16   
253a  16 16 18 21 20 15 18 19 23 15   19 18 18 16 18 14 19 16 18 20   22 19 15 15 19 21 18 13 16 14   16 13 20 19 18 19 21 21 20 21   
253b  17 13 22 19 22 21 21 20 26 21   25 16 21 19 23 17 21 18 22 24   23 18 24 28 16 22 23 23 25 19   20 18 17 20 22 20 16 16 16 16   
254a  16 16 19 16 15 22 18 15 17 14   21 17 22 15 16 19 20 15 11 17   19 16 19 15 18 17 13 17 17 18   15 12 20 22 18 15 19 17 17 19   
254b  21 23 23 22 19 19 21 15 21 22   14 23 25 18 20 20 21 17 23 27   25 26 23 22 21 20 20 19 25 20   19 24 23 25 19 18 16 16 16 16   
255a  16 16 21 21 17 17 16 21 20 17   24 17 18 20 17 11 20 14 15 17   15 16 16 18 18 20 22 16 18 14   14 15 24 13 16 19 17 17 16 14   
255b  25 20 22 17 20 18 19 14 18 22   21 20 13 17 20 22 22 23 23 17   25 15 26 17 22 19 18 20 21 22   26 24 19 22 20 18 16 16 16 16   
256a  16 16 18 19 21 13 12 20 21 16   19 18 16 15 19 13 11 17 18 10   16 17 21 16 23 15 17 15 21 15   16 21 17 15 21 18 20 20 21 19   
256b  19 19 22 16 25 21 25 19 26 18   15 22 22 21 15 22 21 31 21 21   25 24 21 21 23 19 25 20 22 21   27 22 27 24 19 25 16 16 16 16   
257a  16 16 19 19 18 11 16 17 11 21   17 14 19 19 20 16 15 16 19 24   21 14 19 10 15 15 23 16 22 15   17 15 18 17 20 12 25 17 18 22   
257b  16 14 19 17 16 25 23 16 19 20   19 26 17 21 22 21 19 23 21 23   20 19 21 19 19 15 23 21 18 19   22 24 22 19 21 27 16 16 16 16   
258a  16 16 15 14 15 12 22  9 16 17   14 14 18 16 18 14 18 13 19 22   21 21 19 16 20  9 18 21 17 19   18 23 18 16 20 16 19 15 21 17   
258b  15 21 22 24 19 22 26 27 19 12   20 26 18 19 21 26 16 22 19 24   20 27 20 21 21 22 22 23 27 21   21 20 22 23 27 21 16 16 16 16   
259a  16 16 25 20 14 17 21 19 13 18   24 20 26 16 23 19 17 22 16 19   22 16 14 17 15 19 18 17 19 19   17 18 19 19 18 20 15 19 21 23   
259b  22 20 17 20 16 19 19 20 17 16   20 16 23 20 17 19 18 30 22 20   17 15 17 23 19 23 26 20 27 18   25 16 24 20 21 22 16 16 16 16   
260a  16 16 21 16 22 19 15 18 15 14   17 20 23 16 14 19 17 14 13 22   20 20 13 13 20 12 19 17 21 17   22 13 19 15 16 20 19 21 20 24   
260b  20 23 23 22 20 15 18 15 23 23   23 17 24 26 20 21 22 23 22 19   17 21 23 23 22 15 20 21 25 19   26 18 28 18 16 18 16 16 16 16   
261a  16 16 23 21 22 15 17 15 20 15   21 18 12 15 16 14 21 17 15 17   12 11 16 16 14 17 14 20 16 19   21 14 16 24 18 20 24 17 21 19   
261b  20 20 17 19 20 23 17 20 24 19   24 21 20 20 16 20 22 30 24 18   18 22 20 25 20 20 21 22 24 24   24 21 22 21 19 21 16 16 16 16   
262a  16 16 16 20 20 16 23 10 14 20   23 18 17 22 17 19 18 19 15 21   13 23 14 18 25 13 12 17 24 17   16 16 22 24 13 18 21 23 18 21   
262b  20 25 25 23 19 19 27 19 15 12   19 19 20 20 20 19 20 19 21 23   25 20 27 23 22 22 23 21 15 19   21 18 23 21 25 22 16 16 16 16   
263a  16 16 19 18 20 15 16 17 18 16   17 18 17 21 15 23 24 16 11 14   12 18 17 25 15 13  8 11 18 18   18 16 13 22 13 19 16 19 19 18   
263b  22 19 23 21 18 19 18 21 21 19   18 20 23 20 24 21 23 19 24 21   23 27 21 22 21 21 23 15 23 23   22 19 14 16 23 23 16 16 16 16   
264a  16 16 18 20 19 22 17 18 20 20   17 22 19 14 15 17 15 16 20 17   18 16 19 16 19 14 16 16 20 17   14 15 22 16 19 20 19 22 13 14   
264b  21 19 23 18 23 26 20 17 15 20   21 25 20 22 24 26 21 22 18 19   20 21 22 21 20 19 19 24 20 21   21 15 18 20 22 27 16 16 16 16   
265a  16 16 20 18 16 13 20 16 18 18   17 14 12 18 18 15 20 18 11 12   24 18 18 12 19 18 14 15 20 18   15 12 17 15 19 22 16 22 17 19   
265b  17 21 18 22 21 19 20 18 23 18   18 18 25 17 21 16 21 19 23 21   22 19 18 17 20 18 21 18 22 24   23 21 26 23 21 17 16 16 16 16   
266a  16 16 14 20 22 21 15 11 19 18   26 13 16 10 10 19 26 15 17 22   17 14 16 11 16 16 20 16 23 20   18 18 20 13 19 21 20 15 18 18   
266b  16 18 14 24 20 18 25 19 22 20   19 18 21 25 20 26 21 23 24 22   20 16 22 15 24 19 22 26 23 26   19 23 19 18 27 23 16 16 16 16   
267a  16 16 16 22 13 18 12 21 22 19   16 15 13 11 14 20 18 14 15 16   13 14 17 16 16 17 17 15 19 20   16 15 14 21 21 21 19 18 20 25   
267b  20 18 14 20 21 17 16 16 22 18   16 21 25 16 23 20 21 24 20 21   21 26 19 22 23 23 15 20 17 17   24 17 26 19 24 19 16 16 16 16   
268a  16 16 18 26 18 20 10 16 22 18   15 15 17 15 17 20 15 16 20 15   22 14 19 16 16  9 19 13 12 18   15 22 14 15 20 23 17 17 20 17   
268b  22 23 18 17 20 24 19 15 19 23   23 24 22 23 19 18 24 21 23 21   24 23 20 19 18 18 23 20 15 20   19 21 29 21 24 22 16 16 16 16   
269a  16 16 18 16 15 17 18 19 16 20   20 21 16 20 17 15 21 12 13 15   18 14 19 17 15 19 16 17 15 16   20 16 18 15 13 17 20 21 20 22   
269b  19 14 23 25 20 19 24 28 21 21   28 22 23 17 19 19 16 23 27 23   20 17 23 21 19 26 20 21 22 19   21 22 23 22 23 18 16 16 16 16   
270a  16 16 14 14 18 19 15 26 14 15   15 12 20 16 14 20 14 18 20 15   19 18 12 17 14 14 17 15 15 17   18 20 22 24 12 12 21 21 21 20   
270b  18 23 21 18 26 20 25 22 22 20   22 23 23 19 14 21 18 23 17 15   21 21 20 20 19 24 22 20 22 25   23 23 28 18 22 25 16 16 16 16   
271a  16 16 19 18 21 17 25 15 20 19   21 20 15 21 11 16 20 19 17 16   24 14 25 19 16 16 17 11 17 17   19 13 25 17 17 17 15 15 19 17   
271b  17 17 22 20 16 22 21 21 27 23   21 20 17 18 24 16 19 23 20 24   21 21 14 18 19 18 21 23 21 24   19 22 26 19 20 20 16 16 16 16   
272a  16 16 14 19 22 21 18 19 15 20   11 20 14 16 19 13 15 23 17 18   17 20 19 21 10 17 14 13 16 13   19 14 17 15 12 24 15 18 19 27   
272b  17 17 17 20 25 19 16 19 20 19   20 20 19 24 22 23 26 21 23 20   19 20 28 15 24 24 20 21 25 20   20 23 26 22 23 20 16 16 16 16   
273a  16 16 22 24 20 16 17 15 11 19   17 15 15 17 18 20 20 16 19 19   18 18 17 16 22 14 13 15 23 17   16 18 18 17 22 17 15 18 21 23   
273b  17 16 16 18 24 22 17 16 24 23   29 19 23 22 17 20 22 17 16 17   20 20 25 22 16 17 26 22 22 20   17 20 23 24 25 21 16 16 16 16   
274a  16 16 17 20 19 16 15 19 14 14   23 21 21 16 16 16 24 20 16 18   16 22 13 19 18 17 22 16 20 16   18 18 18 20 18 24 20 20 20 16   
274b  27 13 20 22 26 25 23 20 20 14   21 22 18 24 24 27 26 24 23 20   22 24 23 21 20 20 20 18 18 25   27 20 19 18 22 20 16 16 16 16   
275a  16 16 16 14 15 14 14 20 16 17   17 17 15 14 15 16 17 12 25 15    9 15 13 14 14 21 20 19 22 16   23 17 19 17 18 16 28 23 17 14   
275b  22 17 18 17 18 17 21 19 22 16   18 18 25 20 19 21 23 23 22 17   25 25 18 16 23 19 24 21 15 20   22 14 23 19 25 29 16 16 16 16   
276a  16 16 16 17 18 18 20 21 15 15   18 16 21 18 18 16 21 17 22 21   20 16 11 21 16 19 16 13 19 18   19 18 16 21 20 16 14 16 25 19   
276b  21 15 22 16 15 23 17 18 19 24   21 21 25 24 24 21 20 19 24 21   23 25 18 22 18 25 16 20 23 21   21 25 22 18 23 22 16 16 16 16   
277a  16 16 22 17 17 18 25 17 20 16   17 16 17 17 16 15 19 12 18 11   16 16 20 18 31 19 23 20 21 21   23 13 16 19 12 24 23 19 18 17   
277b  19 19 17 21 16 21 19 19 17 21   22 18 17 22 19 17 19 22 22 21   24 18 23 19 24 20 16 15 21 18   19 22 19 20 17 18 16 16 16 16   
278a  16 16 18 19 21 18 17 24 20 23   20 23 23 17 17 18 17 22 16 19   12 10 12 16 17 19 20 19 26 20   14 21 21 28 21 16 15 20 21 13   
278b  24 17 17 15 24 16 14 21 20 20   23 18 19 16 22 17 20 19 19 23   23 17 27 20 22 15 20 20 16 22   14 17 23 28 18 21 16 16 16 16   
279a  16 16 24 11 13 19 25 15 16 20   21 21 21 15 21 17 15 15 19 13   17 11 14 15 15 25 13 15 18 16   18 13 16 12 16 19 15 20 19 19   
279b  17 22 26 11 24 18 17 18 17 25   14 13 19 18 26 16 19 18 18 24   25 26 20 24 20 20 21 24 17 24   20 23 24 16 20 24 16 16 16 16   
280a  16 16 16 16 19 19 19 16 14 18   20 17 22 14 16 16 16 10 18 14   15 17 18 20 14 16 19 16 18 14   18 20 18 22 18 25 16 22 21 21   
280b  18 21 23 23 16 23 19 20 17 20   19 21 19 18 15 18 15 19 21 21   22 20 22 21 21 21 20 20 20 16   17 21 18 20 18 17 16 16 16 16   
281a  16 16 19 20 18 16 12 17 15 21   19 17 18 15 17 16 20 18 12 15   18 11 18 10 13 16 18 13 17 24   15 16 20 23 23 15 18 19 17 17   
281b  21 20 15 24 21 17 22 24 21 17   18 18 21 19 19 18 20 23 15 23   20 23 22 26 21 15 20 21 20 21   21 12 19 19 22 21 16 16 16 16   
282a  16 16 17 16 25 19 19 13 16 17   15 18 20 22 20 15 16 16 11 16   17 18 17 20 12 12 16 15 22 20   21 19 20 15 16 16 23 14 25 20   
282b  20 14 15 15 16 15 22 25 23 25   16 16 25 17 19 25 20 20 15 22   23 21 18 25 18 21 23 22 23 18   23 16 22 19 24 25 16 16 16 16   
283a  16 16 21 18 18 17 24 19 19 20   14 17 12 16 20 15 15 16 18 18   16 12 16 13 15 18 13 16 21 13   16 16 11 20 25 25 15 16 19 20   
283b  18 18 16 27 19 20 21 21 21 20   19 16 17 24 16 20 18 18 25 19   23 22 24 19 20 22 18 23 20 30   21 15 22 25 24 25 16 16 16 16   
284a  16 16 17 13 19 18 23 18 16 21   22 19 25 16 15 19 14 16 23 17   15 14 17 14 16 18 19 18 20  9   14 16 21 19 20 19 21 16 19 22   
284b  21  4 23 18 20 18 23 17 19 18   21 23 24 20 26 25 20 21 21 18   21 22 19 21 20 20 17 19 19 16   15 23 20 20 20 20 16 16 16 16   
285a  16 16 18 22 24 19 20 16 19 17   17 17 18 19 20 13 19 14 15 15   25 17 19 15 15 17 17 22 20 19   17 18 17 16 19 15 19 21 18 28   
285b  22 20 17 14 17 21 25 19 20 18   30 21 15 24 22 19 16 22 21 20   21 18 22 18 21 25 23 24 19 20   25 22 24 25 21 18 16 16 16 16   
286a  16 16 16 16 19 20 18 16 20 17   23 15 14 16 22 20 21 16 11 12    9 19 13 19 17 20 17 19 13 17   18 17 17 24 24 20 17 19 20 18   
286b  16 18 25 19 16 15 26 21 25 22   13 20 21 18 12 18 16 20 24 19   20 18 22 21 21 24 26 18 17 18   23 19 20 19 23 20 16 16 16 16   
287a  16 16  8 19 18 17 19 14 20 20   21 11 19 15 18 18 16 16 16 19   22 21 16 18 16 13 13 20 17 10   20 21 19 16 16 24 22 16 17 17   
287b  18 19 21 24 21 21 14 19 22 14   12 21 17 17 21 23 17 18 24 18   15 22 26 20 17 19 22 20 23 13   16 19 14 18 18 16 16 16 16 16   
288a  16 16 17  9 17 17 16 15 19 19   16 16 18 15 22 17 16 22 18 16   16 18 20 11 16 18 15 12 17 16   16 17 19 20 16 20 22 21 18 21   
288b  20 17 25 18 19 28 22 21 17 13   24 23 15 15 23 18 19 19 20 24   18 22 20 23 20 24 23 20 27 21   30 26 19 24 24 22 16 16 16 16   
289a  16 16 17 15 17 21 16 17 22 19   19 17 16 12 15 10 17 16 15 19   22 22 14 14 14 14 16 18 15 18   15 16 18 15 24 17 22 16 22 13   
289b  22 22 26 17 22 18 24 19 21 23   22 16 20 23 21 20 18 23 23 23   30 20 21 25 21 21 21 21 21 19   16 20 23 18 21 23 16 16 16 16   
290a  16 16 17 19 19 16 14 14 17 20   20 22 15 18 18 15 16 17 19 18   16 16 22 17 17 16 16 16 11 16   16 16 16 20 18 15 23 14 20 19   
290b  14 15 18 20 19 15 24 16 15 20   22 17 17 20 21 25 16 19 23 24   24 27 19 18 27 24 18 21 20 23   22 18 21 16 23 23 16 16 16 16   
291a  16 16 17  9 14 15 17 11 22 20   16 21 20 17 16 16 15 13 14 15   15 14 20 15 24 14 18 10 16 20   17 20 17 19 14 19 20 21 17 22   
291b  27 23 21 18 24 20 20 21 24 21   16 19 23 24 20 20 23 21 19 18   13 20 14 17 24 26 14 23 23 19   21 15 21 23 17 18 16 16 16 16   
292a  16 16 13 16 27 15 19 20 15 17   18 14 20 14 19 16 17 18 15 13   20 12 23  9 21 13 12 15 20 19   21 15 22 22 17 12 18 22  9 15   
292b  19 15 18 21 27 23 19 21 20 27   22 23 17 20 23 24 22 17 24 18   22 21 19 19 21 22 16 24 22 16   29 24 20 26 22 20 16 16 16 16   
293a  16 16 20 18 20 15 18 21 12 13   22 17 17 20 16 16 18 13 11 19   17 16 21 16 18 13 21 14 19 16   19 16 20 22 13 14 22 20 18 18   
293b  23 23 22 18 19 22 16 18 17 26   18 21 22 24 20 23 22 18 21 18   19 25 19 20 20 24 18 20 26 24   25 18 23 18 24 16 16 16 16 16   
294a  16 16 16 16 17 17 17 16 21 17   14 17 17 15 13 15 14 12 16 15   22 20 18 12 11 12 20 11 16 21   12 14 17 14 16 18 16 19 22 20   
294b  23 18 15 21 20 18 19 20 19 22   22 16 21 21 25 20 15 18 23 15   28 24 22 21 20 26 23 15 22 24   25 19 21 24 22 20 16 16 16 16   
295a  16 16 16 17 13 17 17 15 17 17   18 11 12 17 16 13 15 19 14 24   16 26 17 21 15 18 21 19 19 19   19 20 20 20 23 16 20 18 15 21   
295b  21 18 22 23 18 18 20 24 22 21   20 21 19 22 21 17 25 17 27 18   20 22 19 16 22 26 24 17 19 27   20 23 22 16 20 16 16 16 16 16   
296a  16 16 20 14 15 15 20 18 23 18   15 12 21 17 19 19 17 17 20 16   18 15 18 15 20 16 15 17 16 21   17  9 18 24 21 24 23 18 17 22   
296b  24 18 19 19 21 22 21 23 19 24   22 14 23 19 20 22 21 20 17 15   23 21 26 24 22 21 23 22 24 19   23 20 19 23 26 19 16 16 16 16   
297a  16 16 16 21 24 14 20 14 20 18   19 20 19 19 20  8 18 14 18 15   16 14 17 15 17 16 13 18 18 16   12 12 16 20 20 19 23 23 20 19   
297b  21 22 17 22 15 25 21 20 20 23   24 23 21 21 17 23 20 15 29 19   22 21 26 23 22 19 20 23 18 21   23 18 19 20 17 19 16 16 16 16   
298a  16 16 25 21 16 25 14 18 14 15   19 17 23 17 15 19 13 18 23 12   19 18 17 17 23 15 19 17 20 15   15 15 16 18 18 23 21 13 17 16   
298b  20 16 16 19 21 17 22 20 24 18   17 16 22 15 21 18 22 17 18 17   15 21 20 19 22 22 23 23 24 23   22 16 22 19 28 18 16 16 16 16   
299a  16 16 24 14 16 20 21 18 17  9   19 14 17 16 21 18 21 19 17 19   16 12 15 20 20 17 16 15 17 21   19 17 21 18 24 18 16 15 16 16   
299b  23 18 21 24 21 22 19 21 22 21   19 23 25 21 20 20 18 17 20 22   15 19 19 25 18 20 21 21 19 18   23 21 19 23 31 18 16 16 16 16   
300a  16 16 15 18 17 12 20 15 18 10   15 22 16 16 18 22 16 18 15 13   16 14 16 19 14 18 22 14 18 21   18 18 25 18 22 20 24 19 14 17   
300b  23 16 21 22 15 18 23 21 19 20   26 22 17 18 25 20 25 17 22 15   17 21 24 19 22 19 25 22 19 20   18 21 22 23 22 21 16 16 16 16   
301a  16 16 16 15 18 22 25 15 16 16   23 13 23 17 16 15 19 11 17 22   18 14 22 20 21 14 18 15 17 19   17 16 14 12 20 16 19 21 18 18   
301b  20 20 19 22 21 20 21 14 21 21   17 21 24 20 18 16 21 18 19 19   21 21 20 19 25 21 24 23 23 19   20 18 15 22 21 14 16 16 16 16   
302a  16 16 22 14 21 21 18 14 21 16   14 20 18 21 18 15 18 11 18 18   23 17 12 22 22 14 14 17 18 16   12 19 16 21 25 16 24 20 17 17   
302b  21 22 20 21 20 23 19 23 15 17   18 18 16 24 23 16 16 21 27 20   16 19 21 20 21 26 23 18 22 19   22 23 20 19 19 25 16 16 16 16   
303a  16 16 20 14 19 18 16 23 12 19   22 19 20 16 21 14 16 20 18 20   21 12 17 14 13 15 14 19 15 16   19 24 14 20 16 18 16 19 18 16   
303b  15 16 22 19 19 24 26 21 20 23   24 20 19 16 29 18 23 19 19 17   20 20 20 21 17 24 17 22 22 18   21 17 25 21 23 18 16 16 16 16   
304a  16 16 18 14 25 18 18 17 13 15   21 14 19 16 16 15 16 15 17 14   20 18 15 17 12 15 20 15 21 21   18 16 15 18 13 18 23 24 25 23   
304b  22 25 21 19 28 21 23 19 21 19   20 19 19 18 18 24 12 16 22 23   20 24 20 18 14 23 16 24 21 28   25 16 29 19 16 15 16 16 16 16   
305a  16 16 12 11 14 16 15 19 13 15   17 17 16 15 18 16 11 18 21 11   13 16 24 17 12 15 17 16 17 23   16 13 19 22 21 23 19 19 17 21   
305b  21 18 20 18 15 24 24 20 18 17   20 24 23 16 19 24 23 17 20 24   23 18 19 23 24 23 16 22 20 19   22 26 22 22 18 18 16 16 16 16   
306a  16 16 17 14 20 20 23 20 16 16   17 15 16 16 24 12 20 12 14 22   15 15 14 14 14 20 20 20 13 17   14 20 18 22 20 18 18 23 22 19   
306b  19 20 23 19 26 21 21 19 21 26   22 19 26 20 20 18 22 19 22 17   18 21 22 14 24 22 23 22 22 20   21 25 19 19 17 20 16 16 16 16   
307a  16 16 19 17 14 16 17 20 15 21   21 18 19 12 16 14 15 18 23 16   14 15 15 15 15 15 21 18 15 14   20 17 23 14 24 16 19 16 21 21   
307b  19 18 22 15 17 22 25 15 23 23   25 22 20 17 21 21 17 24 27 22   19 16 20 19 19 23 18 22 22 20   23 22 19 16 15 20 16 16 16 16   
308a  16 16 17 20 19 15 17 20 17 22   18 12 18 16 16 13 18 16 16 19   21 16 17 19 21 23 17 17 15 16   20 13 16 21 21 16 21 18 13 16   
308b  20 16 17 20 22 15 22 19 21 18   22 23 13 22 18 21 19 16 24 18   15 19 15 26 17 22 19 20 23 22   22 20 14 21 17 19 16 16 16 16   
309a  16 16 21 14 20 19 20 15 16 18   19 12 20 16 19 13 19 20 17 14   13 18 21 17 18 18 20 17 21 11   11 12 13 20 16 16 24 24 21 21   
309b  23 14 23 25 22 18 21 15 17 18   24 22 16 19 27 22 24 19 19 17   21 23 23 18 20 17 19 21 23 23   21 21 21 22 20 17 16 16 16 16   
310a  16 16 18 20 14 17 20 15 19 16   16 13 10 20 19 19 23 19 21 14   19 17 19 17 21 20 15 18 15 18   19 16 16 21 11 18 14 14 15 15   
310b  19 19 13 17 21 18 27 17 21 16   14 19 20 18 21 19 25 17 18 23   16 15 20 16 18 24 20 23 21 20   22 21 18 19 22 19 16 16 16 16   
311a  16 16 18 16 15 22 16 20 16 18   18 18 17 21 23 18 15 16 15 12   14 18 17 13 11 12 16 18 18 22   17 19 18 19 19 15 21 16 21 17   
311b  16 16 20 25 22 16 19 22 12 18   22 16 18 15 23 21 16 15 16 18   25 20 14 17 28 20 21 23 23 17   27 19 25 16 24 20 16 16 16 16   
312a  16 16 17 11 18 14 19 20 16 19   17 22 17 17 15 13 13 12 22 13   18 20 20 17 16 16 15 13 21 14   16 20 21 19 23 20 20 15 15 18   
312b  22 18 20 28 18 21 22 22 22 22   21 18 16 16 19 15 20 22 20 23   16 15 14 20 23 17 20 20 24 25   23 15 18 23 19 21 16 16 16 16   
313a  16 16 12 14 20 15 15 21 20 13   22 16 15 15 19 16 16 14 18 15   21 18 18 16 15 16 15 18 24 17   14 18 20 18 15 13 21 15 20 19   
313b  17 20 18 19 21 18 15 24 21 21   14 23 22 19 19 21 23 20 18 19   24 19 21 20 21 20 19 24 28 13   21 17 23 20 20 22 16 16 16 16   
314a  16 16 19 15 23 17 20 14 19 15   10 16 15 12 23 11 18 17 22 20   20 14 13 22 15 13 20 10 16 17   21 15 12 20 21 16 20 15 23 16   
314b  21 21 20 20 20 22 23 24 22 16   20 19 23 23 21 19 20 24 21 18   22 25 23 24 23 21 22 22 24 18   24 25 21 20 22 18 16 16 16 16   
315a  16 16 21 18 17 18 15 14 24 11   18 17 19 11 13 13 21 12 17 17   16 16 17 15 20 18 19 15 19 16   17 23 18 12 15 17 23 19 18 17   
315b  19 19 18 22 14 22 19 22 17 19   22 19 23 20 20 19 24 18 26 16   22 15 23 22 19 20 21 22 17 21   24 16 23 26 23 27 16 16 16 16   
316a  16 16 23 15 17 15 18 19 17 20   18 15 24 15 18 16 15 18 19 19   12 16 16 20 20 13 15  8 16 17   19 17 20 18 14 13 22 17 22 22   
316b  19 18 17 17 22 22 22 17 17 16   22 16 13 23 17  8 19 21 23 15   20 16 14 21 22 25 19 16 25 24   12 20 25 17 25 23 16 16 16 16   
317a  16 16 11 16 18  8 20 19 17 15   17 19 18 15 19 17 18 15 14 12   16 14 13 20 20 20 18 19 19 16   16 15 16 18 18 25 22 18 18 23   
317b  19 16 18 19 15 19 25 18 24 24   16 19 16 24 27 16 22 21 15 18   15 19 16 21 18 19 22 18 21 17   20 19 21 19 21 23 16 16 16 16   
318a  16 16 14 19 14 13 15 18 18 17   11 23 16 11 22 20 21 20 20 16   19 13 18 12 16 17 12 16 16 14   19 22 15 24 17 17 19 16 19 20   
318b  18 16 24 27 19 18 26 25 19 20   16 25 21 22 19 20 23 18 28 21   18 23 23 25 24 17 17 22 24 21   19 20 24 23 19 18 16 16 16 16   
319a  16 16 18 13 20 20 17 14 16 11   15 18 14 16 11 14 15 11 11 14   22 14 11 20 19 20 13 10 19 13   20 15 13 19 20 14 12 20 17 16   
319b  22 21 22 18 23 15 19 18 19 21   22 20 22 16 18 25 20 18 13 26   20 20 24 18 20 20 20 25 20 21   19 12 28 16 20 13 16 16 16 16   
320a  16 16 22 11 18 15 18 13 15 18   16 16 18  7 20 23 16 14 13 12   19 12 22 11 21 19 20 16 18 15   17 15 15 17 17 23 15 16 18 18   
320b  13 25 22 21 29 20 24 19 20 23   22 18 19 18 22 26 23 22 22 17   16 14 19 17 18 15 19 18 22 22   22 26 19 24 24 20 16 16 16 16   
321a  16 16 14 14 17 18 14 16 18 17   18 20 16 15 18 16 17 15 18 15   16 15 17 16 13 14 20 18 15 15   23 19 20 20 19 17 20 19 15 23   
321b  20 18 22 17 21 19 24 20 20 16   21 20 21 17 24 20 23 22 20 19   23 19 26 19 23 18 16 17 22 17   24 18 17 23 22 20 16 16 16 16   
322a  16 16 20 26 20 13 20 20 20  8   15 23 20 16 10 14 21 18 18 12   15 15 19 11 12 24 24 12 13 19   17 16 17 17 17 23 19 17 16 19   
322b  19 20 22 22 21 18 15 23 20 19   22 14 15 19 23 24 24 18 16 20   15 20 20 22 20 23 20 16 20 22   26 17 17 23 22 19 16 16 16 16   
323a  16 16 22 20 14 18 15 21 16 14   15 15 22 13 18 17 17 19 17 17   16 16 16 15 14 18 18 13 12 14   15 10 20 14 20 19 16 18 22 18   
323b  15 19 19 17 22 21 19 24 25 19   23 20 19 16 21 20 19 18 20 20   20 24 21 23 20 25 17 23 13 21   20 23 16 23 19 23 16 16 16 16   
324a  16 16 18 16 20 15 16 19 19 19   17 14 20 18 18 16 19 17 18 17   16 18 15 15 16 14 14 12 19 16   22 17 20 17 17 17 18 23 16 17   
324b  23 18 19 18 18 16 27 19 16 19   20 22 18 20 21 22 14 20 16 20   21 20 21 20 22 20 23 11 20 23   16 17 17 17 20 22 16 16 16 16   
325a  16 16 15 18 16 20 15 11 15 14   25 16 17 18 13 14 23 23 18 18   20 14 18 14 19 17 18 13 16 16   21 13 16 17 19 13 15 16 15 16   
325b  14 22 16 20 19 23 18 17 24 19   17 21 18 21 24 17 24 26 20 20   13 22 20 18 20 22 21 16 19 24   24 23 20 19 23 20 16 16 16 16   
326a  16 16 17 21 20 17 17 13 20 18   17 15 19 18 13 12 16 20 15 13   17 15 25 15 16 17 18 18 22 18   16 19 15 15 20 20 18 16 21 17   
326b  16 16 18 18 23 22 20 21 19 17   23 23 16 18 19 18 28 23 18 16   15 22 24 22 16 24 16 23 17 23   12 16 19 16 20 19 16 16 16 16   
327a  16 16 15 16 15 17 18 15 20 18   14 20 12 11 15 15 16 14 15 15   15 22 13 14 16 24 22 15 12 16   16 16 19 19 16 18 17 28 21 16   
327b  24 16 19 20 15 23 29 11 20 19   24 18 30 19 19 17 20 18 17 18   22 16 18 21 17 13 19 16 23 23   14 17 18 23 20 18 16 16 16 16   
328a  16 16 12 12 15 14 17 19 16 20   19 24 19 17 15 21 19 16 18 17   16 18 22 20 17 17 17 17 14 15    9 15 23 17 12 18 20 16 25 19   
328b  18 19 20 20 22 20 21 20 18 17   17 21 14 16 24 19 21 22 23 19   22 23 15 21 25 16 17 20 15 21   20 24 31 15 23 25 16 16 16 16   
329a  16 16 22  9 20 16 21 19 18 18   15 14 16 16 14 15 20 16 18 16   16 19 15 18 15 18 22 15 14  9   12 17 19 16 18 22 20 20 22 23   
329b  24 17 23 19 19 21 19 21 21 15   16 21 21 14 24 20 20 18 19 23   19 18 15 22 21 20 22 18 21 19   24 22 26 20 19 23 16 16 16 16   
330a  16 16 16 15 18 15 15 15 14 15   12 20 14 16 16 15 16 19 19 12   17 19 16 16 14 18 20 16 18 15    9 16 15 12 16 14 26 17 22 18   
330b  19 23 22 22 24 15 23 19 23 14   18 16 19 16 21 24 16 18 20 22   19 23 18 16 24 20 20 20 22 21   20 19 19 15 18 20 16 16 16 16   
331a  16 16 14 14 18 17 23 16 14 19   17 15 12 20 11  9 20 17 18 15   13 23 12 15 14 14 16 17 13 23   20 18 16 22 22 16 16 23 19 17   
331b  19 18 16 21 22 14 18 23 19 20   20 20 20 21 20 22 25 20 21 18   21 20 21 21 19 18 20 22 22 22   20 22 21 24 17 24 16 16 16 16   
332a  16 16 17 16 20 20 25 14 18 10   18 14 16  9 19 16 20 14 19 11   15 19 16 12 21 16 14 17 15 19   16 20 19 17 15 18 19 20 18 19   
332b  24 22 24 20 24 15 21 21 24 17   22 16 18 27 20 20 26 22 22 16   21 17 18 15 28 20 22 21 20 20   19 18 20 21 26 16 16 16 16 16   
333a  16 16 15 17 16 17 19 15 13 12   18 12 16 12 15 18 16 12 17 12   20 17 18 16 16 17 14 16 13 12   15 16 13 11 25 20 20 23 21 21   
333b  24 18 21 20 23 23 16 15 21 15   16 20 23 19 21 19 12 24 25 14   22 20 18 21 17 21 18 20 27 13   18 23 21 21 25 18 16 16 16 16   
334a  16 16 19 16 16 13 17 13 16 22   15 21 17 17 19 19 21 19  7 14   16 16 15 15 14 14 16 14  9 20   16 15 16 15 17 14 17 15 22 23   
334b  21 22 20 16 18 20 19 18 19 21   16 17 23 21 16 22 17 22 19 16   16 17 24 18 15 19 22 18 20 19   19 21 16 20 23 23 16 16 16 16   
335a  16 16 19 13 20 15 13 20 16 15   16 11 22 15 20 14 18 13 11 15   15 12 17 15 19 14 13 23 21 23   21 21 20 16 16 15 19 20 22 18   
335b  15 22 21 25 17 22 24 13 20 19   27 18 17 17 23 18 20 17 21 22   19 19 15 14 15 18 20 12 19 21   18 16 20 16 15 19 16 16 16 16   
336a  16 16 14 15 20 19 21 18 21 15   18 17 17 16 23 11 20 18 15 14   13 15 21 17 15 16 19 16 16 13   16 20 18 17 16 18 21 23 16 24   
336b  19 23 21 27 19 18 22 15 20 20   20 14 19 22 24 20 21 22 21 18   19 23 21 20 16 21 21 19 25 23   22 19 20 22 21 18 16 16 16 16   
