###    1  2  3  4  5  6  7  8  9 10   11 12 13 14 15 16 17 18 19 20   21 22 23 24 25 26 27 28 29 30   31 32 33 34 35 36 37 38 39 40   
###   41 42 43 44 45 46 47 48 49 50   51 52 53 54 55 56 57 58 59 60   61 62 63 64 65 66 67 68 69 70   71 72 73 74 75 76 77 78 79 80   
  1a  16 16 18 19 12 14 14 17 14 12   12 11 13 15 14 22 15 12  9 10   11 16 11 16 16 16 16 16 16 16   16 14 11 15 16 16 16 16 16 16   
  1b  16 16 16 14 13 20 15 16 16 16   16 16 16 16 16 12 20 20 20 14   21 17 18 10 20 18 13 17 19 17   19 12 17 17 19 22 16 16 16 16   
  2a  16 16 12 14  9 16 13 16 16  9   12 17 10 13 16 16 12 17 11 17   13 12 10 14 13 18 12 11  9 15    9 12 14 16 11  9 17 11 11 17   
  2b  13 12 11 14 15 10 11 14 13 17   16 17 20 16 20 15 21 19 16 21   22 22 17 20 22 20 14 17 19 17   20 18 19 16 24 21 16 16 16 16   
  3a  16 16 11 11 14 18 17 21 12 13   19 16  8  6  9 20 13 14 14 13   12 16  8 13 18  9  9 10  8 10   13 14 16 15 17 11 17 16 14 16   
  3b  14 18 19 14 21 17 14 16 16 21    9 22 17 14 18 20 17 24 19 14   18 15 17 18 22 19 18 17 15 15   18 15 20 21 18 20 16 16 16 16   
  4a  16 16 15 20 17 15 13 16 13 17    8 12 15  8 21 16 14 19 13 15   22 20  8 12 19 12 14 11 10 16   14  8 15 16 12 14 13 20 11 11   
  4b  14 13 11 19 13 18 14 20 15 22   17 14 17 23 21 17 20 22 19 21   15 18 19 23 12 28 22 18 17 20   21 19 19 18 16 20 16 16 16 16   
  5a  16 16 17 14 20 15 11 15  8 16   10 13  5  9 18 19 11  8 18 13   18 14 13 14 16 16 17 11 11 12   16 15 18 15 15 13 17 13 17 14   
  5b  17 21  9 22 14 14 14 14 15 13   12 17 26 17 22 21 17 23 12 22   18 23 21 20 15 17 18 19 16 18   17 28 16 23 21 20 16 16 16 16   
  6a  16 16 10 12 16 15 16 16 15 20   13  9 16 13 17 11 16 17 11 17   12 11 12 12 11 12 17  9 12 11   14 11 12 24 16 16 12 18 13 19   
  6b  15 13 13 17 13 14 13 13 17 13   18 19 18 22 14 21 14 22 13 19   15 19 21 15 17 22 18 20 16 24   18 11 23 15 15 20 16 16 16 16   
  7a  16 16  5 13 16 16 14  9 16 17   15 20 12 16 16 20 12 14 14 16    9 16  6 12 16 15  9 12 12 17   11 16 12 15 10 14 13 19 19 15   
  7b  17 16 12 15 15 17 14 13 14 12   10 15 14 17 14 16 20 19 18 17   17 15 16 21 17 16 13 20 18 20   18 19 23 23 19 13 16 16 16 16   
  8a  16 16  6 13 19 15 20 16 13 19   12 20 15  9 13 18 16 13 18 17   16 14  9  8 11 12  5  8 18 21   13 10 12 17 14 14 17 18 11 15   
  8b  19 17 16 16 15 17 19 16 16 15   16 13 14 20 16 16 17 17 23 22   20 19 19 23 14 16 19 19 20 20   14 21 21 27 19 19 16 16 16 16   
  9a  16 16  6 13 19 10 18 14 14 15   18 18  4 15 16 14 13 16 15 19   17 13 10 13 13 13 16  7 12 19   15 15 16 16 15 15 13 16 14 13   
  9b  16 18 22 16 15 16 17 10  9 14   14 15 24 19 19 15 20 20 24 19   19 26 17 16 21 18 15 19 21 20   20 18 15 16 19 18 16 16 16 16   
 10a  16 16  7 13 13 12 15 14 16 15   11 11 11 19 17 23 15 23 15 15   19 13 15 14 11 11 15 16 12 14   12  6  9 15 12  9 14 22 13 19   
 10b  14 13 11 21 18 10 12 17 18 16   15 15 16 14 19 19 19 19 15 19   15 19 19 23 16 26 17 22 15 24   24 15 23 16 12 14 16 16 16 16   
 11a  16 16 11 13 11 16 13 13 14 18   13 15 12 15 12 15 21 11 15 14   18 14 18 10 12 15 12  9 17 21    7 10 15 14  8 15 16 19 12 18   
 11b  13 16 16 16 24 11 18 13 16 12   14 10 20 16 19 20 11 23 17 21   19 20 19 18 18 18 16 27 23 21   20 14 21 16 22 22 16 16 16 16   
 12a  16 16 18 10 12 10 13  8 17 11   11 12 16 13 17 14 11 20 17 16   10  8 15 12 12 19 19 12 13 14   13 13 11 14 14  9 11 22 16 14   
 12b  13 10 14 17 17  9 13 23 16 16   16 19 17 20 13 18 12 23 25 18   23 26 20 15 18 18 19 20 19 18   24 20 17 30 17 19 16 16 16 16   
 13a  16 16 13  9 15 14 14 16 16 23   12 15 15  9 15 10 15 15 13 19   13 15  2  6 16 13  7 12 12 10   14 11 11 15 18 11 16 18 17 15   
 13b  18 15 15 15 10 21 16 13 13  9   23 13 15 17 14 16 24 15 16 18   22 19 26 21 17 16 21 17 16 17   23 18 22 16 21 17 16 16 16 16   
 14a  16 16  6 10 15 11 16 16 15 17   18 14  9  9 15 11 14 17 15 16   16 17 10 13 17 18 10 11 12 18   16  6 15 14 11 16 15 14 14 14   
 14b  18 21 16 17 15 19 10 20 12 17   16 20 16 16 15 13 16 17 17 20   18 15 15 18 17 16 21 14 21 16   19 21 22 14 20 14 16 16 16 16   
 15a  16 16  9  8 14 18 14 12 18 20   17 14  7  9 17 15 14 12 16 15   19 20 16 11 14 14 10  8 16 14   15  5 14 15 12 12 14 16 18 12   
 15b  15 17 13 16 21 12 16 20 16 17   11 15 15 19 20 14 11 13 16 14   18 17 22 21 18 22 19 18 25 18   20 23 15 18 19 16 16 16 16 16   
 16a  16 16 10 12  9  9 11 14 16 15   18 14  8 10 12 19 16 11 14 11   11 15 18 10 18 14 11 13 14  9   12  9  9 20  5 15 20 13 15 12   
 16b  15 19 18 17 13 15  9  8  8  8   19 17 17 17 20 14 16 19 14 21   17 21 16 20 23 17 16 21 21 20   25 22 21 24 22 19 16 16 16 16   
 17a  16 16  8 16 11 17 19 15 17 15   11 19 15 10 12 15 11 16 13 15   12 18 12 12 17 15 15  8 13 18   16 15 20 17 13 12 15 15 15  9   
 17b  16 13 15 22  9 17 12 13 10 17    8 18 13 23 20 16 20 25 23 17   21 16 25 23 19 18 17 25 19 19   17 13 24 18 22 13 16 16 16 16   
 18a  16 16 10 10 15 11 12 14 13 16   17 11 11 12 16 13 15 14 14 17   13  9  8 12 19 19 12  8 10 19   11 11 17 16 10  6 19 19 11 12   
 18b  21 23 14 20 14 14 15 15 23 18   13 11 19 18 24 19 28 20 21 18   19 18 17 19 15 21 26 21 15 16   19 16 21 15 19 20 16 16 16 16   
 19a  16 16 10 17 19 13  9 15 13 15   13 18  9 12 17 17 14 12 12 20   17 18 12 16 12 12 10 13  7 14   12 14 12 23 13 18 18 19 18 10   
 19b  15 19 13 14 11 15 18 15 12 11   14 16 15 25 15 20 16 19 12 18   17 17 19 22 20 17 16 15 27 20   20 17 18 17 17 18 16 16 16 16   
 20a  16 16 13 12 14 15 17 16 16 13   17 14 16 15 10  9 11 14 13 15   16  9 11 12 18 13 10 10 18 12   14  7 14 18 11  9 16 19 15 17   
 20b  11 12 15 23 16  9 12 14 18 17   19 18 13 19 20 21 15 14 19 15   18 18 20 16 18 19 19 19 23 15   20 22 22 20 20 19 16 16 16 16   
 21a  16 16 12 15 16 14 15 14 14 14   14 12 18 17 13 16 15 11 17 18   14 16 10 15 20  8 12 10 15 12   11 16 11 16  9  6 15 16 18 13   
 21b  10 10 18 16 19 13 11 11 15 16   12 18 12 20 19 20 24 17 18 19   13 16 18 22 17 15 16 15 21 16   19 25 23 22 18 17 16 16 16 16   
 22a  16 16 12 17 19 17 16 18 11 20   12  9 13  5 12 12 15 14  9 16   10 17  7 13 15 14 11 16 11 13   11 14 16 13  9 10 15 12 16  9   
 22b  17 13 13 11 12 12 10 11 17 14   15 13 19 19 23 15 19 16 22 21   21 17 21 16 14 16 18 21 17 17   19 22 19 18 16 23 16 16 16 16   
 23a  16 16 11  8 14 14 12 12 18 15   13 18  8  4 16 14 15  9 14 15   11 10  8 12 11 10 13 15 13 21   11 10 13  8 13 11 14 17 15 12   
 23b  18 15 17 10 13 20  8 19 17 13   10 14 17 20 23 17 22 19 21 16   20 21 19 21 23 22 19 21 18 22   20 15 15 19 19 16 16 16 16 16   
 24a  16 16 11 13 13 16 16 16 12 13   11 14 11 14  6 17 12 19  9 15   13 15  8 14 15 20  8 12 13 15   15 13 15 17 14 10 18 17 18 11   
 24b  14 18 13 25 11 12 15 10 13 18   16 18 14 17 18 20 17 18 16 17   15 17 20 22 24 13  9 18 22 15   16 18 19 19 19 18 16 16 16 16   
 25a  16 16 14  6 16  9 18 10 13 11   10 13 15  7 16 22 12 11 12 17   19 12 11 11  9  9 13 14 18 19   13 14 14 20 14 14 15 16 17 14   
 25b  17 17  9 13 13 23 13  5 16 20   13 16 18 12 18 16 17 18 16 19   18 18 18 16 16 18 21 17 18 21   19 17 14 21 14 21 16 16 16 16   
 26a  16 16  8  9 13 22 14 14 12 13   17 21  7 13 11 13 12 20 14 15   16 14  5 11 16 16 12 13 13  7   14 14 15 16  7 13 13 11 14 14   
 26b  16 16 18 14 14 15 14 11 16 17   17 14 15 17 17 14 19 20 24 19   16 19 18 16 19 11 19 26 20 16   14 19 25 13 23 24 16 16 16 16   
 27a  16 16 11  9  9 11 15 10 15 10   13 10 13  8  9 19 21 19 13 17   14 22 14 14 18 12 15  7  8 15    9 13 15 19 12 18 13 17 14 20   
 27b  10 15 17 17  9 16 13 15 12 13   18 19 21 20 20 21 19 19 20 20   26 19 23 13 17 22 23 21 15 20   22 19 20 21 16 21 16 16 16 16   
 28a  16 16  7  9 17  9 20 18 15 13   17  8 13 12 13 11 13 14 11 14   14 15 17  9  9  9  8  7 20 14   17 15 10 13  9 14 12 18 17 14   
 28b  18 10 16 16 12 12 11 16 16 14   14 20 15 17 16 21 21 17 15 17   16 19 23 19 18 19 16 18 25 22   16 21 21 16 16 22 16 16 16 16   
 29a  16 16 10 11 11 15 11  9 16 14   12 17 18 10 14 15 17 13 14 10   14 11 11 10 12  9  8 13 11 15   15 13  5 16 10 14 13  8 16 15   
 29b  16 14 13 19 17 15 14 15 19  9   16 14 18 13 16 21 18 24 21 14   22 18 18 20 16 20 18 18 22 19   21 14 15 18 21 18 16 16 16 16   
 30a  16 16 13 12 18 13 12 13 10 18   13 14 12 24 15 15 10 16 13 16    8 12 17 15  8 15  6 12 14 15    9 10 18 20  7 10 19 14 18 13   
 30b  16 17  8 21 15 16 16 17 14  8   12 11 15 14 17 15 19 20 18 22   16 18 17 16 19 19 14 17 18 11   18 20 18 18 22 18 16 16 16 16   
 31a  16 16 13 13  7  8 10 19 11 18   14  8 13 14 15  9 11 16  9 16   16 12 21 14 12 12 10 10 17 10   14 12 13 20 18 16 14 13 14  8   
 31b  10 18 17 15 17 15 18 16 14 14   14 15 17 18 21 21 22 17 17 16   17 20 16 18 22 17 16 17 17 22   16 29 13 21 22 18 16 16 16 16   
 32a  16 16 11 12 12 15 13 13  7 12   12 18 12 11 17 18 12 15 24 15   14 13 13  9 13 15  5 14 10 17   10 11 12 12  7 10 10 15 15 13   
 32b  14 14 21 15 11 20 12  7 13 14   20 17 15 19 15 16 16 12 18 14   20 19 20 22 16 19 23 21 25 17   19 17 18 15 17 24 16 16 16 16   
 33a  16 16 14 13 19  9 14 12 22 15   11 15 10 11 16 13 14 14 11 15   17 11 11 14 15 14 10 11 13 14    7 11 14 14 13 12 18 15 15 17   
 33b  17 16 21 13 20 16 15 15  9 12   18 21 13 18 15 18 14 23 17 16   18 20 17 18 22 21 22 18 23 16   18 17 22 19 23 19 16 16 16 16   
 34a  16 16 14  6 14 11 18 14 12 17   17 19  5 16 14 12 17 19 16  8   13 13 13 13 13 10 13  6 16 14   12 15 23 12 10 16 10 11 12 13   
 34b  14 14 21 17 16 10 18 19 13 14    9 19 15 25 17 19 16 18 16 25   17 19 23 18 26 18 19 20 22 20   21 18 10 18 17 13 16 16 16 16   
 35a  16 16 10 12 13 15 11 13 18 11   20  8 12 12 26  8 18 17 14 12   19 15 15 16 18 10 17 10 13 17   15  8 11 21 19 16 20 20 16 14   
 35b  16 12 18 17 13 10 10 20 15 13   12 14 16 17 21 16 17 21 16 16   26 22 21 16 26 15 17 21 19 19   19 20 20 20 19 17 16 16 16 16   
 36a  16 16 12  8 16 18 16 14 17 13   16 14 15 10 17 10 16 11 11 17   16 14 10  9 16 15 13 15 11  9   14 11 10 17  9  9 16 17 16 12   
 36b  21 18 12 18 12 16 15 14 15 10   10 13 15 17 25 18 18 16 17 18   17 14 19 20 19 18 16 23 11 21   19 20 18 21 18 19 16 16 16 16   
 37a  16 16 12 16 13 15 17 13 12 14   12 14  8 10 18 15 18 14 21 14   20 22  8 11 12  9 12  9 14 21   18 12 15 14  9 16 14 10 16 12   
 37b  22 20 14 14  9  9 11 16 14 13   12 20 16 16 20 11 24 16 18 21   18 19 23 17 20 19 18 13 22 19   22 21 19 22 20 18 16 16 16 16   
 38a  16 16 12  8 13 12 10 15 18 13   19  7  9  9  9 12 16 13 16 15   12 11 10  9 12  7 13 19 16 14   11 13 19 18  9 11 11 15 16 16   
 38b  17 14 14 17 17 18  7 15 16 16   14 11 15 17 17 17 19 22 20 18   17 20 16 23 14 21 17 18 16 18   14 16 19 20 16 19 16 16 16 16   
 39a  16 16 10  8 13 12  8 16 10 12   23 16 12 12  9 16 18 17 10 12   10 13 13 10 13 16 12  4 17 12   15 15  7 16 16 12 18 16 12 13   
 39b  19 19 20 18 10 11 13 17 11 15   16 16 19 19 12 15 14 22 15 20   14 20 16 14 20 18 19 21 21 17   18 17 23 23 18 16 16 16 16 16   
 40a  16 16 15 12 13 14 12 17 15 16   20 14 10 13 22 15 15 15 15 20   11 14 11  7 10 15 13  8  7 15   14  7 13 15 11 13  8 12 14 20   
 40b  19 13 11 19 13 10 13 12 17 10    8 10 19 14 14 15 21 15 21 22   23 17 16 20 17 16 18 17 22 18   14 17 21 19 20 19 16 16 16 16   
 41a  16 16 13  8 11 12 17 19 23 12   13 15  7 13 17 17 18 18 16 18   12 10 11  9 20 15 11 11 18 14   17 15 15 16 12 16  8 17 15 16   
 41b  12 12 17 15 12  9 18 17 13 14   11 16 17 17 23 13 20 21 20 19   20 21 22 24 19 23 17 23 16 20   28 20 19 21 22 14 16 16 16 16   
 42a  16 16 11 13 16 15 13 13 15 15   13  9 13  8  9 14 14 16 17 18   14 16 10 11 10 17 10 10 20 12   12 18 10 16 10 17 11 18 15 17   
 42b  16 15 20 13 20  9 12 11 15 13   13 13 16 16 18 18 17 21 21 19   16 20 17 24 21 16 18 19 22 20   15 17 16 21 21 18 16 16 16 16   
 43a  16 16 12 13 18 14 12 16 12 17   12 12 11 16  9 19 14 15 19 15   14 15 17 13 14 18 10  9 14 13   13 14 21 12 11 19 15 17 12 17   
 43b  11 16 13 12 13 15 11 10 14 12   13 21 16 14 17 20 14 18 16 20   19 14 19 19 14 18 20 20 19 20   19 14 20 16 17 18 16 16 16 16   
 44a  16 16 12 12  9 11 13 18 15 10   12 16 14 16 16 20  8 22 14 12   10 10 10  9 14 15 11 12 13 11   16 15 16 13 12 16 16 12  7 14   
 44b  16 18 19 19 12 11 10 14 14 12   16 16 15 17 23 12 15 19 18 20   20 23 17 15 15 18 16 19 18 18   19 15 16 25 20 15 16 16 16 16   
 45a  16 16  6 20 13 16 15 14 21 17   17 12 15 14 14 17 17 13 15 12   13 13 11 11 14 19 11 13 11 12    8 10 15 14 15 15 15 13 13 20   
 45b  13 13 23 14 13 18 15 11 12 14   11 16 16 20 18 22 23 17 16 25   20 17 13 17 19 20 21 20 23 23   17 22 25 16 22 19 16 16 16 16   
 46a  16 16 12 16 13 18 14 11 11 16   19 14  6 10 11 12 20 15 16 14   13 16 16 11 18 12 11 12 20 15   11 13 12 19  8 14  9 12 14 11   
 46b  19 19 15  9 16 15 11 10 18 17   12 11 20 19 15 18 19 18 14 17   26 20 24 21 16 20 23 20 16 19   15 21 21 16 17 25 16 16 16 16   
 47a  16 16 10 13 13 10 13  9  9 22   17 16 15  7 16 14 14 17 15 19   11 15 10 10  9 17  9 11 13 17   15 12 14 19 15 11 13 12 15 14   
 47b  16 14 18 15  4 15 14 15 20  6   18 16 21 10 21 19 14 20 19 22   16 23 18 21 19 19 19 12 20 23   19 16 20 13 26 15 16 16 16 16   
 48a  16 16 12  9 14 13 14 15 14 18   16 15 10  8 13 15 14 14 17 13   13 13 11 14 18 13 14 13 15 11    9 13 19 18  9 17 15 16 14 15   
 48b  13 13 16 16 11 20 16 10 16 15   13 15 18 13 14 15 16 17 20 21   15 19 20 21 20 14 23 21 18 23   19 18 25 21 15 20 16 16 16 16   
 49a  16 16 10 13 16 11 17 18 10 21   15 17 18 12 16 17 10 14 11 22    9 15 12  7 14  8 17 10 13 11    3 17 15 15 11  9 12 13 10 14   
 49b  14 14 14 14 11 11 14 11 12  8   14 16 17 14 11 20 16 21 16 15   19 18 16 21 16 22 23 18 18 22   19 24 19 24 17 21 16 16 16 16   
 50a  16 16 13 10 12 14 14 15 15 19   11 17 11 14 11 14 14 10 15 16    9 14 12  5 12 13  6 11 11 16   10 10 14 16 12 15 17 16 13 21   
 50b  19 17 15 16 13 14 11 16 13 15   14 11 19 14 21 15 19 18 18 19   19 22 13 15 18 22 15 11 17 21   16 21 19 17 23 14 16 16 16 16   
 51a  16 16  6 16 16 15 12 14 13 10   17 11 16 10 16 19 11 16 17 16   14  7 13  7 15 13 10 11 13 14   10 12 18  9 14 15 13 17 17 13   
 51b  12 15 16 17 16 13  7 12 14 14   10 16 18 17 21 16 20 15 20 16   14 18 20 16 18 13 18 19 22 19   24 19 15 16 19 16 16 16 16 16   
 52a  16 16 11 12  7 23 13 16 22 15   13 12 17 14 15 16 19 16 17 13   15 14  8 12 13 19 11  8 17 14   14  9 18 12 12  7 15 12 14 17   
 52b  11 10 16 13 12 19 13 17 15 14   14 11 20 19 16 14 19 14 20 14   21 19 19 16 21 15 14 24 19 15   19 13 20 17 18 24 16 16 16 16   
 53a  16 16 14 15 12 16 12 12 16 13   19 18 16 12 18 19 12 11 12 11   21 15 11 12 13 15 13 13 14  8   13  2  7 14  9 11 14 19 15 21   
 53b  11 18 13 18 15 12 18  8 12 12   12 18 12 18 16 22 19 19 15 16   19 15 18 19 21 22 22 20 18 14   21 16 23 26 20 16 16 16 16 16   
 54a  16 16 12 11 15 14 13 16  9 10    9 14 10 12 15 16 15 18 12 17   15 16 13 13  5 11  9 10 14 16   10 14 19 11 13  8 12 19 13 18   
 54b  17 18 17 16 13 15 15 14 16 20   15 18 20 18 20 15 17 10 18 16   19 18 23 20 20 14 18 22 22 17   22 21 19 14 16 17 16 16 16 16   
 55a  16 16  8  9 14 15 14 13 12 15   16 21 18 10 17 16 16 14 15 16   12 14  8 11 12  7 13 13 12 18   10 14 15 14 14 10 13 11 15 14   
 55b  16 18 14 15 10 12 14 12 14 13   16 14 15 19 20 19 15 27 20 15   17 15 25 13 24 18 12 23 17 19   14 12 18 15 11 19 16 16 16 16   
 56a  16 16 10 15 14 17 11 13 14 15   14 16 12 13 11 18 10 16 13 14   14 17  6  8 12 12  6  9 12 20   12  7 14 13 11 11 17  9 10  9   
 56b  14 10 10 15 14 18  7 15 16 23   12 16 15 20 14 15 14 16 18 21   17 24 21 22 13 20 20 18 18 21   16 21 15 17 12 17 16 16 16 16   
 57a  16 16  6 10 19 18 15 15 13  9   15 20  7  9 16 16 11 15 13 18   12 16 12 14  8 18 12  9 19 17   11 20 19 11  8  5  9 20 10 12   
 57b  17 15 21 14 17 20 19 14 15 15    9 14 18 13 17 16 21 14 15 16   22 19 19 21 22 20 19 24 19 17   25 21 21 23 20 21 16 16 16 16   
 58a  16 16 12 11 17 14 15 17 15 13   13 10 12 12 11 11 11 13 12  9   18 12 11 12 16 18  7  8 18 10   16 13 17 15 15 14 17 20 10 15   
 58b  15 14 11 18  6 15 18 14 18 16   16 12 23 17 25 20 19 11 15 19   20 16 19 17 16 25 13 17 19 23   21 15 15 22 14 21 16 16 16 16   
 59a  16 16 14  8 17 16 16  9 10 12   14 14 13 10 13 17 18 18 16 13   15 17 14 18 15 11 12  4 14 12   11  7 18 22  8 15 11 14 11 14   
 59b  17 15 17 19 10 13 13 19 14 13   14 11 15 21 19 15 17 17 16 18   21 21 17 22 20 20 22 20 17 21   18 21 25 18 20 16 16 16 16 16   
 60a  16 16 11 11 16 18 19 14  8 17   14  9 15  9 13 12 19 15 12 15   12 12  8 10 12 18 10 16 18 16    9  8  9 11 15 10  8 10 19 12   
 60b  12 17 16 14 12 16 10  7 13 20   13 16 17 12 17 20 17 16 23 19   20 15 17 21 15 17 17 17 20 21   17 20 17 20 21 14 16 16 16 16   
 61a  16 16 12  9 11 11 18 16 14 15    7 13 12  6 13 16  9 15 15 12   23 18  9  9 20 11 12 15 13 22   12 10 18 16 14 18 13 10 13 14   
 61b  14 19 15 12 10 11 15 12 14 15   17 14 15 17 12 20 19 16 20 16   15 18 21 20 20 15 15 27 16 18   11 20 20 20 18 19 16 16 16 16   
 62a  16 16 11 12 12 14 13 10 15 18   18 13 14  7 15 13 14 13 20 10   13 13 10 10 21  8  9 12 10 12   14 12 16  9 13  9 14 13 10 19   
 62b  11 17 16 17 14  8 16 20 13 17   15 14 14 26 16 23 17 19 12 14   23 15 20 19 19 16 17 24 26 18   24 20 16 21 17 23 16 16 16 16   
 63a  16 16 14 15 15 12 14 11 12 20   12 20 14 16 12 18 17 23 14 11   14 12 11 10 14 17 11 15 18 13   11  8 13  9 15 18  9 10 13 25   
 63b  12 14 21 17  9 16 11 21 14 18   18 15 16 19 17 10 21 17 13 13   17 16 15 20 16 19 18 17 22 19   14 17 14 19 19 20 16 16 16 16   
 64a  16 16 14 10 17 13 13 12 12  9   12 13 15 16 17 12 16 14 17  9   15 19 10  9 12 13 11 14 10 15   10 10 15 15 15 21 17 16 15 18   
 64b  15 18 14 13 13 18 17 16 14 14   17 24 18 16 20 17 17 20 16 16   22 19 14 22 13 20 17 17 15 20   24 19 23 16 18 21 16 16 16 16   
 65a  16 16  6 16 14 14 16 13 11 17   19 17 12 16 14 19 10 14 19 17    8 12 11 12  8  9  8 11 15 18   12 11 17 11 11 14 15 14 19 19   
 65b  14 16 16 18 12 11 13 17 13 16   14 18 15 16 17 15 18 17 18 21   12 13 20 17 16 24 19 21 20 21   14 22 15 23 16 17 16 16 16 16   
 66a  16 16 10 13 23 13 15 17 13 16   17 17 12 14 16 15 13 11 21 14   11 10  8  8 13 14  5 19 17 17   10 13 19 20  9 10 17 14 14 10   
 66b  15 19 18 16 14 13 13 12 13 15   18  9 14 19 16 20 23 16 16 18   21 14 16 13 15 19 20 21 19 17   15 18 19 21 17 16 16 16 16 16   
 67a  16 16 14 11 13 17 17 19 12 10   19 19 14 13 15 12 18 14 18 11   12 15  8 12 14 10 13 13 18 11   16 14 19 15 13 14 17 22 14 16   
 67b  11 14 13 17 12  8 12 16 18 19   12 13 20 15 15 22 17 20 16 17   19 24 19 20 11 18 19 22 20 22   16 16 21 18 15 22 16 16 16 16   
 68a  16 16 13 11 13 15 18 14 15 19    9 21  4  9 12 17 14 15 11 11   15 12 14 13 22 13  8 14  9 20    8 11 13 16  9  9 13 21 14 19   
 68b  12 15 16 18 16 15 10 15 11 13   12 15 17 18 17 15 19 18 13 22   16 16 19 26 20 18 21 17 17 13   22 23 20 17 12 21 16 16 16 16   
 69a  16 16  8 14 14 14 12 17 15 10   14 16  8 13 18 13 16 19 14 16    7 17 15 11 13 13 17 26 11 12   11 11 11 17 15 15 18 19 12 18   
 69b   9 19 15 15 11 12 11 16 13 31   12 10 15 18 15 22 12 18 16 16   17 19 16 16 17 18 21 23 18 17   19 21 23 19 17 13 16 16 16 16   
 70a  16 16 12 10 15 16 15 12 16 15   14 15 15 11 17 17 13 15 25 10   13 19 12 15 16 11 13 16 18 15   18 10 13 18 15 11 11 14 16 16   
 70b  15 17 22 11 14 18 12 18 12  9   13 13 16 20 19 22 18 19 22 19   24 16 22 25 20 16 17 20 19 16   22 23 21 18 15 19 16 16 16 16   
 71a  16 16 12 14 16 15 18 13 12 13   11 12  7 17 15 14 14 11 16 12   12  9 11 15 11 12 12 11 12 13   12 14  9 16  7 15 13 18 16 15   
 71b  11 17 19  9 12 13 12 11 20 13   14 17 12 11 15 18 16 19 17 21   16 19 20 21  8 20 19 24 19 18   19 20 13 19 21 22 16 16 16 16   
 72a  16 16 10 19 10 14 15 18 13 11   14 18 12 15 19 11 12 13 16 18   11 12 13  9 14 12 12 13 13 14    9  5 12 13 13 19 15 19 14 17   
 72b  14 15 14 13 14 16 10 11 15 13   19 12 16 17 18 16 14 14 18 22   20 16 16 19 22 18 15 19 20 17   18 16 17 17 21 18 16 16 16 16   
 73a  16 16 11  9 19 15 18 12 16 21    8 14 10 10 13 13 17 18 11 12   15 15 11  9 17 16  8 10 12 12   10 10 16 17  7 14 21 18 18 11   
 73b  15 20 13 15 15 16 11 16 12 11   11 14 18 17 19 15 17 19 17 23   17 21 19 22 20 19 18 15 17 20   20 19 20 16 21 18 16 16 16 16   
 74a  16 16 12 13 13 10 13 17 15 15   16 19  5 11 19 18 10 13 15 16   20 15 14  9 12 23  9  9 12 14   11 13 15 20 19 13 23 13 15 14   
 74b  15 15 15 16 11 12 14 17 12 11   18 15 13 15 19 21 17 18 20 17   18 16 18 19 22 18 16 20 10 25   18 23 17 17 19 21 16 16 16 16   
 75a  16 16 15 11 13 15 18 15 14 12   10 16  8 11 11 18 14 14 14 12   18 13 13 13 15 13 15 15 11 12   13 14 19 10  4 13 16 16 13 13   
 75b  11 20 19 15 16  7 13 11 20 24   18 17 18 20 19 15 19 16 20 24   16 22 17 21 12 19 23 20 13 18   21 17 15 18 21 16 16 16 16 16   
 76a  16 16  8 14 18 12 10 13 18 16   11 15 12 15 17 14 14 13 16 15   11 18 14  7 10  9  7 13 15 15   14 12 16 14 11 12 13 19 13 13   
 76b  17 15 13 15 15 11 13 14 13 13   15 16 14 16 19 20 19 16 22 15   21 18 15 16 16 22 21 20 21 20   24 14 20 20 20 17 16 16 16 16   
 77a  16 16 16  7 15 15  7  8 14 13    9 19  8  8 16 10  9 12 14 16   14 15 12  9 14 11  8 10 10 15   11  8 10 14 12 16 16 11  9 12   
 77b  18 21 14 16 14 19 17 15 11 15    9 13 13 20 18 21 20 16 24 17   17 25 24 18 22 22 24 18 14 25   16 21 16 17 20 24 16 16 16 16   
 78a  16 16 14  7 11 17 12 19 15 15   10 23 15 11 12 17 16 12 22 12   17 13 14 12 11 14  6 11 13 15   15 10 11 18 10 15 16 19 17 20   
 78b  17  9 11 15 14 11 15 11 17 16   10 11 23 12 19 16 16 18 18 22   21 19 20 14 21 23 20 14 14 23   21 17 15 15 18 21 16 16 16 16   
 79a  16 16 14 10 14 14 13 12 13 16   15 11 17 14 12 21 10 20 12 15   18 17 12 14 14 18 13  6  9 13   18 11 11 10 11 10 18 20 11 14   
 79b  11 14 15 17 18 12 12 12 17 10   16 11 14 15 17 16 16 22 18 19   19 21 23 22 21 16 15 26 15 19   19 14 18 14 18 20 16 16 16 16   
 80a  16 16 11  4 14 16 12 14 14 14   12 16 13 15 15 13 19 20 18  8   12  8 10 14 14 20  9  8 11 12   12 10 11 13 16 11 14 12 11 11   
 80b  16 15 16 15 14 19 10 11 12 14   17 11 20 18 19 22 19 14 21 20   19 14 22 17 19 21 22 21 21 20   21 20 17 17 21 16 16 16 16 16   
 81a  16 16  9 12 23 11 21 18 16 11   15 18 10  7  9 14 22 15 18 16   19 16 17 12 13 14 10 11 18 18   14  7 13 13 12  9 11 17 17 13   
 81b  13 17 12 11 14 10 17 12 16 22   12 15 20 22 22 22 20 26 15 18   16 19 14 14 15 16 22 22 26 15   17 16 22 16 22 19 16 16 16 16   
 82a  16 16 12 15 13 13 19 13 13 16   21 16 13 17 13 19  8 15 12 11   17 13  8  8 13 18 10  9 16 14   17 17 16 15 14  8 15 16 15 18   
 82b  13 24 21 18 20 13 14 20 15 10   14 16 22 19 17 17 16 15 29 15   19 18 18 18 22 20 17 16 19 20   15 19 19 20 17 19 16 16 16 16   
 83a  16 16 14 14 10 17 13 15 14 14   12 14 13 17 14 10 15 13 13 19   13 14 11  8 15 15 12  7 14 12   11 18  6 13  9 13 21 11 17 12   
 83b  14 18 20  8 16 14  8 11 10 15   15 10 18 16 12 18 19 20 18 14   22 19 17 14 27 21 18 22 15 19   21 21 20 19 17 23 16 16 16 16   
 84a  16 16 16  7  9 15 17 11 11 14   14 14 16 19 17 11 12 10 14 18   13 12 17 15 16 12 14 11 10 13   17 12 16 11 14 19 17 17 16 16   
 84b  17 16 12 18 14 13 14 19 16 16   17 13 13 16 17 14 18 22 22 20   22 17 21 18 21 18 22 17 18 17   22 17 19 22 20 20 16 16 16 16   
 85a  16 16 11 11 14 16 15 16 19 15   10 18 15  3 15 18 13 17 13 18   15 11  4 16 13 12 15  7 11 17   12  7 12 12 12 10 19 20 18 16   
 85b  13 17 21 18 17 10 15 16 17 14   19 17 17 17 19 21 22 15 18 18   17 19 20 22 22 16 24 17 22 23   23 18 16 23 11 16 16 16 16 16   
 86a  16 16 18 19 17 21 16 17 19 13   20 18 11  9 15 13 17  8 17 11   13 10 11 17 16 13  8 14  9 13   17 16 14 15  8 15 18 18 20 12   
 86b  16 16 20 11 13 15 10 16 10 14   15 15 17 15 17 15 17 18 14 23   19 15 16 19 18 14 19 18 13 19   23 21 23 24 11 19 16 16 16 16   
 87a  16 16 14 10  9 17 13 18 14 13   21 14  6 15 20 11 14 14 15 14   15 12  7 13 12 11 13 11 13 18    8 14 14 12 10 14 14 14 21 20   
 87b  13 15 18 20 17 14 11 15 21 11   15 15 10 14 16 17 20 13 17 21   21 18 18 20 15 15 17 19 22 22   18 18 18 17 13 19 16 16 16 16   
 88a  16 16  9 10 13 15 20 13 15 15   15 16 14 14 21 16 11 12 12 14   17 14 12  9 14  9 10 13  9 16    8 13 19 13 13 11 19 11 14 17   
 88b  14 15 13 18 11 12 12 11 14 15   14 14 17 21 14 22 12 18 19 19   24 16 18 22 22 22 15 19 22 21   15 22 21 17 22 18 16 16 16 16   
 89a  16 16 11 10 15 19 16 16 11 11   11 14 18 14 16 20 14 12 20 18   13 14 10  5  9 13 14 13 12 11   11 16 14  9 10 13 18 18 20 22   
 89b  19 14 11 21  8  8 15 12 14 19   17 17 10 19 15 20 14 21 21 17   17 20 15 19 21 18 23 18 18 21   20 21 23 16 13 16 16 16 16 16   
 90a  16 16 10 11 13 14 16 14 13 15   15 14 17 14 16 18 17 14 15 15   11 12 13  7 13 15 12 11  9 21    9  9 20 12 10 14 15 16 18 16   
 90b  16 14 18 18 15 19 15 11 19 13   15 14 21 18 16 19 18 21 18 23   20 23 16 21 19 19 18 21 24 23   16 18 22 14 14 19 16 16 16 16   
 91a  16 16 12 11  9 11 14 20 11 18   10 14 10 15 12 12 15 14 19 17   11 16  7 14 10 12  9 13 16 13   10  9 18 15  8 15 15 16 12 19   
 91b  21 19 12 21 12 13 12 13 19 20   14 19 12 24 17 19 16 16 19 20   22 21 18 20 20 23 16 18 21 21   21 20 21 19 20 23 16 16 16 16   
 92a  16 16 11 10 18 17 22 15 16 13   13 12 13  9 11 18 13 17 14 11   10 11 15  9 13 19 12  7 13 17   14 10 13 14  7 20 15 20 11 12   
 92b  15 15 16 18 15 11 16 13 13  9   14 16 21 13 20 17 26 14 15 17   20 18 23 21 18 21 15 17 18 20   19 17 21 16 20 22 16 16 16 16   
 93a  16 16 10 14 18 13 14 17 11 21   13 14 11 16 18 15 15 10 13 14   13 17 14 14 10 19 22  9 14 14   11  9 12 11 19  5  9 18 16 18   
 93b  15 14 13 14 10 15 14 13 11 12   15 10 13 16 12 18 22 19 18 14   16 19 19 20 22 22 19 20 18 20   16 13 18 17 18 20 16 16 16 16   
 94a  16 16 13 13 17 16 13 11 14 14   16 19  7  7 17 19 16 14 20 13   12 14  7  9 17 16  9 15 12 15    8 12 10 13 12 14  9 14 18 18   
 94b  19 12 15 20  8 10 18 14 21 12   13 18 18 20 19 23 18 19 16 16   17 19 19 22 15 15 25 20 21 17   23 17 17 22 19 16 16 16 16 16   
 95a  16 16 12 13 10 18 17 18 20 15   13 15 13  7 17 11  9 15 16 19   12 13 11 10 13 14 10 13 14 14    9 17 15 15 14 15 12  9 16 13   
 95b  21 13 19 16 12  9 16 13 10 16   10 10 14 17 21 18 16 15 25 14   18 15 15 17 19 19 17 17 24 16   18 22 16 15 20 21 16 16 16 16   
 96a  16 16 11 14 11 13 12 17 11 19    7 13 12 17 15 16 16  8 12 18   14 16  9 15 14 10 13 11 14 17   11 18 13 12 14 17 10 19 21 14   
 96b  16 14 21 13  8 12 16 14 15 10   18 15 17 14 20 14 23 16 15 22   19 15 20 18 19 17 19 16 19 23   18 19 24 19 20 20 16 16 16 16   
 97a  16 16  7 17 12 17  8 14 18 15   13 10 15 16 17 14 15 17 15 18   16 18 10  7 15 17 10  9 11 21   10 13 18 15 12  7 15 13 12 15   
 97b  18  7 10 15  8 17 11 17 12 12   15 18 11 15 19 13 22 19 19 22   18 17 19 14 20 24 19 17 19 16   19 17 20 19 14 16 16 16 16 16   
 98a  16 16 19 10 17 20 17 19 14 15   14 16 11 16 10 15 16 16 13 14   12 21  9 14 10 20  8 10 12 15   12 13 10 13 13 13 14 15 13 14   
 98b  17 16 15 18  8 13  9 11 15 12   11 16 20 16 18 20 15 22 16 18   16 25 22 20 24 20 19 19 24 15   14 18 22 26 18 15 16 16 16 16   
 99a  16 16 16 10 19  9 12 14 15 11   18  9 13 13 13 13 17 13 20 12   15 10 13 14 19 13  3 13  9 18   14 18 15  9 11 16 15 10 13 13   
 99b  19 13 17 20 12 14 11 17 16 16   15 18 20 17 22 11 15 19 16 21   15 21 14 17 21 26 19 18 18 13   19 19 16 15 21 21 16 16 16 16   
100a  16 16 10 12 11 15 16 14 11 12   16 16  9 14 14 14 17 13 17 11   13 18 15  8 15 12  3  6 16 11    8 10 16 15 13 15 14 15 16 19   
100b  23 18 16 15 20 16 15 12 12 12    8 15 19 20 13 15 14 17 18 19   23 20 19 16 16 21 21 22 22 26   15 19 20 16 21 19 16 16 16 16   
101a  16 16 13 15 13 17 21 12 12 19   16 16 12  9 13 12 18 14 15 11   16 16 16 14 11 17 19  9 12 17    8  7 13 15 13 14 16 13 15 17   
101b  15 15 17 20 12 10 11 15 17 16   18 16 14 22 27 19 22 14 17 17   18 21 16 21 17 23 18 22 13 18   17 27 22 21 23 23 16 16 16 16   
102a  16 16 15 12 14 17 17 15 13 19    9 13 16 16 15 10 17 19 10 19   16 13 11  9 15 14  8  9 15 13    8 14 14 12  9 14 11 12 11 13   
102b  23 16 16 17  9 11 22 13 12 14   13 16 25 20 22 16 25 19 16 15   16 16 24 19 17 17 17 16 24 21   18 23 20 26 16 20 16 16 16 16   
103a  16 16 10 18 16 16 11 14 16 14   18 22 11 16 16 17 14 14 13 18   13 11 14  6 20 10  8 14 12 13   10 13 12 14 15  9  7 16 10 18   
103b  19 13 21 23 28  9 10 10 14 13   18 14 15 13 15 17 19 19 21 17   16 19 23 24 18 17 19 18 24 15   23 21 14 20 22 22 16 16 16 16   
104a  16 16 16 16 11 12 13 12 12 16   13 17 11 16 11 14 10 16 13 14   12 13 12 14 18 13 14  9 15 12   10 11 12 13 12  6 10 20 12 14   
104b  20 18 12 16 18 12  8 17 16 13   15 10 18 21 25 18 19 19 17 17   12 19 20 14 14 18 25 11 21 19   18 13 22 18 24 18 16 16 16 16   
105a  16 16  6 13 16 16 14 16 11 13   11 17 13  5 14 13 17 13 16 15   17 17 12 12 17 12  8 11 18 11   13 14 13 15 12 15 19 18 15 16   
105b  12 16 11 17 11  6 16 13 11 15   20 16 23 17 18 18 22 17 19 21   16 19 15 21 16 23 19 24 17 20   19 17 21 23 19 20 16 16 16 16   
106a  16 16  8 12 11 13 12 16 16 13   18 17  5  9 20 14 16 18 12 16   13 14  6 14  9 12 14 16  9 12   11 13 15 15 15 14 10 13 13 14   
106b  17 15 12 14 10 16 10  8 12 11   11 18 21 14 14 18 19 21 21 19   16 18 22 12 18 15 18 19 15 18   13 12 22 17 16 20 16 16 16 16   
107a  16 16 10 15 10 13 15 12 13 18   15 18 13 11  9 17 18 15 18 15   13 13  7 14 12 13  8 10 19 15    9 14 14 12 10 23 17 12 16 13   
107b  13 12 19 17 12 14 13 12 10 16    9 16 15 19 21 17 19 18 12 20   18 16 16 15 12 19 18 16 15 24   25 18 23 23 19 21 16 16 16 16   
108a  16 16 11  9 12 13 18 20 12 14   11 18  8 12 17 19 17 15  9 16   16 11 13 10 21 14 13 14 13 15   10 12 17 15 12 16 10 22 13 13   
108b  12 14 14 16 14 16 16  8 16 20    9 17 12 15 20 18 16 16 19 22   16 17 16 21 16 17 16 17 23 21   16 19 22 21 19 14 16 16 16 16   
109a  16 16 19 16 10 15 11 16 18 17    9 16 16 11 13 13 13  9 14 20   13 17  7 12 10 15 16 17 14 12    3 13 15 14 12 13 18 14 17 15   
109b  15 13 11 14 10 17 12  7  9 14   16  9 19 16 16 17 23 20 18 18   18 18 16 15 22 19 22 19 18 15   16 21 22 20 22 20 16 16 16 16   
110a  16 16 10 14 12 13 14 14 14 15   14 14 13 16  9 12 11 11 14 20   17 10 12 14 12 12 10 15 10 12    8 12 11 19 16 11 15 15 13 14   
110b  15 16 14 18 16 16 14 12  9 11   16 15 17 23 18 17 16  9 14 19   19 16 16 19 15 13 23 15 16 20   24 19 17 18 25 15 16 16 16 16   
111a  16 16 11 10 10 16 13 12 16 18   13 20 14 14 17 15 10 16 13 14   17 17 16 16 17 15 11  9 18 12   13 11 14 16 12 11 12 18 21 17   
111b  15 14 16 19 14 10 10 16 15 12   16 17 14 19 17 19 17 19 12 15   23 19 18 23 19 21 23 23 18 21   16 20 19 14 19 15 16 16 16 16   
112a  16 16 12 11  8 20 17 16  8 16   13 14 14 10 12 12 15 17 13 18    9 13 13 11 17 14 12 14 15 13    9  8 14  9  8 15 12 16 12 17   
112b  13 14 14 18 12 16 11 16 13 12   16 15 14 17 18 11 19 18 19 16   23 18 19 19 17 18 19 17 15 19   17 19 21 19 21 25 16 16 16 16   
113a  16 16 14 10 14 10 10 16 14 21   13 17 12 11 12 17 18 18 12  8   12 12 11  8 16 14 13 12 14 16   14  8  6 18 13 11 15 14 15 17   
113b  12 15 18 17 15 13 15 14 14  9   16 19 15 19 17 19 19 17 15 20   22 18 15 20 17 16 17 16 21 19   20 20 20 18 16 14 16 16 16 16   
114a  16 16 15 10 17 10 16 10 10 20   20 20 10 15 17 15 20 16 17 16   14 14 16 14 13  7  7 14  6 15   15 11 14 19 12 12 12 19 11 12   
114b  17 17  9 12 15 16  7 10 12 15   13 16 16 16 24 20 15 22 17 21   16 17 21 17 22 20 12 19 14 16   17 16 20 18 21 14 16 16 16 16   
115a  16 16 13 14 15 17 18 10 13 17   10 12 14 14 17 15 14 18 21 12   16 11 13 13 12 14  6  5 12 14   12  6 18 17 13 12 10 14 16 21   
115b  19 14 13 15 16 11 12 14 15 19   18 17 10 19 19 16 18 18 12 19   13 16 13 13 18 22 20 25 16 19   18 18 21 15 17 21 16 16 16 16   
116a  16 16 11 15 18 10 15 14 12 15   16 17 17 12 13 15 14 15 11 14   18 10 12 11 15  7 11 11  9 14    8 10 20 12 10  9 13 15 23 18   
116b  16 15 15 17 17 13 19  9 20  9   12 14 14 18 17 12 16 17 19 16   23 19 16 21 16 22 12 24 18 20   10 16 16 20 17 19 16 16 16 16   
117a  16 16 11 14 17 15 14 18 14 16   17 10 14  9 11 14 16 13 17 13   12 13 15 13 14 16 12  7  9 16   11  9 13 15 12 12 10 18 15 11   
117b  16 14 18 13 18 15  8 15 12 13   14 13 19 13 11 18 25 13 19 22   11 15 20 17 18 16 19 20 22 22   18 14 15 15 16 14 16 16 16 16   
118a  16 16  8 10 16 15 13 13 13 15   17 14 13  8 15 15 16 23 15 17   16 13 16 16 12  8 13  6 15 13   10 14 15 14 10 13 12 20 10 17   
118b  16  9 15 16 14 17 13 15 10 16   15 15 19 20 18 16 18 16 25 17   15 21 17 17 19 17 22 15 19 18   12 19 18 24 16 23 16 16 16 16   
119a  16 16  8 16 19 15 15 13 17 14   12 24 10 15 15 14  9 16 16 17   13 10 12 10 11 18  8 16 11 14    5 11 20 17  9 13 21 15 10 11   
119b  12 14 14  7 17 12 15 18 11 15   16 13 14 17 15 20 17 17 14 18   21 19 17 20 18 16 23 16 18 23   19 22 16 24 14 19 16 16 16 16   
120a  16 16  9 13 15 15 22  8 18 20   19 14 10 14 15 23 17 15 13 14   15 17 11  7 14 13 10 10 13 15   13  8 16 12 18 14 15 14 11 17   
120b  16 13 15 16  9 13 15 13 17 14   19 14 21 16 17 18 22 16 20 14   20 13 18 17 16 21 18 19 23 19   21 23 18 20 18 21 16 16 16 16   
121a  16 16 16  7 13 10 13 15 16 12   14 14 17 18 14 14 15  7 14 14   16 18 10 10 13 11 11 11 17 11   13 13 14 10 11 12 15 20 11 12   
121b  10  9 13 17 14 12 19 12 10 13   18 21 14 12 15 15 15 14 17 18   19 19 19 19 19 20 22 16 15 14   18 16 22 16 16 22 16 16 16 16   
122a  16 16 11 13 14 13 16 16 12 16   17 11  9 10 15 19 12 18 13 13   14 13 13  7 10 14  9  8 12 13   12 16 14 14 11 10 17 17 10 14   
122b  12 17 18 19 14  8 15 19 15 15   14 18 17 18 16 10 20 18 18 20   18 16 19 19 14 20 22 20 15 18   13 21 21 21 22 14 16 16 16 16   
123a  16 16 16 14 18 12 13 16 17 16   14 17  8 13 18 10 17 12 19 12   14 14 16 13  9 15  7  7  9  7   14 17 11 11 15 18 11 13 14 16   
123b  12 16 14 14 13 11 13 13 11 14   16 15 20 17 14 15 16 16 18 16   14 19 12 20 21 22 19 18 18 24   22 22 20 17 20 19 16 16 16 16   
124a  16 16  9 11 15 17 16 15 13 19   22 16 14 12 16 11 16 14 14 12   15 17 13  7 20 22 13  9 10 15    9 15 23 14 13 12 14 16 12 18   
124b  15 19 12 11 10 15 11 19 12 14    8 12 16 20 13 19 17 20 18 20   17 16 15 20 22 20 17 10 22 20   18 17 21 18 17 20 16 16 16 16   
125a  16 16 13 14 12 14 11 16 15 11   13 14  6  5 12 15 15 18 17 13   17 17 12 11 16  3 12  8 12  9    9 12 12 19 11 13 16 13 14 11   
125b  11 20 16 19  9 15 12 12 15 22   17 17 16 15 17 18 21 19 17 15   19 17 16 18 20 17 19 16 15 15   21 18 19 21 23 19 16 16 16 16   
126a  16 16 10 16 16 14 15 15 10 15   20 16 16 11 12 11  8 17 10 15   12 15 12 11 11 10 14 13  8 12   14  8 16  9 13 12 13 18 18 14   
126b  13 20 15 17 15 19  9 12 14 12   20  8 17 17 13 19 14 15 19 17   15 18 15 26 16 24 19 23 22 16   18 18 19 20 21 19 16 16 16 16   
127a  16 16 14 11 19 15 19 16 16 18   16 15 10 10 15 11 11 21 18 20   14 11 11 15 16  7 10  8 13 12   12 12 14 17  9 12 17 10 20 14   
127b  12 16 13 17 12 16 17 17 15 15   19 21 16 17 22 17 15 17 14 14   17 17 18 19 16 16 20 15 16 14   20 18 22 15 15 27 16 16 16 16   
128a  16 16 12  9 13 19 14 19 20 19   14 12 10  9 12 18 13 10  9 16   11 13 14  9 11  9  8  8 15 17   20 11  9 13 11 16 11 17 16 13   
128b  20 12 13 16  9 13  7 16 12 13   13 19 15 17 22 19 10 18 14 19   23 21  9 16 20 22 19 13 15 20   16 18 15 19 20 19 16 16 16 16   
129a  16 16 19 11 18 12 11 15 11 19   11 13 10 16 12 14 11 13 14 12   15 14  9  7 12 10  7 15 13 12   14  9  8 18 11 11 10 12 12  9   
129b  19 13 11 20  8 16 14 14 17 17   12 17 17 15 21 17 17 13 21 21   18 13 22 16 12 12 15 18 25 19   22 19 19 19 16 19 16 16 16 16   
130a  16 16 14 14 16 15 13 17 10  7   14 21  8 15 12 14 20 18 12 18   13 16 19  9 13 13  9 11 12 18   11  8 10  9  5 13 17 14 14 14   
130b  16 16 13 11 15 15  9 12 16 15   10 15 17 17 15 21 21 24 18 16   14 18 20 17 18 21 19 19 17 20   17 23 15 19 24 13 16 16 16 16   
131a  16 16 17 13 13 15 11 15 12 15   10 22 17 14 14 17 19 14 18 14   17 19  9  3  9 15  8  6 14 12    6 11 13 10  8 14 18 20 16 20   
131b  19 20 16 18 14 11 12 14 15 16   12 17 14 13 15 16 17 21 19 19   15 23 17 18 21 14 21 14 16 19   20 18 17 19 14 20 16 16 16 16   
132a  16 16 10 18 13 14 13 19  9 18   19 12  8 11 14 12 17 15 15 15    7 13 11 12 14 18 11  6 14 20   13 14 11 11 12  5 15 15 15 14   
132b  11 16 11 10  9 15 14 12 12 13   13 15 16 18 17 20 16 17 22 20   18 15 16 20 17 13 20 21 18 25   15 20 19 22 19 22 16 16 16 16   
133a  16 16 13  8 13 10  9 12 13 12   14 17 16 11  8 17 16 21 12 11   16 16 17 10 14 11 10 12 10 11    9 14 13 17 15 13 17 15 11 17   
133b  21 19 18 15 10 12 15  9 18 15   19 19 16 12 17 19 16 17 21 22   12 23 13 24 17 14 20 16 14 13   17 16 21 23 19 23 16 16 16 16   
134a  16 16 11 16 21 16 12 14 15 14   16 14 11 11 14 10 15 16  9 19   15 13 14  8 11  7 16 12 16  9   17  7  9 20  9 17 14 13 15 17   
134b  10 17 15 16 13 11 16 16 12 17   13 19 20 19 25 19 19 15 16 18   18 14 15 16 19 19 14 14 19 22   19 19 18 19 20 24 16 16 16 16   
135a  16 16 11 19 20 14 13 19 18 15   12 19 12 22 10 14 13 13 16 20   12 17  6 12  7 14  5 10 13 11    9 12 15  8  9  5 13 16 12 14   
135b  16 14 10 14 16 19 10 11 17 15   13 13 19 19 18 16 19  9 18 14   13 21 21 25 21 24 18 22 18 17   19 17 20 19 20 15 16 16 16 16   
136a  16 16  6  9 11 12 16 15 18 10   14 17  9  9 14 13 15 18 19 13    9  9 16  7 10 18  9 11 17 11    7  6 13 15  6  7 16 13 13 19   
136b   8 18 18 19 10 10 13 20 16 16   17 15 19 13 22 17 16 18 16 17   19 20 20 17 18 22 17 16 18 19   17 17 24 14 13 19 16 16 16 16   
137a  16 16  9 16 10 11 17 12 11 13   17 14  4 13 12 20 13 15 18 13   14 16 10  7 14 14 13  8 15 14    9 11 13 17  9 10 14 13 15 17   
137b   8 14 16 17 14 16  9 21 15  9   14 16 15 17 19 24 16 13 19 16   14 18 15 23 18 18 13 19 22 19   16 14 19 18 22 15 16 16 16 16   
138a  16 16  9 10 20 11 13 14 13 19   17 16 15 15 14 11 15 11 15 11   15 18  9 13 15 10  4  9  9 16   13 14 18 15  9 16 10 13 16 10   
138b  10 17 18 12 17 17  9 12 15 14   10 10 15 18 15 19 17 20 18 20   15 23 21 21 17 15 16 25 14 19   17 20 14 19 17 18 16 16 16 16   
139a  16 16  9 16 14 14 14 16 16 13   14 19 11  6 12 15 16 15 10 12   22 15 13  9 16 11 13  8  9 12   19 13 11  9 12 12 14 17 13 12   
139b  15 19 16 14 12 14 13 10 15  7   18 13 15 19 14 15 21 16 18 21   17 20 22 16 19 19 18 19 18 13   16 22 22 18 18 13 16 16 16 16   
140a  16 16  8 11 20 12 22 12 12 15   13 14 14  9 13 15 15 14 11 17   17 17  6 12 15 15  9 10 12 18   17 12 21  9 10  9 11 15 16 18   
140b  13 18 15 19 10 13 16 19 15 18   14 13 15 18 15 19 20 18 15 18   17 22 18 18 14 17 18 19 17 15   19 18 20 15 18 16 16 16 16 16   
141a  16 16 12 10 18 15 17 15 22 14    8  9 16 15 13 19 12 11  9 13   12 16 15 14 11 23 10  4 12  8    9 14 12 12 16  7  8 16 15 17   
141b  14 21 18 17 18 12 12 20 15 10   13 19 22 21 15 18 12 18 20 18   21 18 20 17 19 21 19 21 21 18   18 23 21 17 19 19 16 16 16 16   
142a  16 16 11  7 10 18 18 11 15 18   17 14  8 16 14 15 17 11 16 14   12 11 10  6 12 13  7  9 14 14    9 12 11  8 21 10 12 17 11 16   
142b  13 20 14 19 11 13 11 14  9 15   12 16 19 16 19 19 20 17 17 17   19 15 16 20 16 21 22 16 22 15   14 21 22 18 22 14 16 16 16 16   
143a  16 16 14 11 18 13 19 16 11 10   13 14 12 16 20 14 14 14 18 10   12 11  7 15 10 11 14  4 11 11   11  7 11 16 17 10 20 11 24 13   
143b  19 11 11 15 15 14 15 13 14 16   14 15 12 18 13 15 13 19 18 14   15 17 19 15 22 19 20 22 19 22   12 24 15 19 20 18 16 16 16 16   
144a  16 16  9 13 10 19 11 15 16 11   13 19 10 11 16 13 13  7 12 14   10 11  7 11 12 13  9  6 14 14    6 14 16 16  9  9 13 14 14 17   
144b  11 18 14 14 16 12 12 16 14 17   10 17 14 17 19 13 16 26 14 17   20 19 20 19 17 18 15 18 21 17   16 22 20 19 19 14 16 16 16 16   
145a  16 16 10 14 16 14 15 12 16 11    8 15 16 15 16  6 19 12 15 15   12  5 16  8 16 13 13 12 11 19   11 14 12 17 10 10 18 10 19 14   
145b  13 15 11 13  9 14 18 18 15 18   15 13 15 20 18 16 17 14 18 12   13 25 17 15 23 22 20 24 23 16   19 20 17 22 14 16 16 16 16 16   
146a  16 16  6 15 23 11  9 19 15  9   19 14 11  9 16 10 11 16 18 13   15 15 14  6 11 12 18 13 23  7   11 12 10 12  7 13 15 12 15 15   
146b  15 15 20 13 16 14 13 18 15 14   13 23 14  9 13 16 14 19 18 18   18 18 21 22 20 19 20 18 16 20   19 19 16 19 16 16 16 16 16 16   
147a  16 16 18 14 15 15 18 14 11 14   13 13 12 15 10 13 15 13 10 18   21 12 15 11 12 12 10 10 12 10   12  8 18 13 12 16 17 14 10 19   
147b  16 13 21 16 16 16 14 15 12 15   13 14 15 17 17 15 16 23 14 17   19 23 18 23 17 23 18 19 18 27   17 21 16 16 16 22 16 16 16 16   
148a  16 16 10 17 16 14 15 16 14 16   15 10  8  8 15 11 14 13 14 15   12 14 17 16 13 13 14  9 16 12   15 13 11 22 16  9 11 15 12 13   
148b  16 14 15 19  8 13 12 15 17 13   17 16 18 10 17 21 18 23 15 22   18 16 14 22 22 16 17 20 17 19   15 16 19 19 15 13 16 16 16 16   
149a  16 16 17 14 15 14 16 15 22 13   15 13  9  5 14 12 16 12 16 17   17 17 10  8 13 12  4 11 11 16   11 14 15 13 15 15 20 14 11 17   
149b  15 14 17 16 12 10 16 13 11 13    7 15 19 19 13 19 18 16 18 18   17 17 22 20 18 15 21 18 19 19   17 23 18 15 16 16 16 16 16 16   
150a  16 16 14 12 13 15 16 10 11 13   17 10  6 11 12 14 21 13 16 12   11 22  6 16 13 15 17  9 12 11   13 11 14 12 15 14 16 15 19 16   
150b  14 16  8 14 16 12 18 12 14  9   12 10 23 16 18 19 19 13 19 22   19 19 16 15 16 20 19 18 18 13   22 13 19 17 19 20 16 16 16 16   
151a  16 16 10 16 13  8 17 15 15 17   14 14 10  7 11 14 13 18 12  7   10 13  8 12 12  7  5  2 15 13   11 17 14 11  8 16 18 16 15 17   
151b  11 19 14 16  8 14 15 10  9 16   12  9 12  8 16 18 20 16 17 18   19 20 18 20 22 23 24 14 19 21   12 16 17 21 23 17 16 16 16 16   
152a  16 16 14 11 22 13  6 11 15 12   18 19  6  7 10 17 12 16 13 21   15 19  8  8 10  5  8  9 15 14    8  8 13 17 15 13 19 13 17 16   
152b  14 12 16 10  9  8  8 11  7 16   11 13 16 16 18 16 20 23 20 18   23 18 14 19 16 17 18 18 16 16   21 18 20 18 16 19 16 16 16 16   
153a  16 16 14  7 10 12 13 11 17 14   20 13 15  8 12 11 15 11 15 14   12 14 14 11 13 12  9 13 19 17   18 14 16 18 15  5 17 11 10 16   
153b  13 15 21 22 11 13 14 10 16 12   10  9 16 15 23 23 13 13 16 14   18 20 21 16 23 18 16 17 19 15   17 20 25 15 19 16 16 16 16 16   
154a  16 16 13 13  7 12 11 10 11 14   10 11  7 11  9 16 15 11 14  9   12 17  9 11 16 11 14 10 14 17    5  7 13 12 14 15 10 15 11 19   
154b  13 12  9  7 13 11 10 14 11  8   14 20 14 17 12 14 16 19 11 16   16 22 17 13 17 13 19 18 20 18   23 18 19 26 20 15 16 16 16 16   
155a  16 16 15 11 14 15 14 14 21 12   13 15 14 14 15  9 11 17 13 10   12 16  6  6 13 11  8 13 14 14   12 12 16 19  6  8 11 18 13 14   
155b  13 14 15 19 14 13  9 16 23 12   13 14 20 15 17 17 20 14 16 18   13 21 15 16 15 20 14 18 13 16   20 18 25 19 22 19 16 16 16 16   
156a  16 16  5 11 10 12 18 15  9 13   13 16 16 14 21 14 12 13 14 11   17 23 11  9 10  9 15  9  7 14    4 13 15 19  4 10  7 16 12 18   
156b  15 18 15 16 12 10 13 15 13 18   14 16 19 15 16 24 17 20 20 19   22 13 18 21 22 20 18 20 21 17   22 21 22 16 20 17 16 16 16 16   
157a  16 16 12 11  9 15 13 11 10 14   10 13 10  5 15 16 18  9 14 12   16 12  7  7 13 18  9 16 13  9    5 12 14 13  7 11 18 18 11 14   
157b  15 12 18 19 19 11 10  8 15 18   14 19 14 17 17 18 19 14 19 21   16 21 16 23 16 22 18 17 24 20   19 11 20 17 22 20 16 16 16 16   
158a  16 16 14 12 21 12 11 12 19 10   13 16  6 13 12 15 22 14 16 18   12 12 11 11 15 13 10  9 11 11   13 13  8  9 15 19 14 17 14 17   
158b  14 13 16 13 14 13  7 13 15 11    9 15 12 18  9 15 13 21 22 19   17 21 21 16 19 20 17 16 16 16   15 22 20 16 17 17 16 16 16 16   
159a  16 16  7 13 15 14 17 16 14 10   16 15 15 11 15 14 17 17 12 12   12 11 16  8 14 13 14  8 10 12   15  8 16 10  9  9 20 19 10 12   
159b  14 19 13 13 14 10 15 13 19 11    8 18 15 16 15 20 14 21 25 21   19 22 16 19 14 19 13 19 21 14   20 22 15 17 17 19 16 16 16 16   
160a  16 16 19 13  9 12 13 10 10  9   19 14 13  3 15 10 14 13 16 11   15 14 13 12 12 14  7  9 14  9   11 13 13 19 12 16 16 12 12 18   
160b  14 15 13 11 15 10 15  7 12 18    6 15 15 16 13 19 17 17 22 19   17 27 18 20 17 16 19 18 11 18   16 20 15 22 19 16 16 16 16 16   
161a  16 16  9 13 16 13 14 10  7 15   11 18 12 12 12 11  8 15 14 11   13 12 15  7  9 15 10  9  7 15    7 10 17 17  8 10 18 13 16  9   
161b  18 14 10 21 18 14 14 13 13 10   14 11 20 11 22 20 15 17 20 14   19 17 18 17 23 21 24 20 23 19   17 19 21 16 19 23 16 16 16 16   
162a  16 16 11 14 12 16 17 15 13 17   14 15 15 15 12 14 16 17 18 15   18 13 18 11 11 11 13 12  9 15   10 10 14 13 14 15 14  9  8 12   
162b  12 15 15 25 12 11 14  9 11 11   17 12 19 17 16 17 16 19 16 20   24 15 16 16 16 15 17 15 18 18   24 18 21 18 16 25 16 16 16 16   
163a  16 16 14 12  7 13 10 13 12 18    9 14 12 11 17 13 23 20  7 15   16 12 14 12  9 14  9 12 16 15    9 14 14 17  8  7 12 21 14 14   
163b  15 14 17 10 15 12 12 12 17 12   14 17 16 15 23 15 15 20 15 15   23 19 12 21 17 21 19 18 16 17   18 18 22 23 18 17 16 16 16 16   
164a  16 16 15 13 15 18 10 11 18 14   14 14 14 13 10  7 10 18 11 15   14 12  8 10 12 10 10  8 11 16   11 11 18 11 18 11 15 11 13 13   
164b  10 12 18 17 20 12 11 10 17 20   15 14 18 17 15 16 11 18 20 14   13 13 21 18 17 16 18 19 16  9   19 18 15 17 15 15 16 16 16 16   
165a  16 16 16 12 12 16  9 17 17 10   18 12 12 12 14 14 14  9 17 13   13 12 10 10 14 13 12 10 11 12   12 12 21 14 12 13 18  9 16 16   
165b  13 17 17 14 11 18 12 19  9 14    9 16 16 16 17 15 17 16 17 17   19 16 19 18 22 16 18 19 21 13   21 16 21 25 18 19 16 16 16 16   
166a  16 16 14 17 13 15 21 16 20 15    9 14 10 12 18 13 16 16 16 19   11 13 10  7 16  7 14 14 14 15   13  8 10  9 12 11 11 18 14 19   
166b  17 16  9 13 13 14  8 18  9 15   17 12 19 11 17 15 18 14 11 21   19 16 15 17 17 19 18 17 23 17   24 16 11 14 20 13 16 16 16 16   
167a  16 16  9 14 16 12 16 13 19  8   20 15 15 10 13 11 18 11 14 11   14 10  8  7 11 14  4  9  9  9    5 13 10 12  5  9 14 13 18 14   
167b  16 22 18 11  8 19 11 16 13 10   11 16 18 22 14 17 19 18 18 17   20 20 19 21 14 16 15 19 15 16   16 17 15 19 16 18 16 16 16 16   
168a  16 16 12  9 13 13 13 11 11 19   11 11  8 21 20 17 15  9 13 18   10 11 14 13 10 16  8  9  7 15    2 10 18 11  9 15 15 18 13 16   
168b  19 14 11 16  8 13  8 17 14 14   17 10 18 12 17 15 14 16 18 21   22 14 17 15 17 15 18 15 19 15   17 21 12 16 23 18 16 16 16 16   
169a  16 16 14 14 13 19 15 14  6 15   11 14 11 11 19 16 19 18 14 13   13 14 10 14 16 15 11  8 15 14   13 15 11 14 10 10 12 15  9 20   
169b   8 13 11 12 14  8 11 12 17 12    9 15 16 16 16 13 16 15 14 19   13 22 17 22 15 12 19 21 20 21   19 21 11 17 16 20 16 16 16 16   
170a  16 16 16  8 16  7  9 14 13 12   16 17 10 16 12 13 14 16 13 13   16 17 11  9 15 15 10 10 16 13   13  8 14 18 12  7 11 15 13 16   
170b   9 12 10 20  8  9 10 12 11 13   12  9 15 18 16 18 16 16 13 17   21 17 16 16 16 18 15 15 18 12   21 25 23 17 20 23 16 16 16 16   
171a  16 16  8  8 10 16  7 13 15 14   14  9 12 10 13 11 20 17 12 12   12 17  7 12 10 12  8  6 18 11   16 10 13 11  7 12 13 16 22 15   
171b   9  9 17 16 13 17 14 14 15 10   12  9 14 16 17 16 20 20 13 18   20 20 19 17 21 17 17 19 15 24   20 22 17 17 16 19 16 16 16 16   
172a  16 16 14 13 15 11  8 14  9 14   11 12  8 11 17 12 13 11 12  9   13 12  7 10  9 10  8 10 14 16   14 16 14  8 15 13 19 13 16 18   
172b  20 15 11 14 13 14  9 11 15 15   12 17 16 16 16 16 20 18 21 16   16 17 16 22 17 15 19 15 21 18   18 25 18 19 18 19 16 16 16 16   
173a  16 16 14 15 13 16 14 12 12 13   16 14 12 16  9 17 13 18 14 10   12  8 11 13  9 13 15  9 15 14   10 13  9 16 14 13 16 21  8 18   
173b  15 18 11 16 13 12 12 10 14 15   11 12 20 22 12 17 12 22 17 15   20 19 15 13 17 23 18 24 16 14   16 19 13 17 14 13 16 16 16 16   
174a  16 16 13 10 18 18 12 16 11 13   12 20 12  6 13 12  9 10 15 22   19 17  9  9 16 11 13  8 15 17   14 12 24 14 11 18 12 16 14 19   
174b  17 18 16 17 16 16 15 16 15 17   12 17 18 14 15 17 16 17 13 19   15 19 16 17 20 19 20 21 16 15   12 21 15 14 19 19 16 16 16 16   
175a  16 16 18 12 13 15 15 13 11 16   11 15 12 10 12 20 16 10 12 12   12 19  9  6 12 14  9  8 13 14   12 13 15 20 13 10 13 14 10 15   
175b  14 17 21 13 11 14 13 10  9 17   19 14 17 19 15 20 12 16 15 20   21 20 16 20 16 15 17 15 17 18   19 22 18 16 17 20 16 16 16 16   
176a  16 16  8 13 14 19 13 14 19 16   16 20 10 13 15 19 15 14 18 13   12 14 16 10 11  8  9  6 15 15   15 14 13 14 12 10 13 18 13 11   
176b  13 18 15 10 16 14 12 13  8 12   14 10 18 12 15 19 16 19 15 13   20 14 18 17 22 23 18 20 18 21   20 15 23 16 22 18 16 16 16 16   
177a  16 16 15 14 11 15 18 13 21 13   19 14 13 11 15 16 18 16 16  9   11 10  9 13 11 15  7  8 16 14   12  9 15  9 21 11 10 12 12 11   
177b  13 12 16 11  7 13 14 12 14 16   11 19 14 16 17 25 20 11 18 14   14 14 18 16 15 15 16 21 15 19   18 17 16 13 15 16 16 16 16 16   
178a  16 16 13 13 12 15 14 16 13 18   10 13  9 11 10 17 10 16 11 15    8 11  6 16 10 13  5 14  9 10    7  9 16 14 14 12 14 11 13 14   
178b  10 15 18 16  9 12 14 18  6 19   17 15 10 19 16 12 11 21 17 17   14 15 20 15 15 15 26 14 22 24   15 20 16 15 18 20 16 16 16 16   
179a  16 16 14 14 13 22 11 17 13 10    7 11  9 13 11 15 19 14 15  7   13 16  8 11 15 10 16 16 11  9   11  9 11  8  8 10 11 10 17 20   
179b  15 17 17 21  7 11 12 11 13 17   16 13 14 17 14 21 20 20 16 16   20 15 19 16 23 20 17 16 18 16   20 23 13 17 20 20 16 16 16 16   
180a  16 16  7 11 12 18 11 16 13 18   20 17 11 14 12 15  8 15 18 16   14 17  8 14 14  8 12 10 12 11   11  7 16 12 10  9 15 18 14 14   
180b  16 11 16 18 13 10 13 14 14 14   12 13 18 15 18 17 24 20 19 16   16 21 15 18 22 21 19 17 16 23   22 21 19 14 18 14 16 16 16 16   
181a  16 16 15 10 11 15 12 14 21 11   16 11 11 11 15 17  9 15 15 16   11 15 12 10 10 10  4  8 11 13   13 10 11 11 12 15 11 14 15 18   
181b  13 15  8 19 17  9  9 15 12 15   14 15 17 12 19 13 18 19 15 17   15 18 16 18 15 19 24 20 18 15   22 15 23 18 18 19 16 16 16 16   
182a  16 16  8 16 15 17 18 13 11 16   13 19  8 12 14 10 13 15 13 11   17 17  8 13  6  7 10 12 12  9    9 10 10 13 15 11 14 17 14 16   
182b  17 19 17 15 14  9 11 18 19 11   15 12 19 15 18 16 17 14 22 16   18 17 17 23 19 15 17 20 14 14   16 14 16 11 16 18 16 16 16 16   
183a  16 16 16  7 14 18 13 12 16 15   10  5 19  6 14 13 18 16 17 13   12 12 13 11 10 14 12 12 18 18   10  7  8 12 11 11 13 16 19 14   
183b  10 16 20 17 10 14 11 13 23 12   17 15 19 18 18 18 15 18 24 13   16 16 18 20 13 22 17 16 13 21   17 22 21 15 18 17 16 16 16 16   
184a  16 16 11 12 13  8 11 16 15 14   13 18 13  9 13 11 12 15 10 22   14 11 12 15 10 18 12 13 17 13   13 15 15 14 11 10 16 14 17 13   
184b  13 16 12 14 12 15 17 16 10 12   15 11 10 17 17 14 19 16 12 19   18 15 15 20 22 21 21 21 22 17   19 18 16 18 19 14 16 16 16 16   
185a  16 16 16 11 14  9 13 17 12 12    8 18  9  7 14 14 10 19  9 12   13 14 10  9 10 13 16  8 15 13   12 14 13 13  9 16 11 15 14 15   
185b  12 16 13 19 14 13  7 11 17 10   13 13 14 12 18 15 17 17 17 17   22 18 17 14 11 11 18 17 20 19   18 19 22 23 19 18 16 16 16 16   
186a  16 16  9 12 18 19 15 20 15 18   16  8 11 11 17 16 14 14 15  9   13 16  3 13 14 13  5  9 11 14   11 14 12 18 13 16 17 10 17 19   
186b  13 13 13 17 13 14 15 14 14 17   13 10 14 12 19 19 16 18 18 15   20 17 10 19 17 19 18 14 18 15   21 15 18 17 18 13 16 16 16 16   
187a  16 16 14 17 11 11 15 16 14 16   12 13 12 15 13 13 14 14 13 13   11 12 12  7 10 15 12 16 12 13   13 14 13 11  8 14 14 16 12 11   
187b  18 17 10 14 11 13 13 14 13 11   12 19 19 14 17 17 17 22 14 17   18 18 19 14 16 20 20 19 20 25   16 12 20 15 12 21 16 16 16 16   
188a  16 16 11 11 11 14 13 14 14 17   17 12 15 11 16 18 15 10 12 14   15 12  9  7 11 10 11  8 11 15   11 11 16 16 12 14 11 14 10 15   
188b  14 13 19 18 13 15 16 20 12 12   13 16 19 18 14 22 20 17 17 19   14 17 17 22 17 20 20 15 16 21   16 19 20 20 14 17 16 16 16 16   
189a  16 16  6  9 15 14 20 10  9 11   15 14 17 12 14 13 14 16 10 11   14  9 15  9  7 11 10  6 13 11   15 14 14  9 10 11 10  9 17 12   
189b  20 20 17 22 10 13 10 13 17 15   15 16 17 26 16 18 22 18 19 21   22 17 20 17 17 13 17 23 16 16   18 19 17 18 21 20 16 16 16 16   
190a  16 16 13 14 11 16  9 23 17 12   10 12  8 10 15 18 11 13 16 13   18 15 13 12 14 14  9  9 10 15   12 11 11 12 17 14 10 14 12 14   
190b  14 12 15 12 15  8 10 12 14 14   14 11 15 14 12 21 16 15 20 18   21 21 11 17 16 19 17 17 18 15   20 17 22 21 24 17 16 16 16 16   
191a  16 16  8 15 15 17 16  8 20 16   11 16  9 13 13 14 15 10 13  9   19 15 14 18 14 14  8 16 15 15   12 12 11 17  9 17 16 11 17 15   
191b  16 16 14 15 10 10 11 15 18 15   18 11 12 14 22 18 20 15 21 19   11 20 19 21 17 18 15 12 13 25   19 23 14 17 20 21 16 16 16 16   
192a  16 16 15 15 10 19 19 16 13 15   15 11 15 12 12 13 15 18 19 13   16 15  8 17  8 10 12 14 12 12   13 18 11 13 16 10 21 15 15 11   
192b  17 11 17 16 12 14 12 16 13 16   18 17 21 16 20 21 15 16 23 17   17 22 22 16 13 18 14 23 18 23   19 17 23 18 16 21 16 16 16 16   
193a  16 16 12 15 19 10 17 15 19 17   18 15 18  5  5 17 15 16 10 14   17  8 10 12 12 17  8  9 11 11   11 10 17 13 14 10 14 18 16  9   
193b  18 10 10 17  4 11 12 15  8 13   13 13 13 16 22 17 19 19 19 13   11 16 18 24 19 15 17 21 16 18   17 17 20 16 18 14 16 16 16 16   
194a  16 16  6 11 14 18  7 17  9 15   12 15 10 12 13 13 10 16 10 12   15 12 13  9 16 17  9  8 15 13   16 15 13 10 15 10 14 12 17 16   
194b  16 13 18 15 13 14 10 15  8 14   11 18 17 20 18 19 13 15 16 16   16 16 18 16 18 16 18 21 17 19   16 17 15 20 19 19 16 16 16 16   
195a  16 16 11 14 18 17 16 14 10 14   15 14 11 10 13 14 14 16  9 11   13 13 16 10  9 16 11  9 16 11   10  6  9 23  7 14 15 14 12 13   
195b  22 13 11 17 12  7 11 11 11 17   11 12 13 17 16 18 16 17 20 18   15 17 19 14 15 13 21 19 21 15   21 23 24 14 21 22 16 16 16 16   
196a  16 16 22  8 12 16 15 19  9 10   18 14 17 13 18 14 15 12 18 13   15 14 17  9 17 10  6 13 12 10    8 13 14 11 13 10 16 14 16 18   
196b  12 12  8 12  5 15 15 11 16 13   13 11 15 19 16 12 19 14 17 18   17 16 20 15 20 16 18 21 15 17   17 20 15 17 18 18 16 16 16 16   
197a  16 16 16 13 14 16 15 15 14 18   18 11 13  5 13 13 12 16 18  7   13 15  7 14 12 12  9 11 11 14   10 15 13 12 12  7 18 14 13 17   
197b  15 15 23 20 16 13 15 16  8 15   15 19 18 15 20 18 17 21 17 15   19 14 14 14 16 15 16 18 20 16   13 20 21 18 17 17 16 16 16 16   
198a  16 16 13 14 12 12 17 18 15 21   11 12 15 10 14 16 13 13 13 17   12 14  9  8 10 12 11 14 11  8   10  9 15 19 11 18 15 16 18 14   
198b   9 12 13 18 18 15 15 15 14 12   16 15 16 15 18 22 17 17 17 17   19 20 14 18 20 14 17 21 18 20   18 19 21 18 15 19 16 16 16 16   
199a  16 16 14 11 18 21 15 13 13 12   17 11 13 14 20 13 10 19 14 14   14 17  9 15  9 15  9 12 12 12   14 11 15 14 12 12 17 10 12 16   
199b   9 10 13 18 16 12 16 16 12 11   12 14 14 14 15 13 21 19 21 20   22 22 18 16 16 19 22 15 17 18   23 16 20 18 15 21 16 16 16 16   
200a  16 16  8 10 16 15 13 19 13 12   18 14  9 13 18 19 17 13 12 18   13 15  7 10 15  7 10 11 15 18   11 13 12 12 17 12 10 19 11 13   
200b  14 17 15 10  8 15 11 14 12 16   12  3 17 19 20 17 23 15 12 18   16 16 16 16 17 22 17 16 14 15   19 17 19 20 13 19 16 16 16 16   
201a  16 16 11  9 12 12 16 11 16 14   11 13 11  8 15 19 11 17  5  7   12 12 10  6 19 16 13 13 12 13   15 11 21 13 10  8 16 14 19 10   
201b  17 16 16 12  7 11 15 12 10 18   16 11 14 17 17 17 15 17 16 19   24 19 14 14 19 17 17 15 16 24   15 13 18 19 13 18 16 16 16 16   
202a  16 16  5 10 12 18 14 13 12 17   13 13 10 14 15 17 20 18 14 16   15 17 12 14 10 14 12 12 12 14   12  9 16 11  7 12 13 10 11 13   
202b  15 11 18 12 13  6 15 11 18  9   14  5 14 17 23 20 15 17 19 19   24 20 13 18 20 14 17 21 21 16   21 17 16 15 13 24 16 16 16 16   
203a  16 16 12 21  8 17 10 16 12 18   14  9 13 10 17 12 14 17 17 14   15 12 13 15 15 15 12 16 11 15   10 16 18 17 11 18 15 14 14 15   
203b  11 13 15 16 16 15 10  9 12 18   11 13 14 19 16 15 22 18 14 19   17 14 19 18 22 19 17 20 15 16   16 18 16 12 14 14 16 16 16 16   
204a  16 16 14 20 15 15 11 12 17 13   14 18 13  9  9 12 12 18 14 13   15 11  9  8 14 12  8 17 11 17   16 11 13 14  6 11 14 17 15 13   
204b  14 17 16 14 11 16 12 15 17 12   12 10 13 18 18 13 18 15 15 23   17 16 22 17 23 23 22 23 17 19   20 20 19 21 20 17 16 16 16 16   
205a  16 16 10 14 18 15 18 16 12 10   16 14 10  7 13 12 13 19 16 12    7  9 11 11 10 11  6  8 11 13   13 13 13 18 19 10 14 16 16 14   
205b  11 13 18 19 16 15 11  7 13 16   10 17 17 17 17 18 15 17 13 16   20 17 13 21 17 18 17 14 18 22   18 13 17 17 18 20 16 16 16 16   
206a  16 16 10 16 13 11 18 10 16  9   19 15 13  7 18 11 14  9 20 13   15 16 10 15  9 10  6  8 12 15    9 14 11 14 13 11 20 15 12 11   
206b  22 20 19 11 10 19 14 13  9 13   13 13 13 21 18 18 20 17 19 17   16 15 16 20 15 20 19 16 17 18   19 21 16 20 14 16 16 16 16 16   
207a  16 16 14 12 13 11 16 15 15 12   15 10 13 13 10 14 17 13 10  8   16 17  6 11 11 13  7 11 15 17   15 10 11 11 11 15 18 17 15 12   
207b  14 14 15 19 10 12 13 15 21  5   19 15 18 16 17 17 14 18 20 15   16 24 17 23 19 17 21 18 14 20   16 18 16 14 24 14 16 16 16 16   
208a  16 16 16 16 10 13 15 12 15 15    8 13 14 10 11 15 13 13 15 14   15 15  9  9 15 13 12 16 11 13   14 15 10 14 11  9 16 14 13 16   
208b  17 16 15 13 12 15  8 11 13 13   10 10 15 13 19 17 16 20 23 20   16 18 14 17 18 14 19 15 21 20   16 19 17 19 17 18 16 16 16 16   
209a  16 16 11  9 13 16 14 11 13 15   11 15 11  7 13 18 15 17 16 10   16 18 10  6  9 14 10 10 17  6   13  9 11 22 13 13  9  9 16 17   
209b  12 15 18 21 12 14 10 15 12 16    6 11 18 18 16 13 14 13 20 15   18 15 13 17 12 18 16 13 14 21   19 18 18 19 14 16 16 16 16 16   
210a  16 16  7 14 20 16 14 14 13 17   11 16  8 13 18  9 16 13 19 12   11 19  7 13 12 16 13 11 13 15   12  9 12 20  9  5 14 16 13 17   
210b  22 20 17 11 14 16  8 15 14 16   15 12 13 18 14 16 15 19 20 18   15 22 20 18 12 15 15 15 22 21   20 20 17 16 21 18 16 16 16 16   
211a  16 16 14 19 24 15 13 18 15 12    8 12 15 11 11 11 13 15 14  9    9 11 11  6 10 15 11 11 15 17   12 11 15 11  9 16 17 16 18 16   
211b  20 17 14 18 18 20 12 14 12  8   20 18 17 17 20 15 12 20 17 11   16 21 18 15 19 21 17 14 22 15   19 15 19 17 21 17 16 16 16 16   
212a  16 16 10 19 15 19 11 18 18 16   10 20  7 15 19 14 12 12 16  7   12 16 11 15 10 10 12 13 17 16   11  9 13 19 14 11 16 20 19 16   
212b  14 13 11 15 12 14 17 16 18 10   14  7 18 15 16 17 11 15 20 14   22 18 16 21 15 19 18 18 21 15   15 15 19 19 14 24 16 16 16 16   
213a  16 16 11 16 17 18 18 15 18 12   17 15 18 14 16 20 16 11 16 15   21  8 15  7 13 15 12 12 13 12   13 12  9 15 11 13 12 15 10 16   
213b  18 10 12 18 18 11 12 13 16 13   12 11 19 19 16 17 18 16 13 19   13 23 15 17 15 21 14 21 17 14   19 18 15 23 15 16 16 16 16 16   
214a  16 16 12 11 16 18 15 16 14 11    9 15 12 12 14 11 11  8 12 16   17 11 14  8  8 12 13  8 15 18   12  9 14  9 11 10 15 13  6 12   
214b  13 17 10 13 15 17 17 13  8 14   11 14 16 21 15 12 15 18 13 11   17 18 13 22 19 21 23 12 18 18   17 17 15 19 12 18 16 16 16 16   
215a  16 16 17 20  9 13 15 12 13 16   18 16 11 16 22 20 10 16 17 17   24 11 16  6 15 16 13 10 13 12   13 13 11 16 17  8 13 18  9 20   
215b  19 25 19 17 12 12 16 17 14 13   15 15 20 18 14 14 17 17 15 23   17 14  9 21 17 14 16 13 24 18   21  9 20 18 18 22 16 16 16 16   
216a  16 16  9 12 14 16 16 12 15 19   17 13 12 13 15 15 17 15 15 16    8 11  9 13  8 13  9 12 13 14    9  8 11  8  9 10 12 16 16 13   
216b  17 15 16 12 12 15 12 16 16 21   14 13 14 15 14 12 21 19 18 13   18 17 19 13 15 21 13 25 18 17   21 23 24 20 23 17 16 16 16 16   
217a  16 16 12  6 12 14 12 11 11 18   13 19 14 18 19 20 10 13 13 15   12 17  6 10 11 12 10 11 16 13    9  9 13 20 16 10 15 15 10 17   
217b  17 12  7 13 15 15 17 14 16 15   12 18 21 15 18 16 14 18 16 15   22 15 19 21 17 18 17 16 16 18   18 18 16 18 20 18 16 16 16 16   
218a  16 16 18 16 14 16 14 15 13  9   10 11 11 16 16 10 15 14  8 21   16 14 11  7 12  8 10  6  9 18   17 10 13 16 15 15 11 17 13 14   
218b  15 15 15 15 11 20 16 17 14 13   16 11 18 22 20 19 15 18 13 19   20 14 15 16 15 16 18 17 12 20   18 19 14 17 20 21 16 16 16 16   
219a  16 16 11 16 14 12 22 12 14 11   13 13 14 21 11 17 19 16 21 19   16  9 12 12 16 14  8 15 10 18    7 13 15 15 11 10 12 20 16 16   
219b  17  8 16 13 20 17 12 14 11 12   13 11 17 18 16 16 17 20 16 16   22 13 15 15 13 10 27 15 20 17   15 13 19 20 17 20 16 16 16 16   
220a  16 16 19 12 12 13 22 19 15 15   16 14 12 11 11  9  7 14 14 15   12 14 10 14 20 11  9 12 16 18   10 16 15 11 18 11 10 14 14 14   
220b  18  8 15 16 17 17  9 14 14 14   18 14 17 14 16 18 15 19 21 18   14 18 18 11 18 15 14 20 21 16   23 19 21 15 19 23 16 16 16 16   
221a  16 16  6  4 13 16 14 13 15 19   15 14 11 15 13 12 18 16 20 14   16 14 14 13  6 15 13 16 10 19   11 10 15 14 19  7 13 20 17 18   
221b  13 17 13 18 14 17 14 13 19 16   17 12 12 21 24 17 18 15 15 18   18 21 17 18 17 17 13 17 17 17   23 11 17 20 17 16 16 16 16 16   
222a  16 16  8 10 11 24 18 14 15 15   21  8 16 13 17 16 15 19 20 15   17 15 14  8 15 13 17  7  8 16   12 10 17 13 18 11 13 16 19  9   
222b  17 19 14 13 15 16 10 10 10 15   11 16 12 16 16 16 13 13 16 13   12 18 15 16 15 16 14 20 16 16   21 21 18 20 21 14 16 16 16 16   
223a  16 16 16  7 19 14 18 17 11 16   14 20 12  6 20 16 15 16 23 15   16 16 12 14 16 16  8 17  8 11   10  7 12 12 13  9 14 19 16 10   
223b  21 14 14 18 11 14  9  9 14 13   12 10 16 19 23 12 17 21 10 20   16 20 14 14 18 19 15  9 12 16   23 14 20 11 19 17 16 16 16 16   
224a  16 16 14 20 11 14 16 13 16 15   11 14 12 15 17  6 11 11 17 14   13 10 10 10 12 14 10  8 12 13   11 13 15 18  9 14 11 12 19 15   
224b  11 21 15 17 12 12 21  8 14  9   19 13 12 17 17 15 14 18 15 16   15 17 14 21 13 20 26 16 18 19   13 16 21 16 17 17 16 16 16 16   
225a  16 16 14 14 18 13 16 15 19 11   13 19 17 12 13 18 13 14 14  9   15 18 11 11 12 12 10 12 12 19   17 12 17 20 12 15 16 15 14 10   
225b  20 16 15 10 14 16 11 14  8 16   17 17 16 20 19 17 23 13 19 20   16 22 15 19 16 19 17 16 16 22   17 20 18 16 19 17 16 16 16 16   
226a  16 16 17  9 17 19 14 18 12 12   17  9 15 11 15 16 14 15 17 15    7 17 12  6 10 14  6 11 15 11   13 12 10 16 12 16 15 12 15 19   
226b  14 20 16 15 17 14  8 17 16 10   12  9 17 17 19 18 18 15 14 19   14 17 19 20 19 19 19 13 14 18   16 15 16 20 20 23 16 16 16 16   
227a  16 16  7 12 14 16 19 15 10 14   15 16 12 14 16 13 17 15 17 20   16 13  6 13 16 11 14 15 14 11   14 11 14 18 10 12 18 12 13 21   
227b  20 14 16 13 18  9 13 12 10 13   13 17 14 13 14 14 20 17 17 19   20 20 15 15 17 15 13 13 11 17   17 26 17 16 20 21 16 16 16 16   
228a  16 16 11  9 13 16 16 24 15 14   13 15  9 13 12 17 21 18 21 20   20 19 11 13 16 15 10  8 13 16   10 16 12 10  8 17 17 12 12 18   
228b  17 13 18 18 12 22 13 18 16 14   10 16 22 16 17 19 10 19 15 18   10 13 18 14 19 16 25 15 16 17   14 17 17 15 18 17 16 16 16 16   
229a  16 16 17 14 22 11 16 15 19  8    8 11 19 12 20 19 15 12 18 14   14 14  9 15 15 13  7  9 14 17    9  9 11 12 10 16 18 11 14 19   
229b  14 14 13 17 12 14 16 12 12 14   15 12 15 17 13 16 14 15 10 13   18 20 25 12 23 18 16 22 20 21   14 23 17 16 17 18 16 16 16 16   
230a  16 16 13 11 13 10 21 16 16 12    9 17 16  7 18 14 20 16 19 20   17 17  8 10 12 13 13 15 14 14    9 10 11 13 12  6 12 17 13 18   
230b  12 18 11 15 11 15 15 11 18 15   16 21 16 15 19 16 18 14 24 18   15 18 12 16 20 16 19 13 23 18   17 13 22 24 17 20 16 16 16 16   
231a  16 16 10 13 18 13 19 14 10 17   24 15 11 11 13 14 19  8 15 13   18 12 11 18 15 12 12 14 14 14    9  9 12 20 12 12 15 13 15 13   
231b  13 14 17 16 14 17 10 11 12 10   17 18 20 18 16 20 15 19 13 18   20 15 15 22 16 20 14 19 19 15   15 18 17 13 17 18 16 16 16 16   
232a  16 16 12 15 17 20  9 16 15 16   15 10 14 10 19 22 11 13 13 14   14 14 13  7 18 15 12 17 11 15   13 11 10 15 11  9 11 13 14 18   
232b  18 15 19 18 11 20 26 12 13 22   15 18 16 16 18 10 13 22 16 18   16 20 18 20 22 23 16 16 18 19   20 16 22 20 23 18 16 16 16 16   
233a  16 16 11  6 18 12 16 14 18 18   17 18 12 20 16 13 16 13 10 15   11 15 10 13 14 13  7 13 15 15    9 13 15 14 14 10 15 15 20 19   
233b  12 15 15 14 23 11 18 16 15 19   14 17 19 14 19 19 15 16 18 20   17 20 18 19 18 22 18 19 22 20   20 18 22 20 19 16 16 16 16 16   
234a  16 16 12 12 21 11 13 15 12 14   14 11  8 21 18 18 15 16 18 14   13 20 12 14 15 12  7 15  9 16   15 11 10 13 14 13 17 16 14 19   
234b  19 16 16 14 11 17 15 18 16 14    7 15 12 15 20 21 10 17 19 18   19 19 21 18 17 16 17 20 14 21   16 20 17 22 14 19 16 16 16 16   
235a  16 16 12 12 13 22 18 14 19 19   11 12 22 14 15 24 17 19 12 15   11 16 14 17  9 15 15 10 14 11   11 13 21 11 11 17 11 13  9 16   
235b  18 15 14 13 17 15 12 12 15 15   12 15 21 17 17 15 19 13 16 17   18 18 16 21 14 14 15 15 17 15   12 14 18 15 14 18 16 16 16 16   
236a  16 16 17 18 18 14 21 19 17 15   20 18 15 19 14 15 12 17 17 13   15 16 18 17 19  9  8  9 13 19   11 12 18 15 13 10 16 13 14 16   
236b  16 16 18 19 15 13 15 18 10 17   16 20 22 18 17 19 14 22 16 19   16 21 20 20 21 16 21 27 17 21   20 22 23 15 20 20 16 16 16 16   
237a  16 16 21 18 13  9 11 22 22 15    6 10  7  8 11 14 15 17 13 14   15 14  8 11 18  6  5 18 18 11   10 14 16 13 14 10 13 11 14 17   
237b  14 13 13 19 11 13 14 20 13 19   19 18 22 17 14 17 18 15 19 19   15 18 18 21 13 14 19 17 23 15   17 18 24 20 21 14 16 16 16 16   
238a  16 16 11 16 14 17 13 18 16 14   15 12 12 16 12 20 15 13 14 20   19 11 15 16 14 15 13 11 13 12   12 12 11 10 13  6 13 19 11 13   
238b  15 16 19 14 12 12 19 17 16 12   16 11 16 18 17 21 14 16 13 19   19 20 13 17 15 19 23 13 19 17   18 18 19 20 23 24 16 16 16 16   
239a  16 16  7 15 14 16 17 18 22 20   13 12 12 15 13 14 12 16 23 11   13 16 10  8 13 14 18 15  7 17    9 15 18 17 10 12 14 12 19 21   
239b  13 12 18 12 12 20 20 11 13 12   19 14 12 14 16 16 17 12 14 21   19 19 17 17 15 20 15 15 15 17   21 23 17 21 17 17 16 16 16 16   
240a  16 16 17 16 15 17 11 18 17 10   18 18 12 14 17 13 11 13 14 16   14 19 10 13 10 19 12 12  6 15   14 12 15 11 15 15 15 13 18 14   
240b  14 14 22 19 11 10 16  8 12 15   10 16 14 18 23 16 21 13 19 12   20 19 10 18 22 21 19 21 22 15   20 21 10 22 17 25 16 16 16 16   
241a  16 16 13 16 19 10 18 18 14 19   15 18 10 19 11 14 25 14 17 14   19 20 10 13 19 17 16  9 15 17   15 13 12 12  8 13 17 18 15 20   
241b  16 16 16 15 12 15 12 16 11 14   18 14 22 13 15 18 18 19 14 12   16 20 20 14 17 18 13 17 21 19   17 21 16 18 21 12 16 16 16 16   
242a  16 16 17 14 15 15 13 14 16 16   20 18  8 14 18 14  9 15 20 14   16 14 17 13 16 15 13 16 11 10   16 11 14 14  8 17 15 16 17 15   
242b  16 20 11 11 15 13 17 17  8 17   14 16 14 17 20 18 16 22 16 18   22 16 15 14 13 19 18 19 19 16   21 17 22 12 19 15 16 16 16 16   
243a  16 16 15  6 11 16  9 14 19 15   17 16 15 12 13 17 17 15 16 10   18 19 11 11 11 16 11 13 19 12    8 14 14 10 12 13 18 11 15 17   
243b  10 18 14 15 17 11 12 14 20 10   17 15 17 20 19 11 10 20 13 19   17 17 10 19 17 25 21 18 16 19   17 17 20 13 20 21 16 16 16 16   
244a  16 16 14  8 15 12 19  7 13 11   14 19  6 13 13 14 10 17 14 14   15 13 13 13 11 13 10 15 24 13   15 11 15 14 12 19 18 16 18 17   
244b  26 20 15 16 15 15 18 11 17 22   13 11 17 12  9 18 13 19 22 20   17 23 19 16 18 20 20 21 22 23   16 18 15 20 19 23 16 16 16 16   
245a  16 16 14 13 18 15 14 13 17 17   16 14 10  9 15 16 13 19 21 21   16 13  7 13 11 12 13 10 14 18   15 14 15 18 13  6 15 15 16 19   
245b  17 18 14 16 11 15 17 17 18  7   14 15 11 19 20 18 17 18 22 21   22 17 13 16 16 13 17 18 15 20   18 14 20 15 20 16 16 16 16 16   
246a  16 16 13 16 21 15 17 10 12 17   14 13 18 10 12 15 11 16 18 15   14 16 18 11  9 19 14 15 15 17   12 13 14 19 13 18 20 16 15 19   
246b  17 17 11 13 16 12 11 15 11 17   10 13 19 18 20 16 18 12 23 16   19 17 17 21 13 15 19 19 23 21   18 24 17 14 19 20 16 16 16 16   
247a  16 16  6 12 17 13 12 16 15 15   15 17 10 13 18 11 17 20 11 17   18 15 13 14  9 10 10  8 13 13   12 11 16 15 10 12 14 15 15 15   
247b  12 17 14 16 16 12 14 13 18 16   14 14 17 15 14 17 15 18 19 19   14 21 16 11 21 22 19 20 19 14   12 23 17 25 17 21 16 16 16 16   
248a  16 16 10  9 17 17 15 17 10 11   15 14 10 20 18 13 13 15 17 12    9 17 12 17 17 18 14 13 21 17   13 12 11 20 10 10 16 16 14 20   
248b  14 12 16 15 11 14 14 12 13 16   16 14 13 22 13 18 12 18 19 14   17 19 13 16 17 14 17 22 19 21   17 16 16 21 16 22 16 16 16 16   
249a  16 16  9 13 15 14 13 16 23 12   15 20 15 11 18 14 17 13 11 14   15 10 19 15 18 10 12 11 20 16   16 10 14 14 14 13 15 19 17 15   
249b  18 16 15 12 14 10 14 14 11 22   12 18 17 16 14 25 11 14 18 22   21 16 17 21 18 25 21 18 25 20   13 16 21 17 18 21 16 16 16 16   
250a  16 16 14 13 20 17 13 14 15 16   13 20 12 11 14 14 10 15 15 16   14 15 15 14 11 12 11 12 12 13   13 16 13 13 16 16 16 12 15 14   
250b  13 18 19 14 12  9 11 17 17 16   13 12 18 14 20 16 18 15 16 25   22 16 20 16 20 18 19 20 21 16   22 18 17 22 19 18 16 16 16 16   
251a  16 16 14 10 15 11 15 11 12 19   12 18 13  9 19 17 15 10 13 17   15 14 13 16 12 16 10 16 14 17    8 12 15 14  8 13 16 20 14 14   
251b  12 13 17 20 18 11  8 16 15 16   12 19 15 13 18 19 14 14 15 19   16 24 16 15 21 19 24 20 16 14   19 17 15 19 21  9 16 16 16 16   
252a  16 16 11 19 26 15 15 16 12  9   10 14  9  8 14 16 14 19 16 14   15 11  9  9 18 17 14 14 14 15   20 13 17 14 16 14 14 13 18 12   
252b  18 12 17 15 18 14  9 16 14 14   15 10 14 13 16 16 20 19 16 17   19 17 20 23 19 16 14 16 11 15   23 17 20 17 18 18 16 16 16 16   
253a  16 16 10 15 16 16  9 12 17 12   15 15  9 12 22 13 15 15 13 10   17 16  7 16 14 13  4 15 19 14   16 13 14 14 17 15 15 18 15 16   
253b  16 19 15 13 15  7 14 15 12 14   16 10 16 18 17 15 17 16 18 19   13 14 17 17 18 20 17 17 18 19   15 22 14 13 19 14 16 16 16 16   
254a  16 16 15 13 13 16 13 13 13  7   15 12 18  5 15 17 16 11 13 11   19 16 12 14 18 15 14 11 13 12   10 17 11 14 13 19 18 16 12 13   
254b  15 17 13 19 12 16 10 11 18 15   12 17 11 20 15 20 14 20 24 16   24 20 11 16 20 21 23 16 18 16   13 19 24 15 23 14 16 16 16 16   
255a  16 16 10 11 12 16 14 13 11 14   19 15 11 11 15 19 11 16 16 17   13 15 16 13 15 14  9 13 14 11   12 15 15 13 14 18 18 13 18 12   
255b  19 17 14 16  9 16 10 11  8 22   17 13 15 18 20 20 18 18 13 21   18 16 17 16 22 12 18 18 21 19   14 16 15 17 24 21 16 16 16 16   
256a  16 16 12 10 18 13 11 22 16 16   17 19 12 11 15 12 13 12 19 16   13 19 14 14 13 13  9 15 15 10   16 14 15 14 11 15 15 16 13 16   
256b  17 20 15 11 11 12 13 16 17 17   14 19 18 13 19 13 14 17 20 15   22 18 20 20 19 16 12 19 10 17   16 18 20 18 18 21 16 16 16 16   
257a  16 16 18  9 17 17 11 13 16 18   13 10 16 15 20 21  9 17 17 19   13 16 13  9 12 16 11 11 15 12   11 14 15 10 19 17 18 14 16 20   
257b  15 18 12 18 17 17 16 16 12 14   11 12 16 21 19 20 20 20 23 22   11 23 15 17 14 16 20 16 12 14   16 16 23 20 17 19 16 16 16 16   
258a  16 16 12 17 14 13 17 20 11 16   15 15 10 12 22 17 19 13 11 17   16  8 11  8 18 16 16 14 14 13   13 17 16 21 19 11 17 12 15 14   
258b  15 19 13 15 17 11 14 14 17 13   16 18 15 17 22 17 17 18 12 17   16 17 17 21 15 13 17 16 18 22   16 16 19 18 21 21 16 16 16 16   
259a  16 16  7 18 14 14  9 14 13 18   12 19  7 15 18 19 15 16 16 14   19 11 10 15 15 16 15 15 14 16   10 13 14 13 13 13 11 16 12 13   
259b  14 16 14 15 10 14 11 14 18 13   18 18 21 16 16 19 16 19 15 15   13 21 18 14 15 20 19 16 17 17   15 14 19 22 15 16 16 16 16 16   
260a  16 16 14 16  9 18 14 17 13 19   12 16 13  8 14 16 14 17 16 18   19 15  7  9 12 16 10 17 12 12   13 12 14 14 11 19 15 16 13  8   
260b  13 13 16 24 16 18 17 14 11 12   12 17 13 17 16 17 23 19 17 19   14 17 17 16 20 12 17 15 16 21   20 11 22 16 18 19 16 16 16 16   
261a  16 16  8 18 15  5 15 14 15 11   17 15 13 20 15 18 21 14 20 17   15 12  7 11 16 19  8 11 15 15   12  6 18 21 18 14 14 19 15 13   
261b  14 13 20 19 16 14 16 18  9 15   14 16 14 22 16 17 19 20 19 21   17 20 18 17 19 20 15 21 26 18   14 20 15 14 18 18 16 16 16 16   
262a  16 16 16 10 14  9 13 12 11 14   12 14 12 10 14 21 10 16 19 17   13 13 20 11 16 16 13 10 16 14   10 17 15 20  9 14 13 16 21 19   
262b  19 18 16 13 19 13 18 15 18 14   15  9 14 18 21 17 18 15 18 19   15 23 15 13 16 15 19 19 26 17   11 20 24 21 15 24 16 16 16 16   
263a  16 16 18 13 19 15 18 13 13 10    9 12 12 17 14 13 15 12 15 12   18 12  9 11 12 21  9 17  9 22   13 13 11 18 15 16 19 12 22 16   
263b  16 12 15 13 13 20 13 11 16 15   16 12 15 16 21 17 23 18 19 18   17 20 21 18 16 15 19 22 21 20   16 14 15 17 24 17 16 16 16 16   
264a  16 16 11 17 13 12 17 11 17 17   16 15  9  8 17 12 18 15 16 16   17 13 13 18  9 21 10 10 18 15   11 14 14 16 11 12 18 18 14 12   
264b  18 12 11 18 17 16 14  8 12 13   10 14 19 17 18 21 15 12 17 17   16 20 18 14 21 15 12 23 19 27   14 16 17 20 21 19 16 16 16 16   
265a  16 16  9 17 18 17 12 11 17 14   18 17  9  8 12 16 18 13 14 16   16 18 18  6 16 14 13 16 18 16   14 14 13 13 11 12 13 11 15 17   
265b  15 16 19 12 15 13 14 14 15  8   13 12 18 22 12 20 16 15 19 16   19 21 16 22 16 16 20 21 20 15   14 19 15 16 17 25 16 16 16 16   
266a  16 16 14 14 15 15 18 17 17 15   11 19  9 11 12 18 12 13 15 17   16 18 16 12 13 12  9 17 14 11   12 18 21 14 13 15 15 17 11 10   
266b  18 17 15 17  9 13 17 16 16 18   10 16 18 20 19 16 19 24 16 20   17 10 19 19 13 18 19 18 18 19   15 18 19 14 16 19 16 16 16 16   
267a  16 16 12 14  9 18 17 12 17 11   17 17 21  7 17 15 12 13 13 13   11 15 14 10 17 12 16  9 16 14   17 18 15 13 12 13 17 13 14 18   
267b  14 20 13 16 17 13 15 13 18 20   17 22 16 19 17 15 24 11 17 15   21 17 26 18 20 17 18 19 15 18   15 14 20 14 18 23 16 16 16 16   
268a  16 16  8 17  9 12 17 19 15 12   12 15 11 10 16 13 14 16 17 17   17 13 13 11 13 17 12 11 16 14   11 15 12 12 18 11 15 17 17 13   
268b  14 19 11 20 14 18 13 17 16 14   18 12 17 21 22 16 17 10 17 23   18 17 19 22 13 23 16 23 22 20   15 18 17 18 21 16 16 16 16 16   
269a  16 16 11 10 16 16 10 11 16 20   11 15 14  9 12 15 13 14 18 15    8 16 11 11 22 14 10 10 12 15   12 13 15 14  9 10 10 12 18 13   
269b  13 17 14 11 18 13 19 15 16 20   10 16 13 19 15 17 14 15 16 18   18 18 19 18 15 16 17 14 18 18   14 21 20 16 22 23 16 16 16 16   
270a  16 16 11 13 20 16 14 15 19 10   20 16  8  8 18 13 14 20 13 15    9 15 12 10 11  9 10 15 15 15    8 11 17 19 14  9 11 14 19 16   
270b   7 17 15 16 16 17 17 15 17 15   15 16 19 14 20 14 18 13 16 15   17 18 19 20 20 15 16 18 19 18   15 20 16 21 15 13 16 16 16 16   
271a  16 16 17  9 10 11 20 14 13 14   14 21 14 14 16 10 13 15 11 16   16 14 18 18 16 16 11 11 19 16   13 16 21 14 15 15 14 12 18 17   
271b  15 20 17 13 12 18 15 18 14 15   13 17 14 20 18 17 16 19 18 18   15 21 21 21 12 16 18 15 21 19   13 19 19 13 19 13 16 16 16 16   
272a  16 16 13  8 15 18 17 13 18 15   17 20 12 18 18 13 14 11 19 10   13 11 12 15 14 17  7 15 14 14   16 12 15 19 13 13 13 16 21 11   
272b   9 13 16 15 17 14 12 11 17 16   15 11 16 18 16 15 14 18 21 15   10 15 20 14 23 23 18 16 17 19   15 23 17 18 14 21 16 16 16 16   
273a  16 16 17 13 13 16 11 11 20 17   17 16 12 13 14 15 15 14 16 17   19 15  8 12 17 15 13 14 12 18   12  9 14 16 14 12 19 15 17 17   
273b  16 12 14 11 14 13 19 17 15 12   14 11 22 23 17 20 18 18 16 18   17 18 14 15 21 20 17 22 20 15   18 20 23 16 12 17 16 16 16 16   
274a  16 16  8 13 14 12 14 10 14 16   10  8 14 16 11 20 10 16 18 12   14 11 16 12 16 19 12  9 10 14   10 13 18 13 12 15 16 13 20 13   
274b  18 20 16 19 14 14 17 11 14 14   18 18 18 16 19 20 17 16 20 24   15 23 19 19 17 17 15 14 17 16   16 22 15 17 18 23 16 16 16 16   
275a  16 16 15 10 13 14 15 14 13 14   12 16 17 16  9 12 16 15 16 11   11 14 11 11 21 15 11 11 13 15    4 14 12 15 11 11 18 12 18 14   
275b  15 24 18 13 14 17 16 12 10 13   15 15 19 12 15 25 18 17 14 13   14 22 18 16 16 19 18 14 21 19   20 23 21 16 13 22 16 16 16 16   
276a  16 16 14 15 14 15 17 18 14 10   16 16 13 12 11 21 18 12 24 14   13 11 12 16 16 12  9 17 18 10   14 16 17 17 12 15 13 13 15 11   
276b  17 18 15 19 11 11 12 16 19 13   15 14 17 17 19 18 16 15 18 17   22 19 17 19 13 21 21 25 16 19   16 16 17 25 12 17 16 16 16 16   
277a  16 16 12 13 12 13 16 16 14 18   12 19 15 13 12 10 22 12 15 14   17  6 20 10  9 17  9 16 14 16   12 12 15 14 16 10 16 16 15 13   
277b  14 13 14 11 15 13 15 14 18 12   14 21 17 19 21 20 18 19 18  8   19 17 15 15 20 16 23 18 18 15   20 21 19 20 19 16 16 16 16 16   
278a  16 16 13 13 11 17 17 11 16 11   12 14 17 14 14 11 17 17 13 21   18 11 13 18 15 13 13 15 15  8   12 14 20 22 12 15 18 12 13 18   
278b  11 13 17 20 16 15 16 14 17 13   17 18 20 21 16 25 22 19 19 19   21 20 15 16 20 15 19 16 21 17   14 17 21 17 22 22 16 16 16 16   
279a  16 16 11 15 18 14 12 18 13 15   17 15 14 14 13 10 16 18 14 20   16 11 19  7 16 17  5 15 14 16   18 12 18 12 18 11 19 14 13 18   
279b  18 14 13 13 16 11 16 19 23 17   14 15 12 26 16 18 19 14 19 13   15 14 21 12 18 15 18 14 20 18   15 22 19 17 19 22 16 16 16 16   
280a  16 16 10 12 15 12 13 16 13 20   16 12 10 10 14 13 16 16 17 10   18  9 10 15 19 12 12 11  9 16   15 15 16 17 16 17 18 21 12 12   
280b  22 16 10 14 17 18 10 18 13 14   16 21 18 19 22 21 16 16 18 17   24 17 15 18 23 13 25 18 19 17   21 15 15 24 16 14 16 16 16 16   
281a  16 16 12  9  8 10  7 22 12 21   10 19 10 10 14 15 21 19 13 16   12 15  9 16 18 20 13 17 18 15   11 14 12 17 12  7 18 16 12 14   
281b  13 13 13 19 22 12 11 18 13 14   15 11 18 18 17 21 19 22 20 15   19 21 14 20 17 16 15 24 20 21   16 21 16 22 18 15 16 16 16 16   
282a  16 16  8 21 13 13 20 13  3 13   14 14 15 14 15 19 18 16 15 17   18 17 11 11 16 18 19 15 11 18   16 17 15 17  7 13 12 13 12 15   
282b  15 17 16 15 19 16 19 17 11 23   15 13 11 12 20 21 16 20 17 17   20 13 15 21 19 16 25 15 14 15   15 14 13 21 24 18 16 16 16 16   
283a  16 16 13 15 15 14 14 15 16 20    9 18 12 13 19 16 11  6 18 12   20 10 12  7 10 16 14 17 13 17   14 14 15 20 12 17 13 15 14 13   
283b  19 19 15 16 16 17 15 15 13 10   10 15 21 19 15 17 18 16 16 19   15 23 19 15 13 18 20 23  9 22   20 16 19 18 18 23 16 16 16 16   
284a  16 16  6 16  9 13 15 17  8 12   18 18 10 10  7 16 16 14 14 16    7 14  9 13 11 17 17 14 16 15   15  5 15 14 17 14 15 12 15 14   
284b  17 15 15 13 11 17 16 13 17 13    9 12 22 18 16 17 19 21 15 23   17 18 25 14 17 14 18 17 18 19   17 23 17 24 17 18 16 16 16 16   
285a  16 16 11 11 11 19 17 16 17 12   14 12 12 14 17 12 18 14 21 17   14 18 15 15 17 18 11 11 11 11   13 11 18 14 15 12 13 16 18 16   
285b  21 19 14 15  9 20 18 18 13 17   14 20 19 18 19 21 19 18 18 24   23 21 19 15 17 19 18 19 23 23   17 17 23 20 17 13 16 16 16 16   
286a  16 16 10 10 11 13 16 13 16 15   16 10 18 15 15 16 11 11 15 14   14 18 16  8 15  5  9 12 20 17   14 16 13 14 12 13 20 16 15 15   
286b  21 18 20 22 15 13 16 15 17  7   11 16 19 16 14 16 18 16 17 16   18 15 13 16 19 16 21 14 22 14   15 18 17 22 14 16 16 16 16 16   
287a  16 16 17 15 16 13 16 13 10 10   20 19 13 12 17 16 14 13 19  9   14 20 14 15 13 13 16 12 13 14   15 17 18 16 14 13 17 12 11  9   
287b  21 16 15 16 18 10 12 17 14 14   17 20 21 18 20 22 16 21 22 14   20 18 14 20 17 15 18 16 14 13   17 16 15 17 18 15 16 16 16 16   
288a  16 16  9 14 16 10 15 16 13 13   12 14 17 14 14  8 14 12 12 14   13 12 11 10 15 13  9  4 14 19   10 14 14 11 14 16 14 16 17 15   
288b  19 20 14 14 12 16 10 14 19 20   16 13 18 20 17 18 16 22 17  8   21 22 22 23 18 20 12 19 20 18   23 14 18 19 19 19 16 16 16 16   
289a  16 16 18 19 18 14 13 18  9 16   15 17 13 11 20 15 18 12 15 11   20 12 16 15 11 13 14 12 16 14    8 14 21 15 10 18 17 18 21 17   
289b  18 15 16 21 15 14 16 13 14 17   14 14 20 17 18 12 18 17 19 20   19 17 17 17 17 20 15 19 20 21   13 16 19 14 15 12 16 16 16 16   
290a  16 16 12 13 19  8  7 15 16 13   11 14 13 14 15 10 13 12 11 21   15 15 15  9 14 15 11 20 11 16   12 19 16 12 15  9 20 19 14 19   
290b  16 14 21 14 10 14 14 17 17 20   14 20 16 19 17 17 13 15 18 15   18 18 18 18 15 16 19 18 20 19   14 19 15 21 24 18 16 16 16 16   
291a  16 16 15 14 15 16 10  8 17 16   12 18  6 11 16 15 16 15 13 14   12 17 10 12 18 19 14  9 20 16   16 15 18 20 13  8 19 12 21 16   
291b  19 20 17 10 13 18 13 13 12 18   18 17 18 19 23 16 18 10 26 20   17 14 17 21 20 25 12 17 20 18   16 12 22 21 17 31 16 16 16 16   
292a  16 16 15 16 16 14 12 14 13 20   16 16 11 13 11 10 20 12 16 12   15 11 15 14 14 10 12 14 13 10   10 20 16 17 12 17 14 10 16 18   
292b  17 19 17 14 14 14 14 15 10 17   13 15 16 16 17 19 16 19 16 16   18 19 20 17 16 12 13 17 17 18   20 17 19 19 23 20 16 16 16 16   
293a  16 16 14 10 12 16 15 18 13 14   16 10 13 13 13 10 15 17 16 18   22 15 11 15 11  9 10 18  7 18   15 10 14 17 16 10 20 20 16 15   
293b  16 23 16 12 16 14 15 19 17 12   13 18 22 17 20 15 22 20 16 26   21 17 18 13 20 21 22 19 14 22   14 20 20 14 20 14 16 16 16 16   
294a  16 16 17 10 18 16 16 13 12 10   14 18 14 16 16 18 15 13 12 15   19 12 19  8 15 15 11 14 12 19    6 15  9 11 12 17 14 19 13 16   
294b  13 19 17 15 11 14 17 16 17 19   19 19 19 19 18 14 17 16 19 12   16 16 12 18 20 21 15 17 14 20   18 20 20 17 17 18 16 16 16 16   
295a  16 16 14 12 16 18 20 15 13 12   20 10  9 10  8 15 16 15 16 14   13 16 17 13 17 14 12 14 14 14   11 18 13 16 12 17 20 13 22 20   
295b  17 22 20 20 14 10 16 15  9 13   15 11 21 14 17 17 21 13 21 14   15 15 17 13 14 22 16 20 17 16   15 17 15 16 16 15 16 16 16 16   
296a  16 16 11  9 13 19 18 11 19 17   23 11 10 16 12 14 14 15 18 12   12 13 11 13 16 19 15  9 11 17   12 16 16 15 13 16 13 15 14 12   
296b  17 25 16 19 14 13 15 18 17 14   15 16 17 22 13 14 18 18 15 17   21 23 17 19 14 17 15 19 16 17   14 20 16 14 17 12 16 16 16 16   
297a  16 16 12  9 15 14 14 11 10 17   23 15 10 14 15 13 17 14 14 11   12 14 10 10 14 17 12 20 14 12   19 18 14 11 15 15 16 18 15 15   
297b  16 17 15 21 14 20 16 15 12 15   19 11 17 21 17 14 14 15 15 19   14 15 15 16 14 15 22 15 16 18   21 15 16 17 16 18 16 16 16 16   
298a  16 16  7 10 11 11 16 15 16 13   11 13  1 12 18  9 17 14 21 12   15 14 10  7 15 13 12 13 11 17   16 10 12 18 13 14 20 15 15 14   
298b  18 15 18 15 15 17 23 13 15 14   18 14 20 14 19 14 21 14 14 29   13 19 18 17 12 19 22 17 14 17   16 18 19 14 19 20 16 16 16 16   
299a  16 16 13 10 11 17 21 16 11 21   13 14 14 13 14 19 12 20 15 18   14 13 15  8 16 16  5 12 14 17   12 14 17 13 18 15 15 15 20 18   
299b  21 20 16 14 15 13 14 16 13 10   13 14 21 19 16 15 19 16 17 18   21 17 15 17 21 20 14 22 18 17   15 12 20 11 16 23 16 16 16 16   
300a  16 16 13 10 14 11  9 15 12 11   14 15 23 16 15 15 14 17 15 16   12 16 13 18 16 10 13 15 14 14   11  9 12 13 11 11 17 14 12 16   
300b  12 16 16 17 13 19 14 16 13 14   11 11 18 20 10 14 20 15 16 17   17 12 17 22 19 21 20 18 12 18   22 14 18 20 20 16 16 16 16 16   
301a  16 16  8 12  9 18 16 22 11 21   13 15 23 12 15 13 13 12 13 14   17 11 16 13 13 14 15 10 15 12   13 14 15 17  9 16 17 14 19 17   
301b  13 24 16 11 12 14 15  9 12 16   20 16 19 16 13 19 20 18 18 17   19 19 15 20 18 19 21 16 18 21   12 17 22 20 14 21 16 16 16 16   
302a  16 16 19 14 17 16  7 14 20 18   11 16 14 18 11 11 16 17  8 15   16 17  9 14 17 14 13  8 13 18   12 14 16  9 13 13 12 20 15 19   
302b  15 22 19 18 15 13 12 13 14 17   16 13 19 19 15 15 19 14 14 18   14 18 14 14 20 16 25 21 21 10   18 15 19 17 16 19 16 16 16 16   
303a  16 16 18 10 15 14 19 18 16 19    9 19 11  6 11 12 11 15 17 15   19 10 15 12 20 15 14 11 16 14   21 15 15 16 12 16 15 23 17 15   
303b  16 19 17 18 14 17 16 16 14  6   13 20 16 14 22 23 16 18 16 17   15 15 16 20 15 13 18 18 17 17   11 21 20 18 19 17 16 16 16 16   
304a  16 16 11 12  7 15 14 16  5 15   14 12 10 15 15 15 16 18 12 11   16 12 14 21 15 14 19  7 14 10   14 18 16 16 13 18 13 12 18 17   
304b  17 13 15 21 15 13 18 12 15 16   15 17 22 16 19 17 19 13 15 15   21 19 16 21 17 20 17 19 16 21   15 19 16 21 21 19 16 16 16 16   
305a  16 16 12 13 10 20  9 20 16 15   16 12 12 10 13 14 14 21 17 13   12 17 18  9 18  8 10 12 12 20   15 10 13 19 17 14 16 18 13 13   
305b  18 15 14 15 11 13 15 13 14 17   13 17 20 19 17 19 17 15 16 17   19 18 20 17 17 14 22 19 18 19   15 12 22 13 23 20 16 16 16 16   
306a  16 16 11 10 11 14 14 15 15 18    9 14 11 15 17 14 15 13 20  8   11 22 12  9 14 11 14 12 13 17   17 13 18 14 15 14 14 20 20 19   
306b  17 21 14 14 15 18 12 15 15 17   11 15 17 18 20 20 18 15 19 13   19 15 17 12 12 17 15 16 22 18   20 15 21 20 15 18 16 16 16 16   
307a  16 16  8  7 19 14 10 15 13 16   17 20  9 11 10 13 11 14 19 12    8 11  7 12 18 16 10  7 17 11   12 16 15 16  8 18 17 14 16 14   
307b  17 12 14 16 14 15 12 13 17 16   18 14 17 17 20 17 15 13 23 12   14 24 14 14 20 18 15 22 16 16   16 15 16 16 25 21 16 16 16 16   
308a  16 16 18 13 20 20 15 18  9 14   15 12 19 12 13 17 13 15 14 20   14 14 15 15 11 15 13  8 17 15    9  9 16 14  9 15 12 23 13 13   
308b  14 14 18 14 19 18 13 13 12 16   15 12 25 17 20 19 16 16 24 13   18 20 19 12 16 16 17 17 11 16   24 17 14 14 20 13 16 16 16 16   
309a  16 16 11 10 16 14 19 12 19 15   14 13 13 15 19 17 15 16 13 11   14 17 15 12 14 16 10 10 14 14    6 18 21 16  9 15 11 14 16 18   
309b  18 12 13 13 15 14 19 18 14 15   13 16 15 20 16 15 17 16 17 18   18 21 18 20 15 16 13 18 17 11   14 16 14 20 16 15 16 16 16 16   
310a  16 16 14  8 11 12 13 18 10 15   17 19 13 12 13 20 18 14 10 13   16 14 12  8 13 13 11 12  9 19   13 11 19 19 18 15 19 14 17 18   
310b  13 14 18 22 12 15 12  9 16 14   12 16 19 16 14 17 17 20 16 21   18 15 19 18 19 15 18 17 19 16   14 19 18 16 20 18 16 16 16 16   
311a  16 16 10 12 18 20 12 12 21 14   16 19 11 10 17 12 19 17 11 16   17 15 18 12 13 10 11 12 12 19   12 13 18 17  8 16 10 18 14 12   
311b  16 18 17 16 16 19 15 14 12 16   16 16 21 22 20 19 14 20 17 10   17 15 15 23 15 16 15 20 18 14   21 17 13 13 20 14 16 16 16 16   
312a  16 16 14 15 17 20 13 13 12 15   14  9 14  9 17 16 18 17 14 15   11  6 15 13 17 18  6 12 16 11   15 17 13 16 11 11 17 16 15 21   
312b  20 18 17 18 17 18 22 15 17 18   16  8 22 18 17 18 14 16 18 22   14 12 19 23 20 19 21 19 21 21   18 23 20 21 16 19 16 16 16 16   
313a  16 16  5 13 15 15 19 16 12 17   15 19 11 16 13 11 14 13  8 12   12 16 14  9 14 17 16 13 13 17   12 16 16 11 20 12 14 14 17 14   
313b  15 15 16 18 13 11 16 20 13 17   18 18 17 25 18 21 20 22 13 18   15 18 22 17 18 25 21 21 20 19   21 21 13 17 13 15 16 16 16 16   
314a  16 16  8 14  9 16 16 15 14 13   10 18 12 13 12 19 15 17 12 16   12 15 16 11 15 12 16 11 15 12    9 16 22 21 14  6 15 16 20 18   
314b  19 18 16 14 15  9 15 11 16 19   16 19 18 15 15 23 14 20 13 24   18 21 19 16 16 23 20 23 19  9   16 15 15 18 20 17 16 16 16 16   
315a  16 16 10  8 17 17 14 13  9 15   17 14 12  9 15 15 17 12 15 15   13 16  8  9 15 13  8 14 16 16   16 10 18 17 12 19 19 16 16 16   
315b  22 17 17 24 15 15 15 19  9 17   15 17 19 21 20 17 18 18 20 19   17 16 16 15 12 18 19 20 17 18   17 19 19 18 21 12 16 16 16 16   
316a  16 16 15 14 13  8 16 12 10 10   18 12 10 16 13 13 14 15 16 16   10 20 12 13 20 14 13  9 16 19   15 13 19 22 14 16 22 14 16 17   
316b  17 15 20 17  9 18 13 11 11 17   14 11 20 14 13 20 19 18 18 22   15 15 16 18 18 19 18 22 16 11   16 20 18 15 16 20 16 16 16 16   
317a  16 16 11  8 19 15 14 16  7 14   16 15  9 13 12 12 14 11 19 11   20 18 17 12 21 16 14 15 16 14    8  9 17 17 10 10 15 12 16 21   
317b  15 15 17 15 15 12 13 16 20 18   17 14 16 14 18 19 15 18 13 18   16 19 19 13 15 23 16 16 15 13   15 18 23 11 22 16 16 16 16 16   
318a  16 16 11  7 18 12 20 13  8 16   13 18 10 10 10 16 12 16 11 11   15 15 14 15 14  5 12 14 16 17   11 10 18 18 11 16 14 12 12 19   
318b  18 15 18 15 15 14 16 14 15 13   17 15 18 16 18 19 17 19 16 17   14 19 24 22 17 21 19 17 16 15   15 15 17 15 20 16 16 16 16 16   
319a  16 16  8 16 12  9 17 16 10  9   13 16 19 13 16 16 12 16 12 16   15 14 12 16 16 18 13 10 21  9   15 19 13 16  8 11 15 18 15 15   
319b  15 14 16 14 16 12 22 15 15 18   21 15 15 13 22 12 11 23 15 16   20 21 17 17 20 15 15 18 19 22   20 21 19 14 21 11 16 16 16 16   
320a  16 16 13 11 16 12 13 17 15 12   15 14 13  7 19 16 18 14 12 10   15 15  6  8 16 11 14 11  6 14   13 16 11 14 16 10 16 23 15 14   
320b  14 19 18 21 16 14 13 17 15 14   16 16 11 20 19 14 13 18 21 19   14 16 17 18 18 16 17 13 17 16   22 17 18 18 22 16 16 16 16 16   
321a  16 16 12 12 19 13 18 15 15 18   16 12 10 10 15 13 13 13 19 15   13 16 14  8 12 21 18 14 19 17   18 15 15 15 17 15 14 19 19 19   
321b  16 23 18 20 19 19 18 13 16 18   12 16 18 16 22 12 16 15 17 17   20 16 20 18 23 17 20 16 21 19   20 13 20 15 20 17 16 16 16 16   
322a  16 16  9 15 17 15 16 18  9 15   12 10 12 12 12 12 15 11 19 13   15 18 13 14 12 11 14 11 23 16   15 17  9 15 21 12 10 15 13 17   
322b  11 18 19 18 14 17 16 18 16 15   14  9 15 11 22 23 17 16 17 18   20 16 15 14  9 17 16 15 17 18   15 19 19 22  9 16 16 16 16 16   
323a  16 16 11 15 14 17 11 18 13 12   18 19 14  8 13 16 15 18 11 13   12 15 10 14 13 14 10 13  8 21   14 10 19 18 10 16 12 16 16 19   
323b  15 14 18 19 16 20 15 17 12 14   13 14 20 11 14 19 15 15 20 13   15 15 13 15 13 16 20 16 16 14   17 14 18 22 18 12 16 16 16 16   
324a  16 16 16 14 20 10 11 15 15 13   11  9 11 15 12 10 10 10 10 16   14 19 15  6 11 13 13  8 19 18   15 14 14 15 15 18 18 15 18 19   
324b  19 18 13 17 17 11 12 15 17 13   14 16 21 15 13 19 14 20 22 17   18 11 19 20 20 22 18 13 14 15   13 18 17 21 15 14 16 16 16 16   
325a  16 16 15 13  9 14  8 12  9 11   12 12 14  7 13 12 16 15 16 12    9 14 12 11 13 17 14 19 18 15   11 16 16 17 14 17 16 16 14 16   
325b  20 16 23 20 18 16  8 15 16 16   14 21 17 21 13 18 20 16 17 17   21 13 16 12 18 16 22 17 17 15   12 18 22 12 24 14 16 16 16 16   
326a  16 16 11 16 15 12 19 12 14 11   13 16 12  8 16 12 18 13 18 14   13 15 16 12 14 17 11 11 15 13   15 17 12 10 16 16 15 16 14 13   
326b  17 22 16 11 13 16 22 18  9 18   20 18 20 18 17 14 18 15 18 21   21 16 17 13 13 17 18 19 21 17   16 16 18 19  9 20 16 16 16 16   
327a  16 16  9 11 18 19 15 16 12 22   14 11 11 14 16 13 14 11 14 17   14 12  8 12 16 16 14  8 12 19    9 10 15 17 10 17 16 14 16 16   
327b  15 20 13 15 15 15 17 18 14 18   19 16 15 18 17 22 19 17 17 20   17 16 17 15 15 19 22 17 18 18   19 14 14 18 14 19 16 16 16 16   
328a  16 16  9 11 11 11 16 11 19 17    6 11 16 14 15 13 10 17 22 18   14  8  8 14 21 15 11 10 21 20   15 10 12 12 15 18 19 14 16 14   
328b  17 18 17 23 18 14 15 11 11 18   12 17 19 15 18 14 23 15 15 17   16 18 17 22 19 26 13 21 16 12   11 18 20 14 17 19 16 16 16 16   
329a  16 16 11 13 19 14 13 14 16  7   10 20 15 13 11  9 11 17 11 16   10 18 21 13  8 12 16 11 11 14   20  9 16 15 12 12 14 23 20 19   
329b  16 13 19 14 15 19 14 17 18 13   14 15 17 16 17 15 21 14 19 16   15 17 19 20 15 21 22 13 19 13   14 23 15 18 18 19 16 16 16 16   
330a  16 16 12 10 19 16  9 16 11 10   12 17  7  8  9 11 18 12 12 14   14 18 10 12  9 19 14 15 16 16    8 14 18 16 19 13 13 18 19 13   
330b  19 12 17 16 15 18 14 15 14 16   19 17 14 20 15 22 18 19 21 15   12 16 14 16 16 19 14 15 13 18   19 17 18 19 16 20 16 16 16 16   
331a  16 16  7  9 17 13 12 14  9 21   19 11 18 11 10  9 17 12 10 14    9 19  7  8 12 18 14 14 15 19    8 14 15 15 11 11 16 18 18 20   
331b  20 18 20 17 15 12 16 17 16 15   23 16 16 11 18 13 19 22 18 14   20 16 14 20 17 13 14 22 19 19   13 19 17 14 19 17 16 16 16 16   
332a  16 16 13  6 10 16 11 12  9 13   18 10  8 10 11 14 12 10 17 14   18 17 13 15 10 19 16 14 16 15   13  6 18 17 14 16 15 21 15 17   
332b  16 20 16 14 15 16 19 12 10 13   16 14 21 16 17 15 17 19 16 19   16 16 16 13 18 18 18 16 15 16   31 17 19 21 18 26 16 16 16 16   
333a  16 16 10  6 18 10 12 16 22 16   13 14 12 14 17 26 11 13 16 17    8 18 10 17 14 14  9 15 17 14   15 14 13 16 12 18 12 10 20 17   
333b  18 15 16 16 19 15  6  8 14 16   13  9 18 14 16 16 12 18 16 19   20 13 15 19 18 20 16 18 15 15   11 14 17 14 16 18 16 16 16 16   
334a  16 16 14 11 11 11 18 15  8  6   13 10 17 16 18 17 13 19 15 12   19 14 13 14 16  9  9 11 15 12   15 19 13 15 12 11 13 10 15 15   
334b  13 14 24 16 16 16 16 11 14 10   11 13 15 16 16 19 14 19 10 15   14 12 16 20 11 19 18 17 15 16   16 20 22 16 14 15 16 16 16 16   
335a  16 16 18 13 16 11 17 15 15 10   11 13 13 12 11 17 13 12  9 12    9 14 12  8 14 13 14 12 14 15   14 16 15  8 11 14 14 14 18 17   
335b  17 16 13 15 11 18 19 13 16 16   11 18 15 17 14 18 16 20 15 16   15 13 18 17 17 17 16 21 19  9   15 17 16 14 13 21 16 16 16 16   
336a  16 16  7  7 10 13 14 15 15 16   20 12 15 15 13 12 17 10 19 12   19 13 11 12 14 11  6  3 17 20    9 11 12 16 13 20 16  8 17 18   
336b  16 10 16 16 10 15 16 16 15 16   17 17 18 21 14 12 20 15 13 16   17 16 16 14 15 14 23 15 13 15   17 11 13 13 15 20 16 16 16 16   
