###    1  2  3  4  5  6  7  8  9 10   11 12 13 14 15 16 17 18 19 20   21 22 23 24 25 26 27 28 29 30   31 32 33 34 35 36 37 38 39 40   
###   41 42 43 44 45 46 47 48 49 50   51 52 53 54 55 56 57 58 59 60   61 62 63 64 65 66 67 68 69 70   71 72 73 74 75 76 77 78 79 80   
  1a   0  0 15 14  8  7  8  9  6  9    8  7  7  7  7  8  9  6  7  8    9  7  6  0  0  0  0  0  0  0    0  6  8  7  8  0  0  0  0  0   
  1b   0  0  0 12  7  7  8  0  0  0    0  0  0  0  0  9  8  9  9  8    6  6  8  9  8  6  8  9  8  8    8  6  6  9  7  8  0  0  0  0   
  2a   0  0  7  8 10  9  8  7  7  7    6  6  8  9  7  8  9  8  8  5    8  7  6  7  9  8 10  6  8  6    7  8  7  8 11  9  9  8  8  7   
  2b   8  7  7  8  7  8  6 10  7  6    9  7 11  5  8  8  8  8  6  7    8  7  7  7  7  7  7  7  6  8   10  7  6  8  6  8  0  0  0  0   
  3a   0  0  5  8  5  8  7  7  8  7    6  8  7  7  7  7  8  5  7  6    7  9  8  8  7  6  7  7  5  6    8  7  6 10  9  9  9  8  9  8   
  3b   5  8  7  7  7  8  6  7  8  6    7  8  8 10 11  6  7  6  6  7    7  7  7  7  7  8  8  9  6  9   10  7 10  8  6  6  0  0  0  0   
  4a   0  0  9  7  7  7  7  8  8  6    9  8  7  6  6  8  5  5  8 10    9  6  7  9  8  9  6  6 10  8    7  7  6  6  6  8 10  8  8  7   
  4b   6  8  9  9  9  7  7  9  7  6    6  8  8  9  7  6  8  9  7  7    6  7  7  7  7  6  7  7  8  7    7  7  7  6  7  9  0  0  0  0   
  5a   0  0  8  8  9  5  6  9  6  6   10  7  6  7  6  6  6  7  6  7    8  6  7  8  7  7  7  8  8  7    9  8  8  8  7  8  7 10  6  7   
  5b   8  8  8  7  7  8 10  8  7  8   10  8  8  7  8  9  7  7  8  7    9  7 11  7  9  8  8  8  5  6    7  9  7  7  6  6  0  0  0  0   
  6a   0  0  7  7  9  8  7  7 10  8    6  8  8  7  7  6  7  7  8  8    8  6  7  6  9  7  8  8  7  7    7  7  9  7  8  8  8  7  6  8   
  6b   6  7  7  7  6  9  9  7 10  9    9  6  8  7  9  8  7  9  8  5    7  8  8  7  9  8  8  8  7  7    6  8  7  8  8  7  0  0  0  0   
  7a   0  0  6  8  5  8  6  6  6  8   10  9  7 10  8  9  8  8  7  8    8  6  8  8  9  7  9  6  6  7    6  7  7  7  9  8  7 10  8  8   
  7b   6  6  9  8  8  6  7  9 10  8    8  9 11  6  6  7  7  8  7  7    7 11  7  7  7  7  7  8  8  7    8  8  6  7 10  9  0  0  0  0   
  8a   0  0  9  8  8  5  8  8  8  8   10  7  8  9  7  5  9  7  7  8    8  7  6  7  7  7  8  8  6  9   10  8  5  9  9  9  8  7  9  8   
  8b   7  8  9  7  6  9  7  7 10  6    7  7  8  8  9  8  8  6  8  6    7 10  8  7  8  8  6 11  9  8    9  8  7  5  7  7  0  0  0  0   
  9a   0  0  7  7  7  6  7  6  7  9    7  8  8  7  7  6  7  7  8  7    8  8  7  8  7  7  6  8 10  7    8  7  8  8 10  7  8 10  8 13   
  9b   8  8  7  9  8  8  8  8  8  8    9  6  7  7  9  8  8  6  9  7   10  7  9 10  7  7  7  7  6  7    9  7  6  7  7  8  0  0  0  0   
 10a   0  0  8  8  6  8  7  4  7  7    8  7  7  7  6  8  7  9  5  6    8 10  7  8  6 10 10 10  9  9    8  7  8 12  6  5  7  8  7  7   
 10b   6  8  7  8  8  8  6  8  7  6    9  7  7  9  7  8  9  6  7  7    8  7  7  7  6  6 10  9  6  7    6  8  8  8  6  8  0  0  0  0   
 11a   0  0  8  7 11  8 10  8  7  6    7  7  8  7  6  6  9  9  7  7    8 10  9  8  7  8  7  9  8  9    8  8  7  8  8  5 10  6  6  8   
 11b  10  7 10  7  8  7  7  7  9  8    7  7  8  7  6  6  7 10  8  8    6  7  6  7  8  7  9  8  7  7    9  7  9  8 10  8  0  0  0  0   
 12a   0  0  6  8  6  5  8  7  8  8    9  9 10  7  6  6  8  7 10  8    6  7  7 10  7  7  7  6 10  8    8  9  8  8  9  8  8  8  7  8   
 12b   7  8  7  7  8  8  6  9  6  5    7 10  6  9 10  7  8 10  8  9    9  9  9  8  6  7  8  6  8  5    6  9  6  6  7  8  0  0  0  0   
 13a   0  0  8  6  9  9  7  7  7  8    6  8  9  8  7  8  9  7  8  7   11  8  5  7  6  7  7  7  8  7    9  8  9  8  8  7  7  9  8  8   
 13b   7  7  8  6  8  8  7  6  9  6    9  6  7  7  7  8  8  8 11  9    7  8  7  8  9  7  8  8  8  8   10  5  7  6  7  8  0  0  0  0   
 14a   0  0  6  5  9  6  8  7  7  9    5  8  8  9  5  8  9 10  7  8    5  5  8  7  9  6  8  7 12  7    6  7 10  8  7  6  9  8  9  8   
 14b   6  8  6  7  7 11  8  7  5  7    8  6  8  9  8  6  8  7  7  7    8  6  7  9  9  6  8  7  5  8    9  8  8  8  8  7  0  0  0  0   
 15a   0  0  7  9  8  6  8  7  8  8    7  5  7  6  7  8  7  6  8  7    9  8  7  8  8  8  7  7  7  7   10  8  9  7  7  8  7  6 10  7   
 15b   6  7  9  8  9  6  7  8  9  6   10  7  9  8 13  8  7  9  7  8    6  7  8  8  9  9 10  7  7  6    8  9  8  8  8 10  0  0  0  0   
 16a   0  0  7  8  7  9  8  8  6  8    8  9  9  7  9  8  7  8  8  6    8  7  6  8  9  8 10  7 10  6    9  9  7  9 11  8 10  8  6 10   
 16b   6  6  6  8 10  9  7  4  7  8    9  6  8  8  7  7  6  9  8  9    7  7  8  7  8  9 12  9  8  8    9  8  7  8  5  7  0  0  0  0   
 17a   0  0  7  8  8  6  7  5  8  8    5 10  7  8  8  7  7  7  7  7    6  8  6 10  8  8  6  7  8  8    7  8  8  7 10  9  6  9  7  8   
 17b   7 11  8  6  8  6  9  7  8  7    7  8  9  7  6  7  7  7  8  6    8  5  8  6  8  8  8  7  8 10    6  9  6  9  8  8  0  0  0  0   
 18a   0  0  8  7  8  7  7  7  8  7    7  7  8  7  9  7  6  8  7  8   10 11  7  6  8  9  8  7  8  7    7  6  7  8  9  8  8  8  9  8   
 18b   9 10  8  8  8  9  7  6  7  6    7  9  8  6  9  8  8  8  7  7    7  6  8  7  7 10  6  7  6  7    7  7  8  8  7  8  0  0  0  0   
 19a   0  0  7  6  6  8  7  6  7  6    7  7  6  6  7  6  8  8  5  8    6  6  9  8  6  8  9  8  7  7    7  9  7  9  8  8  8  8 10 10   
 19b  10  7  8  7  9  8  7  9  7  8    5  9  6  8  6  8  7  6  8 10    8  6  7  6  8  9  7  7  8  9    6  8  9  8  7  7  0  0  0  0   
 20a   0  0  9  7  5  7  9  8 10  8    8  8  5  7  9  7  6  5  9  8    5  7  6  5  7  6  7  6  9  7    7  5 10 10  8  7 10  7  7  7   
 20b   7  9  7  7  7  6  9  8  8  9    7  5  8  9 10  8  9  7  6  9    7  8  8  9  8  7  6  6  8  9    6  7  7  8 10  8  0  0  0  0   
 21a   0  0  8  6  9  6  7  9  6  9    8  7  7  6  8  7  6  8  9  6    7  7  8  6  7  9  7  6  7  8    9  7  8  6  7  7  9  8  9 10   
 21b   7  8  8  8  7  8 12  8  6  8    7  8  9  7  9  9  8  8  7  8    8  7 10  7  8  8  7  9  8  8    9  7  8  9  6  7  0  0  0  0   
 22a   0  0  8  5  6  7  7  9  8  6    7  7  7  7  7  7  7  7  7  6    7  9  7  8  8  9  6  6  8  7    7  8  6  8  8  8  8  8  6  8   
 22b   8  9  8 10  7  9  9  7  6  8    8  6  7  7  7  8  7  7  8  6    6  8  7  8  8  7  6  8  6  7    7  9  9  5  8  7  0  0  0  0   
 23a   0  0  6  6  8  9  9  8  8  8    7  8  6  6  8  8  7  9  7  5    8 11  8  6  6  9  7  9  8  9    8  7  6  8  8  6  8  6  8  5   
 23b  10  9  9  7  6  6  7  6  8  6    8  9  6  9  6  7  9  6  9  5    8  9  7  8  9  6  7  9  9  8   10  7  7 10  7  9  0  0  0  0   
 24a   0  0 10  9  7  6  7  9  9  5    8  6  6  8  6  7  7  7  8  8    8  6  8  7 10  9  6  8  8  8    6  5  6  7 10  8  9  5  9  7   
 24b   7  9  8  7  6  8  7  8  9  7    7  8  5  7  8  7  9  6  7  9    7  6  9  7  8  6  7  6  6  7    7  6  7  8  7  6  0  0  0  0   
 25a   0  0 10  7  8  8  9  6  9  8    6  8  8  6  8 10  7  9  7  7    0  9  7  8  8  6  5  8  7 10    7  8  6  7  6  9  8  7  9  8   
 25b  11  8  7  9  7  7  6  8  9  9    5  8  9  6  8  8  7  9  6 10    8  8  7  7  6  9  9  8  7  7   11  8  7  9  8  8  0  0  0  0   
 26a   0  0  6  7  7  6  9  9  8  7    6  8 10  5  8  6  7  9  8  8    6  7  7  7  9  7  7  6  9  6    8  6  6  8  9  7  8  9  6  7   
 26b  10  8  7  6 11  6  8  8  9  7    8  6  7  5  9  5  9  7  7  8    8  9  8  7  9  7  8  9  8  7    5  8  7  8  6 10  0  0  0  0   
 27a   0  0  7  7  8  7  7  7  7  9    6  7  7  7  7  9  7  7  7  6    7  7  8  7  9  9  9  9  9  9    8  6 10  9  7  8  9  7  9  9   
 27b   7  8  9  7 10  7  8  8  9  7   12  8  8  9  6  6  7  9  7 10    7  8  9  8  7  6  5  7  7  7    6  6  6 10  8  9  0  0  0  0   
 28a   0  0  7  8  8  9  6  9  7  6    7 10  7  7  7  9  7  7  7  8    7  6  9  9 10  8  9  6  6  8    6  7 10  8  7  7  8  8  6  8   
 28b   7 10  9  8 11  7  8  8  8  8   11  7  8  5  6  5  8  9  7  5    7  8  8  7  7  9  6  7  7  7    8  7  6  8  7  6  0  0  0  0   
 29a   0  0  8  7  9  7  6  9  7  7    7  9  8  7  8  7  7  7 11  9    6  8  8  8 10  7  8  9  6  7    6  7  7  8  8  9 10  7  9  9   
 29b   8  9  8  8 10  7  7  7  9  6    8  7  9  8 10  6  8  7  7  7    8  7  9  7 10  7  8  5  7  6    7  8  8  7  8  7  0  0  0  0   
 30a   0  0  6  9  8  7  5  5  7  7    6  7  6  7  5  6  8  7  7  7    8  7  7  6  6  7  7  7  8 10    7  7  8  6  7 11 10  7  8  8   
 30b   8 10  9  8 11  9  8  6  8  7    9  7  9  8  8  7 11  8  9  6    9  7  7  8  6  8  6  7  7  7    9  8  8  8  6  6  0  0  0  0   
 31a   0  0  8  9  6  6  7  7  7  5    7 11  7  8  7 10  9  8  7  7    6  7  6  5  6  7  8  7  9  7    6  9  6  7  8 10  7  8  7  6   
 31b   8  6 10  9  9  6  9  7  8  7    5  7  9  8  6  6  8  8  6  7    6  6  8  7  7  8  8  9  9  8    8  8  8  8  7  8  0  0  0  0   
 32a   0  0  8  9  9  7  7  7  7  6    7  7  7  7  7  7  6  8  6  7    6  8  8  6  8  7  8  8  7  8    8  7  8  7  8  8  9  9  8  8   
 32b   8  7  7  5  8  9  7  7  8  8    9  6  7  8  8  8  7  7  7  8    8  8  7  9  8  8  8 10  9 10    7  7  7  7  6  7  0  0  0  0   
 33a   0  0  7  7  7  9  8  7  8  7    6  5  9  7  7  9  8  6  8  7    8 10  7  8  7  9  7  8  8 12    7  7  9  8  6  7  7  7  9  5   
 33b   7  6  9  8  8  6  8  8  8  6    6  9  7  8  8  8  7  6  8  9    7  5  7  8  7  9  7  8  8  8    7  8  7  8 10  7  0  0  0  0   
 34a   0  0  8  6  7  7 10  9  5  9    7  7  9  7  7  8 10  7  6  9    6  6  7  7  6  7  7  7  5  9    7  6  8  9  7  8  8  6 11  7   
 34b   9  5  6  8  8  6  8 10  6  7    7  8  7  7  8  8  8  7  7  7    9  6 10  8  8  8  9  7  8  8    7  9  7  8  5  7  0  0  0  0   
 35a   0  0  6  9  9  6  6  8  8  7    8  9  7  7  7  7  7  8  8 10    9  7  8  8  8  7  8  8  8  5    6  7  9  9  8  9  8  7  8 10   
 35b   8  6  8  8  9  9  8  9 10  7    9  7  8  8  7  8  9  8 10  5    7  8 10  9 10  7  8  9  9  7    6  9  8  9  8  7  0  0  0  0   
 36a   0  0  5  8  6  8  8  7  7  8    6  6  7  8  8  9  9  7  6  5    8  6  7  7  8  9  8  7 10  8    7  9  9  8  8  8  8  8  6  7   
 36b  10  7  7  6  7 11  8  7  8  7    5  8  8  6  6  6  6  8  8  6    7  8  8  9  6  6  7  9  7  6    7  7  8  6  8  9  0  0  0  0   
 37a   0  0  8  9  7  9  7  8  8  8    8  6  7  7  8  7  6  6  5  7    8  8  8  9  8  6 10  7  8  8    7  6  7  6  7  9  7  8  7  7   
 37b   9  9  8  9  7  9  9 10  8  7    6  9  6  6  9  7 10  9  7  7    6  8  5  7  6  9  6  7  8  9    6  7  7  7  8  6  0  0  0  0   
 38a   0  0  5  5  7  8  7  6  8  7    7  6  8  7  8  5  8  9  9  7    8  7  8  7  8  8  6  9  5  7    6  7  8  6  8  7  7  7  8  6   
 38b  10  9  7  9  7  7  9  7  8  7    9  9  7  6  7  9  6  6  9  7    7  7  6  7  7  8 10  6  7  7   10  7  8  9  7  7  0  0  0  0   
 39a   0  0  8  8  7  9  6  8  7  7    8  9  7  7  6  9  7  7  9  9    7  7  8  7  7  9  6  9  7  8    6  7  9  9  8  7 10 10  5  8   
 39b   9  8  6  9  7  7  8  8  9  8    8  7  6  9  8 10  6  8  6  7    9  8  9  7  7  7  8  7  7  6    6  7 10  6  8  6  0  0  0  0   
 40a   0  0  7  6  8  9  7  8  8  7    7  9  6  6  7  7  6  9  9  6    7  9  5  7  8  6  9  7  9  7    7  5  8  8 11  6  7  8  8  7   
 40b   8  6  7  7  7  8  7  8  7  7    7  8  8  9  8  6  7  9  7  9    5  7  7  7  9  6  6  8  8  6    5  6  7  6  7  6  0  0  0  0   
 41a   0  0  9  9  7  7  8  8  8  8    7  5  6  6  7  8  8  8  7  9    6  7  6  9  9  7 10  9  7  9    8  8  7  6  9  7  7  8  9 11   
 41b   7  8  7 11  9  6  9  8 10  8   10  9  7  7  7  9  7  7  7  6    8  6  7  9  6  9  6  8  8  7   11  7  7  8  8  7  0  0  0  0   
 42a   0  0  6  7  7  8  7  8  5  7    7  7  7  7  7  8  7  5  7 10    8  8  8  7  7  7  7  7  8  8    6  7  7  7  7  8  8  7  7  7   
 42b   6  8  7  7 10  7  8  9 10  5    8  7  9  9  6  8  8  6 10  8    9  7  7  8 10  9  9  6  9  6    6  8  7  8  7  7  0  0  0  0   
 43a   0  0  6  8  8  7 11  6  8  5    9  8  7  8  7  7  7  7  8  8    8  7  8  7  7  8 10  6  9  8    7  7  7  7  8  7  9  7  9  9   
 43b  10  8  9  9 10  6  7  7  8  7   10  6  7  8  7  8  9  9 11  6    7  6  8  9 10  8  8  8  9  8    7  8  7  6  8  8  0  0  0  0   
 44a   0  0  6  8  7  7  8  8  8  6    7  7  5  9  8  7  6  6  6 10    6  6  8  7  9  7  6  9  7  7    7  8  9  7  6  7  7  8  6  9   
 44b   8  8  7  7  6  5  9  9  8  8    9  8  8  7  6  7  7  8  7  7    8  7  9  7  9  6  7  6  6  9   11  7  6  7  8  3  0  0  0  0   
 45a   0  0  7  7  9  7 10  8 10  9    8  8  7  7  7  6  7 10  6  7    7  9  7  8  8  8  6  7  7 10    9  8  8  9  8  8  9  7  7  6   
 45b   7  8  7 10  8  7  6  8  8  9    7 11  6  7  8  6  9  6  6  7    9  7  8  7  7  6  8  8  8  7    8  9  8  8  6  9  0  0  0  0   
 46a   0  0  8  7 10  8  7  8  7  8    7  7  7  7  6  7 10  6  5  7    8  8  5  8  8  8  6  6  7  6    9 10  9  7  7  5  8  9  8  7   
 46b   7  8  8  7  7  9  5  7  7  7   10  7  7  6  8  5  8  7  9  7    7  7 10  7  8  7  6  7  7  8    6  6  8 11  7  9  0  0  0  0   
 47a   0  0  7  7  7  7  8  8  5  7    7 11  8  7  7  8  6  7  8  6    6  6  9  8  8  8  8  7  6  9    7  8  8  9  8  9  9  6  9  7   
 47b   8  7  8  9  7  7  5  6  8 10    6  7  7  7  7  8  6  5  8  6    8  8  7  6  8  7  8  9  8 10    8  7  8  8  7 10  0  0  0  0   
 48a   0  0  7  7  8 10 12  7  7  8    9  9  6  6  6  7  7  6  8  8    7  7  6  7  7  7  8  7  7  7    7  8  7  7  8  9  9 12  7  8   
 48b   7  8  8  6  7  8  7  5  9  7    8  6  9  7  7  7  9  9  6  8    6  7  8  6 10  7  7  8  8  9    9  9  9 10  8  7  0  0  0  0   
 49a   0  0  7  8  8  8  7  7  7  7    7  8  7  7  8  7  7  7  9  8    8  7  8  8  7  8  8  7  8  8    6  7  8  6  8  7 10 11  9 12   
 49b   9  8  8  7  7  8  7  6  7  7    8  7  7  7  7  8  8  8  7  9    7  9  7  8  7  8  8  6  7  9    8 10  8  7  6  6  0  0  0  0   
 50a   0  0  7  7  9  6  8  7  6  7    6  6  8  8  8  7  7  8  8  9    7  7  8  7  7  6  8 10  7  8    8  6  7  7  9  8  7  6  6  6   
 50b  10 10  6  8  9  9  9  9  9  8    7  7  8  7  8  7  7  8  7  6    9  9  7  9  9  5  7  9  7  8    8  9  4  6  8  8  0  0  0  0   
 51a   0  0  9  7  7  7  6  9  9  7    9  8  9  6  6  6  7  5  7 10    8  7  9  8  9  6  6  7  8  6    7  6  6  6  8  8  8  9  8  8   
 51b   6  7  8  8  6  7  7  8  8  9    8  8  8  8  9  8 10  7  6  9    8  7  7  9  6  9  7  8  6  7    6  8  9  7  7  8  0  0  0  0   
 52a   0  0  7  9  8  8  9  8  6  6    6  7  7  6  8  8  7  8  6  8    7 11  7  7  8  8  8 10  8  8    8 11  6  9  6 11  8  8  8  6   
 52b   8 11  7  8  8  7  8  8  8  8    7  7  6  8  6  7 12  6  7  9    9  6  9  6  6  6  6  9  8  6    8  8 10  7  9  6  0  0  0  0   
 53a   0  0  7  8  8  8  7 10  8  9    6 10  5  8  6  6  7 11  6  7    6  6 11  7  7  8  6  9  6  8    9  8  6 10  7  5  7  7  8  8   
 53b   8  8  9  8  8  7  8  5  7  7   10  8  8  8  6  8  7  9  6  8    9  9  9  8  7 10  8 10  8  8    7  6  7  6  9  8  0  0  0  0   
 54a   0  0 10  7  8  7  8  9  7  6    7  9  7  7  6  8  8  8  8  9    5 10  8  9  9  8  9  7  7  8    8  7  8  7  6  9  7  7  8  7   
 54b   9  7  6  8  8  8  5  8  7  7    6  7  8 11  6  6  9  7  7  7    8  8  7  6  7  6  8 12  7 11    7  6  6  8  8  9  0  0  0  0   
 55a   0  0  5  7  8  9  6  6  9  7    6  8  6  8  6  5  8  6 10  6    6  9  6 10  9  6  7  6  8  8    7  8 11  8  7  7  9  7  9  9   
 55b   7  8  8  7  6  8  9  6  8  9    6  6  6  9  6  8  7  8  7  7    9 10  8  5  7  9  9  9  6  7   12  6  8  9  6  5  0  0  0  0   
 56a   0  0  7  6  7  8  8  8  8  6    8  8  8  6  8  7  8  5  9  9    8  8  7  8  7  7  9  7  8  5    7  6  7  7 10  7  9  8  9  9   
 56b   9  8  9  7  7  8  7  8  7  7    8 10  8  7  6 10  7  8  8  8    8  6  8  6  7  8  9  9  7  9    9  7  6  8  9  6  0  0  0  0   
 57a   0  0  8  7 11  7  7  7 10  7    6  6  8  8  9  6  8  9  9  7    7  7  8  9  8  8  8  7  7  8    8  6  7  7  7  6 10  6 12  9   
 57b   8  6  8  8  7  9  8  7  7  9    9  8  8  9  8  8  7  8  7  9    6  6  8 11  4  7  7  8  8 10    9  8  6  7  8  7  0  0  0  0   
 58a   0  0  9  6 11  8  7  7  6 10    9  7  7  7  8  7  6  5  4  7    5  6  7  9  7  7  8  5  7  7    8  7  9  7  6  7  9  9  7  9   
 58b   8  8  6  9  9  7  9  7  7  7    7  7  8  7  7  8  7 10  7  8    8  8  7  9  8  9  7  8  7  7    7 10  7  6  6  7  0  0  0  0   
 59a   0  0  7  8  6  7  7  7  8  5    8  7  7  7  9  7  8  6  7  7   10  8  8  8  7  7  6  8 10  7    7  9  7  6 10  9  9  8  8  8   
 59b  10  7  6  8  7  6 10  8  7  5    8  6  7  8  6  7  8  7  7  9    7  8  7  7  7  7  6  6  7  7    9  8  8  7  7  8  0  0  0  0   
 60a   0  0  7  8  8  6  7  6  5  7    6  7  8  7  6  6  7  7  7 10    7  7  8 12  9  7  8  8  8  7    8  8  8  6  6  8  7  7  8  7   
 60b   5  9  6  6  8  9  6  8 10  8    9  9  6  8  6  8  8  7  9  9    8  6  8  6  8  8  7  9  9  9    6  6  8  6  7  7  0  0  0  0   
 61a   0  0  8  6  7  7  7  7  5  9    8  8  8  7  8  5  6  7  9  8    8  6  7  8  8  7  6  6  5  7    6  8  7  9  9  7  8  8  6  7   
 61b   6  8  7  7  7  7  7  7  9  6   10  7  8  8  7  7  6  6  5  6    7  7  8  5  5  7  6  6  6 10    7  7  8  7  9  8  0  0  0  0   
 62a   0  0  8  7  5  8  7  9  7 11    8  7  8  7  8  8  6  8  7 10   11  5  6  7  8  8  8  8  6  6    7  7  8  6  9  6 10  8 10 10   
 62b   8  8  8  6  7  7  8  6 10  6    7  8  8  7  8  6  7  9 10  7    7  5  9  8  6  6  6  8  8  7    7  9  6  8  7  7  0  0  0  0   
 63a   0  0  7  7 10  8  8  7  7  6    6  7  6  7  6  7  8  8  9  7    8  8  7  6  8  7  6  7  9  8    7  8  7  9  6  9  7 10  9  8   
 63b   8  9  9  8  8  7 11  9  7  8    7  8  7  9  9 10  7  6  7  5    6 10  8  8  6  9 12  6  9 10    8  7  9  5  8  6  0  0  0  0   
 64a   0  0  8  7  8 11 10  9  5  7    9  5  7  6  8  8  7  7  8  8    6 11  7  7  7  6  7  8  8  9    6  8  9 10  8  6  7  9  8  8   
 64b  10  7  8  6  8  6  9  7  8  9   10  6  9  8  8  9  6  9  7  7    8 11  8  8  6  9  9  7  6  5    6  6  7  7  9  6  0  0  0  0   
 65a   0  0  8  8  8  7  8  7  6  6    6  8  6  7  8  9 12  9  8 10    6  8  7  8  6  8  6  8  7  8    7  9  7  9  6  7  8  7  8  7   
 65b  10  7  9  7  7  8 10  9  6  7    7  7  8  7  8  7  7  9  8  7    9  7 10  6  9  7  6 10  7  8    8  7  6  9  6  8  0  0  0  0   
 66a   0  0  6  8  7  9  6  8  6  6    7  7  6  6  7  7  7  5  8  8    7  7  9  8  6  8  6  7  7  7   10  7  8  9  7  4  9  9  6  7   
 66b  10  9 11 10  6  7  8  9 10  9    6  5  8  7  7  9  7 12  6  7    8 10  6  7  9  9  6  8  9  7    8  9  7  8  9  6  0  0  0  0   
 67a   0  0  5  7  9  8  7  5  8  8    7  8  7  6  6  6  5  8  7  6    7  8 10  6  8  6  8  6  8  8   10  7  7  8  8  7 10  8  7  8   
 67b   7 10  8  7  8  6 10  6  9  7    8  9  8  7  7  7  7  8  7  7    7  8  7  9  7  8  7  7 10  8    9  8  7  9  8  8  0  0  0  0   
 68a   0  0  6  8  7  9 10  8  8  8    5  7  8  9  7  6  5  9  9  8    8  7  8  9  7  7  7  8  5  6    6  6  6  7  6  7  9  6  7  6   
 68b   8  9  7  6  9 10  8  7  8  7    7  7 10  8  9  6  6  8  8  7    8  7  9  9  9  7  6  7  8  8    6  8  6  7  8  9  0  0  0  0   
 69a   0  0  7  8  7  9  7  7  6 10    6  7  7  4  8  6  6  7  7  8    6  8  7  7  8  7  6  8  7  7    7  8  9  8 10  7  7  8  8  9   
 69b   8  9  7 10  8  9  8  6  7  9    6  6  9  7  7  9  7  9  9  7    8 10  8  7  9  8  8  5  9  9    9  6  9  6  5  9  0  0  0  0   
 70a   0  0  7  6  9  7  9  8  7  7    7  9  7 10  8  7  7  7  8  7    8  7  7  7  9  9  9  7  7 11   11  7  7  8  7  9  8 10  7  8   
 70b   7  7 10  7  9  6  8 10  8  8    7  5  6  7  8  7  8  8  6  7    6  8 11  8  7  9  7  8  7  9    6  7  8  8  6  8  0  0  0  0   
 71a   0  0  8 10  5  7  9  7  8  6    7  6  8  7  9  7  6  6  6 11    8  7  7  8  9  7  6  7 10  9    8  6  7  6  9  9  8  7  9  8   
 71b   8  8  8  8  8  8  8  8  7  8    8  7  7  7  8 10  6  6  7 10    8  6 12  8  8  7  7  7  7  8    9  8  7  6  8  8  0  0  0  0   
 72a   0  0  8  9  8  8 10  9  8  6    6  7  7  8  6  8  8  6  6  8    7  8  8  7  8  9  7  5  7  7    7  7 10  6  8  8  8  7  5  8   
 72b   6  7  7 10  8  7  6 10 10  8    6  8 10  7  6  7  6  7  8  7    7  6  8  8  8  6  9  8  8  6    6  6  6  8  7  6  0  0  0  0   
 73a   0  0 10  7  7  9 10  7  7  9    8  6  5  5 10  8  8  7  8  8   10  7  7  7  9  8  6  7  8 10    8  9  7  8  8  9  9  7  9  8   
 73b   9  9  7  7  7  6 10  6  6  7    8  8  8  7 10  7  6  8  7  5   10  9  8  7  9  7  8  8  8  6    8  7  7  8  7  7  0  0  0  0   
 74a   0  0  7  6  9  6  8  8  7  7    7  7  6  7  6  8  7  7  8  5    6  8 10  7 10  9  8  8 11  6   10  7  6  7  8  8 11  8  7  9   
 74b   7  8  7  9  8  8 10  8  7 10    9  7  9  9  7  9  7  6 10 10    7  8  7  8  9  9  8  6  8  8    6  8  7 11  7  8  0  0  0  0   
 75a   0  0 11  7  7 10  6  8  8  9    6  6  6  6  8  7 10  7  5  7    8 10  9  8  7  8  8  7  8  7    8  8  8  9  9  7  8 11  9  7   
 75b   9  7  8  7 10 11  6  7  7  9    8  9  8  7  7  8  7  8  7 10    7  9  6  8  9  8  6  8  7  7    9  8  7  8  8  7  0  0  0  0   
 76a   0  0  7  7  8  6 10  8  9  6    7  8  7  8  5  7 10  6  9  8   10  9  9  6  8  6  8  9  6  7    7  9  9 10  8  7  7  5  6 10   
 76b   8  6  7  7  7  9  8  9 10  6    8  7  7  8  6  8  9  9  9  7    8  6  7  6  7  7  8  7  7  6    6  9  8  9  8  7  0  0  0  0   
 77a   0  0  8  7  7  6  7  9  6  6    7  7  9  7  8  8 10  6  6  7    8 11  7  9  8  6  8  6  9  6    5  8 11  8  8  7  8 10 10  7   
 77b   8  7  9  8  9  8  6  9  9  9    7  7  7  9  7  8  8  8  8  7    8  8  7  8  8  7  6  7 11  7    7  6  5  8  8  9  0  0  0  0   
 78a   0  0  9  7  7  8 11  6  6  8    6  9  8  7  7  5  7  7  7  7    6  8  7  8  6  7  8  7  6  7    9  9  8  7  9  9  7  7  9  7   
 78b   8  8  6  9  8  8  9 10  7  9    8  6  8  6  8  9  9 10  8 11    8  7  7  6  9  8  7 10  6 10    8  8  7  7  5  7  0  0  0  0   
 79a   0  0  8  9  8  8  7  7 10  9    7  8  7  6  7  6  7  8  9  8    8  8  9  7  9 10  6  7 10  9    5  7  7  6  9  6  7  7 12  9   
 79b   6  8  7  8  7  7  8  9  6  6    8  7  8  7  6  9 10  7  9  7    8  7  8 10  9  8  7  8  7  7    5  7  9  8 11  7  0  0  0  0   
 80a   0  0  9  8  6  6  8  7  8  7    7  7  9  7  8  8  8  7  4  6    9  9  6  7  7  7  9  9  8  7    7  9  8  8  5  9  5  9  8  7   
 80b   8  6  7  7  9 10  5  6  7  7    8  6  7 10  8  7  8  6  8  9    8  8  8  8  8  8  8  9  7  7   10 11  9  7  9  6  0  0  0  0   
 81a   0  0  7  9 11  5  7  8  8  8    9  7  6  8  6  6  7  7  7  7    7  6  8  7  6  6  6  7  6  7    8  8  7  9  6  9  8  6  8  7   
 81b   9  6  6  9  8  9  8  8  7  9    8  7  7 10  7  7  9  8  7  6    8  9  8  8  8  6  7  6  6  7    7  7 10  8  9  9  0  0  0  0   
 82a   0  0  6  7  6  7  9  8  8  8   10  7  6  8  6  8  7  7  6  9    7  6  7  9  6  7  8  8  7  7    8  7  8 10  8  9  7  9  9  8   
 82b   9  7  7  7  8  8  8  7  8  8    8  8  9  7  8  5  9 10  9  7    7  7  8  9  7  7  6  6  7  7    8  8  8  9  7  7  0  0  0  0   
 83a   0  0  7  7  8  8  6  8  8  8    7  8  8  6  8  7  6  7  9  9    8  7  9  8  6  8  7  8  7  8    6  9  8  9 11  9  8  7  8  8   
 83b   8  8  7  6 11  8  8  9  5  9    7  9  7  9  8  8  8  8  7  9    9  7  7  6  7  6  9  7  8  5    9 10  7  7  7  7  0  0  0  0   
 84a   0  0  5  7  7  6  7  8  8  6    7  6  6  9  8  8  8 10  9  7    7  9  8  9  6  8  7 11 10  9    8  7  8  8  8  8  8  6  7  7   
 84b   9  8  9  9  8  6  7  7  8 11    8  8  5  8 13  8  6  7  8  7    7  8  8  7  8  7  7  7  9  7    9  7  7  8  9  5  0  0  0  0   
 85a   0  0  8  6  7  5  8  9  7  8    7  8  8  7  7  9  6  7  6  7    7  7  7  7 10  8  7  6 10  7    7  7  7  8  5  6  5  6  6 10   
 85b   9  6  8  7 10 10  8  9  6  9   10  8  8  8  7  8  8  7  9  5    7  9  9  9  6  8  6  9  6  9    8  8  7  7  8  7  0  0  0  0   
 86a   0  0 10 10  7  7  8  6  8  7    9  8  7  7  5  7  8  9  8  9    7  8  7  7  8  8  7  6  7  8    8  8  9 10  9  8  8  8  7  6   
 86b   8  8  8 11  8  6  7  9  6  6    7  9  7  7  6  8  7  8  9  7    7  6  7  8  9  8  6 10  9  7    8  8  6  7  8  8  0  0  0  0   
 87a   0  0  8  5 10 10  5  8  8  8    7  7  7  8  5  8  8  6  6  9    6  7  7  8  6  8  9  8  9  7    8  7  7  6  9  8  7  7  8  7   
 87b   6  6  7  8  9  9 10  9  9 10    8  5  7  6  9  6  6  6  9  9   11  7  9 10  7  6  7  9  8 11    6  7  9  6  8  8  0  0  0  0   
 88a   0  0  7  7  8  8  8  8  6  8    8  6  6  8  6  8  8  7 11  7    8  5  9 11  8  7  8  8  7  7    7  8  9  7  9  8 10  8  7  7   
 88b   8 10 10  6 10 10  9 10  7  7    7  8  5  7 10  8  9  8  8  8    8 10  6 10  5  7  6  9  8  7    8  8  9  6  8  6  0  0  0  0   
 89a   0  0  8  6  6  6  7  9  7  9    8  8  7  6  9  7  7  7  8  7    5  7  7  8  7  7  5  8  7  8    5  7  7 10  8  8  7  9  8  8   
 89b  10 11  8  8  8 12 10  7  6 11    9  8  8  8  7  8  7  6  6  6    7  8 10 10  9  8  6 11  9  8    7  6  9  7  8  8  0  0  0  0   
 90a   0  0  6  6  9  8  8  7 10  8    8  6  6  7  7  7  8  4  9  8    9  6  6 10  9  8  8  6 10  7    8  6  7  7  7  8 10  6  9  8   
 90b   6 10 10  6  8  7  6  6  7 11    9  7  7  7  9  7  8  9  7  9    9  7 10  9  8  9  6  7  6  7    7  9  7  7  6  6  0  0  0  0   
 91a   0  0  8  8  8  5  8  8  7  8    7  7  6  5  6  7  6 11  7  7    6  8  6  5  7  8  6  9  7 11    6  7  8  8  8  6 10  8 10 12   
 91b   8  7  7  8  9 10  7  7  7  8    8  7  8  6  8  8  7  7  9  7    6  6  6  8  7  9  7  6  8  7    8  7  7  9  7  6  0  0  0  0   
 92a   0  0 10 10  8  6  5  9  7  7    8  6  8  6  8  8  7 10  6  7    8  6  8  7  6  7  9  6  7  7    5  7  7  9  7  7 10  9  8  8   
 92b   7  9  9  6  7  7  8  6  7 10    7  8 11  6  8 10  7  7 10  7    7  7  8  7  7  8  9  6  9  8    8  7  7  9  6  8  0  0  0  0   
 93a   0  0  7  6  9  9  7  8  7  6    6  8  9  8  7  9  7  6  8  6    6  6  7  9  8  6  7  8  8 10    9  8  9  7  7 10  7  8  7  8   
 93b  10  8  7  6  7  6  9  8  7  9    6  9  7  9  6  7  8  8 11  7    7  8  9  8 10  5  8  8  9 10    6  8  8  7  6  8  0  0  0  0   
 94a   0  0  6  9  8  7  9  8  8  8    8  8  6  6  7  7  7  6  6  6    6  7  6  6  7  7  9  8  8  8    6  8  9  7  8  7  6 10  9  9   
 94b   7  5  8  7  8  9  7  7 10  9    7  9  7  9  9  8  8  8 10  8    8  7  7  7  8  8  8 10  7  7    7  8  8  7  7  9  0  0  0  0   
 95a   0  0  6  7  8  8 10  7  7  7    9  5  5  8  8  7  6  6  9  6    9  9  7  7  7 10  7  9  6  8   10  8  7  8  6  8  6  8  8  8   
 95b   8  9  8  8  7  8 14  7 10  7    7  8  7  7  9  6  8  7  8  9    9 10  6  9  7  6  7  5  7  7    6  8  6  9  8  9  0  0  0  0   
 96a   0  0  6  6  9  8  7  8  7  8    6  8  6  8  5  8  7  8  7  7    6  8  6  9  7  8  8  6  8  8    7  7  7  6  8  9  8  6  6  9   
 96b   7  7  9  5  8  6  9  9  6  8    8  8  5  6  9  8  9 10  7  8    8  8  6  7  8  8  7  6  8  7    7  7  7  8  7  6  0  0  0  0   
 97a   0  0  8  8  9  7  7  7  6  8    7  6  7  7  7  8  8  6  9  8    8  5  7  9  7  9 10  9  6  9    7 12  8  8  8  7  8  7  7  8   
 97b   7  9  8  7  8  9  9  5  9  6    7  7  7  6  8  9  8  7  8  8    9 11  5  6  7  7 10  5  7  7    8  9  5  6  8  9  0  0  0  0   
 98a   0  0  8  9  7  8  8  7  8  7    8  9  5  6  8  6  7  9  8 10    8  8  5  7 10  7  9  9  8  7    8  7  8  9  8  9  9  7  8  8   
 98b   8  8  8  7  7  7  8  9  8  8    9  7  7  8 11  8  7  6 10  7    7  8  9  7  6  7  7  7  9  7    7  9  9  8  7  7  0  0  0  0   
 99a   0  0  5  7  7  6  6  6  9  6    8  9  7  9  8  6  7  9  8  7    9  9  8 11 10  7  7  8  7  6    7  8  8  7  7  7  7  9  7 10   
 99b   8  8  9  8 12  8  6  7  5  7    8  8  7  6  7 10  6  7  7  7    8  7  8  7 10  9  9  9  5  9    8  8 10  6  7  7  0  0  0  0   
100a   0  0  8  9  9  6  9  6  9  8   10  6  8  7  7  8  6  6  9  8    7  6  8  8  7  7  8  7  8 10    7  8  9  7  7  9  8  7  8 10   
100b   6  8  8 11  8  9  6  8  9  8    7  7  7  8  7  7  6  8  7  8    8  6  7  7  8  6  6  8  7  8    9  7  8  9  9  7  0  0  0  0   
101a   0  0  8  7  7 10  8  9  8  9    7  8  9  6  6  7 10  9  7  9    9  6  8  9  7  9  6  8  8  7    7 10  7  8  6  6  8  9  9  7   
101b   7  8  8 10  6  8  8  8  7  7    9  8  8  9  7  8  9  6  7  7    8  7  7  7  6  9  6  9  7  7    8  6  7  7  6  7  0  0  0  0   
102a   0  0  7  7  8  6  8  9  7  7    7  5  8  7  6  6  8  9  8  8    8  8  9  7  8  6 10  8  8  8    6  8  5  5  7  7  9  8  8  7   
102b   7  8  8  7  6  7 10  8  7  6    5  8  8  8 10  8  9  8  8  6    6  7  9  9  9  7  7  9  7  8    8  9  7  7  8  5  0  0  0  0   
103a   0  0  7  8  8  8  8  9  8  6    8  8  7  6  7  9  8 12  5  8    7  9  9  7  8  8  9  8  8  7    9  8  9  7 10  8  8  8  7  7   
103b   6  8 11  7 10  9  9  9  8  6    9  6  7 11  8  8  6 10  6  8    6  9  8  7  7  7  9  6  7  7    9  7  9  7  7  9  0  0  0  0   
104a   0  0  8  7  9  9  9  9  7  8    6  8  7  7  9  6  8  7 10  8    8  8  8  7  5  7  7  6  8 11    7  6  7  6  6  7  8  7  7  8   
104b   9  8  8  9  9  9  7  7  7  8    7 10  8  9  7  8  7  8  9  8    5  6  8  6  8  9  6  6  9  8    8  7  7  6  8  8  0  0  0  0   
105a   0  0  7  8  7  6  7  6  9  6    6  7  8  8  8  8  8  8  7  9    6  8  7  8  7  8  9  7  9  7    5  9  9  8  6  7  9  9 10  6   
105b   9  7  8 10  7  8  8  7  6  8    8  7  8  8  8  6  6  9  8 10    9  6  7  9  6  6  7  7  8  7   11  7  8  7 10  7  0  0  0  0   
106a   0  0  7  7  7  7  8  6  7  7    9  8  8  7 10 10  6  7  7  7    7 10 10  6  8 11  7  9 10  8    7  7  6  7  8  8  6  8  7  7   
106b   8  7 11  9  9  8  7 11  8  9    9  8  7  9  8  7  8  6  7  7    7  6  8  6  7  6  9 10  8  7    8  7 10  8  8  7  0  0  0  0   
107a   0  0  9  7  7  7  7  5  8  6    8  6  8  5  7  8  8  9  7  6    7  7  9  6  7  7  7  8  8  6    7  8  9  7  7  6  7  7  8  6   
107b   6  6  8  7 10 10  8  8  8  7    9  9  6  6  7  8  7  8  7  7    9  8  9  9  8  9  6  6  8  6    7  9  7  7  9 10  0  0  0  0   
108a   0  0  8  9  7  7  7  7  8  7    8  9  7  7  8  7  7  7  6  6    9  7  7  8  9  7  7  8  6  7    8  8  9  8  7  6  7  7  9  6   
108b   7  9  8  8  8  7  8  8  6  6    8  9  6  9  7  6  7  7  7  8    8  7  9  7  8  7  9  6  7  7    6 10  9  8  6  8  0  0  0  0   
109a   0  0  8  6  7  7  7  8  9  9    8  7  6  8  6  8  8  7  7  9    9 10  8 10  6  8  6  8  8  6    6  7  6  6  7  8  7  7  7  7   
109b   7  8 12  8  8 10  8  9  6  7    6  7  8  9  7  7  8  6  7  9    6  7  8  8  6  8  9  7  7  8    8  6  9  8  9  6  0  0  0  0   
110a   0  0  6 10  7  7  9  7  7  8    7  7  7  8  7  7  7  6  7  6    9  9  6  9  7  8  6  9  7  7    7  8 11  7  7  8  9  8  8  8   
110b   8  9  9  8  9  9  9  9 10  7   10  6  7  8  8  6  8  7  7  8    6  8  6 11  7  7  9  8 11  8    7  8  6  8  7  9  0  0  0  0   
111a   0  0  5  8  7  9  8  5  6  7    6  9  9  8  6  7  9  8  6  8    8  7  6  9  7  6  6  6  6  9    7  8  8  9  8  8  9 10  7  7   
111b   7  8  9  8  5  6  8  7  9  8    7  9  7 10  6  9  8  6  5  7    8  5  8  8  8 11  7  8 10  8    8  7  8  7  6  6  0  0  0  0   
112a   0  0  8  7 10  8  8  4 11  6    8  9  7  9  6  7  8  8  8  7    7  5  7  7 11  7  6  7  9 10    7  6 11  8  8  8  7  7  7  9   
112b   9  9  9  8 10  7  8  7  8  7    9  8  7  8  9  7 10  7  6  8    7 12  8 11  6  5  7  7  8  9    7  8  7  8  7  7  0  0  0  0   
113a   0  0  8  7 10  7  7  7  6  7    8 10  6  7  8  6  8  8  8  5    9  9  8  7  6  7  6  7  7  7    8  6  8  7 10  7  7  9  7  7   
113b   8  8  6  8 10  9  7  9  6  8    7  8  7  6  9  8  8 10  6  7   10  8  6  6  9  9  7  6  7  7    5 10  7  7  8  7  0  0  0  0   
114a   0  0  8  7  8  6  8  8  7  7    8  6  8  7  7  5 10  7  8  7    9  6  7  8  8  9  9 10  9 11    8  9  7  7  7  7  9  6  8  5   
114b   9  9  9  6  7  8  9 10  6  8    8  8  8  8  9  7  7  8  8  8    6  7  5  9  8  7  5  6  7  8    9  7 11  8  9  6  0  0  0  0   
115a   0  0  9  8  8  7 10  8  8  7    8  7  6  8  5  7  9  9  8  5    7  7  8  7  8  7  6  9  9  8    9  8  8  7  5  7  8  7  9  6   
115b  10  6  8  8  6  8  8  6  8  6    7  7  9  6  7  7  8  8  8  7    9  8  7  9  7  7  8  8  9  9    8  7  7  6  7  7  0  0  0  0   
116a   0  0  9  8  8  9  7  6  8  8    6  7  8  7  6  7  7 10  9  8    7  6  9  9 10  6  7  8  6  8    9  8  9  7  6  6  8  9  6  6   
116b   6  8 10 10 10  7  9 10  9  9    8  8  6  9  6  6  6  6  7  8    7  6  8  7  6 10  6  7  7  7    6  6  8  7  8  6  0  0  0  0   
117a   0  0  8  7  6  6  6  8  6  7    7 11  9  9  7  8  7  6  6  7    7  8  7  7  6  7  7  7  5  6    6  7  8 11  7  8  9  6  8  9   
117b   7  8  7 10  6  7  7  8  8  8    6  9 10 11  7  7  8  8  7  7    9  7 11  8  6  9  9  7  8  7    9  7  8  6  8  8  0  0  0  0   
118a   0  0  9  7  7  8  8  6  6  7    7  8  7  8  7  8  8  7  8  7    6  9  6 10  6  8 11  9  7  6    6  6  9  7  8  6  8  8  9  9   
118b   7  7  8  7 11  7  9  8  8  5    8  7  9  7  9  8  8  9  8  6    8  6  8  8  8 10  7  7  8  8    9  7  7  9  7  8  0  0  0  0   
119a   0  0  8  7  9  6  8  6  7  7    7 10 10  6  9  8  8  8  9  9    5  8  4  6  8  5  8  6  7  8    5  8  8  9  7 10  9  7  8  6   
119b   6  6  7  8 11  9  7  8  8  9    6  7  6  6  7  7  9  9  7  6    6  7  7  5  8  8  7 10  6  7    8  8  8  7  8  6  0  0  0  0   
120a   0  0  7  8  7  7 10  7  7  9    6  8  6  7  6  8  8 11  9  7    6  8  8  6 10  7  7  9  8  8    6  6  7  6  7  8  8  9  6 10   
120b   8  8  7  8  8  8  7  7  8  8    9  6  7  8  8  6  7  7 10  7    6  8  9  9  7  8  7  8  8 10    5  8 10  7  8  8  0  0  0  0   
121a   0  0  7  9  8  7  8  7  9  7    8  6 11  8  9  9  7  7  9  6    6  9  6  9  8  8  9  8  9  7    9  7  6  8  7 10  8  9  8  7   
121b   7  8  7  9 10  7 12  8  9  8    8  6  7  7 10  8  6  9  9  8    8  9  5 10  6  8  8  9  6  9    8  9  8  8  5  6  0  0  0  0   
122a   0  0  7 11  7  7  8  7  7  6    7  8 10  6  8  9  6  9  6  8    8  8  7  8  8  8  8  8  8  7    7  8 10  8  7  7  7  7  7  8   
122b  11 10  8  7  7  8 10  5  5  8    7  6  7  7  8  9  7  8  8  8    7  6 11  7 12 10  8  8  7  9   13  8  8  9  6  8  0  0  0  0   
123a   0  0  7  6 10  7  7  9  8  8    7  8  7  6  8  7  5  6  6  8   10  8  6  7  7 10  6  8 12  7    6  7  7  7  7  8  7  7 10 10   
123b   9  9  8 10  6 10  7  7  8  7    9  7  7  6 10  7  8  8  9  8    8  8  7 10  7  9  8  8  6  8   10  8  8  9 10  8  0  0  0  0   
124a   0  0  8  7 10  8  6  8  8  8    6  9  7  9  8  9  9  7  8  9    6  6  7  7  7 10  7  7  8  7    9  6  7  8  8  7  8  9 10  8   
124b   8  6  7  6  8  7  8  7  8  8    8  8  6  7  8  7  6  9  9  8    9  7 10  8  7 10  7  8  8  8    9  7  9  9  8  8  0  0  0  0   
125a   0  0  8  6  6  6 10  8  7  7    8 10  7  6  7  7  8  7  9  8    7 10  6  8  6  8  8  7  7  6    7  8  8  7  8  9  9  8 10  8   
125b   8  9  8  9  9  7  7 10  6  7    9  7  7  7  8  7  8  9  5 10    5  9  9  9  7  7  9  8  9  8    6  8  7  6  8  8  0  0  0  0   
126a   0  0  8  6  7  8  9  6  7  7    5  7  9  7  9  8  7  9  7  8    8  9  8  9  6  8  7  8  6  9    8  8  7  8  7  8  9  6  6  9   
126b   7  8 13  7 10  6 10  8 12 10    8 12 10  8  8  8 10  8  9  8    6  8  8  9  7 10  9  7  9  7    8  6  7  8  6  9  0  0  0  0   
127a   0  0  6  8  7  7  8  9  7  7   10  7  7  6  8  7  6  6 10  7    6  8  8  8  7  6  6  7  6  6    8  8  7  6  8  7  8  9  8  9   
127b   6 11  8  8  6  8  8  6  9 10    8  8  8  9  8  6  8  6 10  6    8  6  7  9  8  8  6  7  6  8    7  9 10  6  7  8  0  0  0  0   
128a   0  0  8  7  6 13  8  5  8  9    9  9  7  6  9  7  7  8  8  8    9  7  9  6  6  8  7  8  7  9    7  9  9  8  9  8  7  6  7  6   
128b   8  9  8 10  7  9  7  8  8  6    8  8  7  9  6  7  9  7  8  7    6  6  8  8  8  8  7 10  8  7    8  6  9  9 10  6  0  0  0  0   
129a   0  0  7  9  7  6  9  6  7  9    8  9  7  7  8  8  7  8  8  9    9  7  6  7  8  7  8  6  7  8    9  8  7  7  8  8  6  8  8 10   
129b   7  8  8  8  8  8  8  7  8  6    8 10  7  8  9  8  9  8  8  8    9  7  8  7  8 10  6  7 10  8    9  7 10  8  9  8  0  0  0  0   
130a   0  0  8  7  7  7  7  8  9  8    6  8  8 10  8  7  7  8  7  7    8  8  8  8  8 10  9  8  7  7   10  8  7  7  9  8  8  8 10  6   
130b   9  7 11  8  8  7  8  8  6  7    7  7  8  7  7 10 10 11  7  8    9  7  7  9  8  9  5  8  7  7    7  6  9  6  6 10  0  0  0  0   
131a   0  0  5  7  9  7  6  8  8  7    8  8  8  7  6  8  8  8  7  8    9  6  9  7  6  7  6  7  8  8    5  7  8  7  7  8  7  9  7  8   
131b   8  8  6  8  9  8  7  9  8  9    8  6  7  6  7  8  8  9  7  6    9  6  8  6  8  7  9  8  7  6    8  9  8  7  7  7  0  0  0  0   
132a   0  0  6 10  7  8  5  6  6  8    8  6  7  9  9  7  8  9  9  7    8  6  7 10  5  8  9  7  8  6   10  7 13  7  7  7  9  6 11  7   
132b   9  8  8  8  7  8  7  7  7  9    9  7  7  7  6  8  8  8  6 10    8 10  7 10  6  7  9  8  8  8   11  9  9  8  8  9  0  0  0  0   
133a   0  0  6  7  6  6  7  8  8  6    8  9  6  5  9  7  7  6  8  8    8  7  8  9  6  6  7  7  8  6    7  8  7  9  9  7  5  7  9  8   
133b   9  8  8  8  7  7  9  9  7  9    9  5  7  9  9  7  8  5  7  6    6  9  9  7  6  8  8  6  6  8    9  9 10  7  7  9  0  0  0  0   
134a   0  0 10  8  9  6  8  7  7  8    9 10  6  8  9  7  6  7  9  8    7  7  7  8  6  8  8  6  9  7    7  7  5 11  8  8  8  8 10  5   
134b   8 10  9  8  7  6  8  7  6  9    8  7  5 10  7  7 10  6  9  9    9  6 11  6  7  9  9  6 10  6    7  6 10  7  8  7  0  0  0  0   
135a   0  0  7  6  9  9  7  6  7  6    7  8  7  7  7  8  8  9  5  7    8  7  7  7  8  9  8  8  7  9    8  8  8  7  8  8  6  8  8  8   
135b   6  6 10  9  9  8  8  9  9  8    8  8  7  6  8  8 10  9  7  5   11  8 11  8  8  6  8  8  9  9    7  8  9  6  8  6  0  0  0  0   
136a   0  0  7 10  8  8  6  8  8  7    7  8  6  8  7  6  6  7  8  6    8  9 10  8  6  6  7  8 11  8    8  5  9  7  7  7 10 10  8 13   
136b   9  7  9  8  8  8  8 10  7  9    7  8  9  8  8  9  9  8  6  7    7  8  7  8 10  8  8  8  6  7    6  8  7  7  9  7  0  0  0  0   
137a   0  0  8  8  7  9  6  8  8  5    7  9  7  9  8  9  7  9  8  7    8  6  9  6  8  6  9  7  7  7    7  9  6  6  8  6  7  8  6  7   
137b   8  8  8  8  7  8  7 11  9  9    9  9 10  9  8  5  7  6  6  9    9  8  6  9 10  9  7  7  8 11    5  8  9  8  5  7  0  0  0  0   
138a   0  0  8  7  9  8  7  7  8 10    7  7  7  8 10  8  7  7  9  7    7  6  7  9  9  7  7  9 10  6    6  7  8  9  8  7 13  8  8  8   
138b   8 10  8  7  7  6  8  7  6  9   10  7  7  9  8  9  9 10  7  7    9  9  8  8  8  9 10  8 10  6    6  9  7  7  7  9  0  0  0  0   
139a   0  0  8  9  9  9  7  8  6  9    6  7  9  9  7  9  7  7  8  6    7  7  9  7  7  6  9  7  8 10    9  8  6  8  6 10  7  9  8  7   
139b   9  8  7  9  9  8  7  9  8  7    6  6  9  7  6  9  6  9  8 11    7  7  8  8  8  5  7  6  7  9    9  6  6  5  8  8  0  0  0  0   
140a   0  0  9  6  8  6  6  7  5  5    8  7  6  8  6  6  9  9  8  7    7 10  8  6  7  8  7  8  7  7    7  9  7 10 10  8  7  8  7 10   
140b   6  7  8  9  9 10  7  8  9  8   11  7  7  8  6  9  8  8  8  9    7  9  8  7  9  8  5  8  8  6    8  8  6  7  8 10  0  0  0  0   
141a   0  0  7  6  8  8  6  8  7  7    8  7 11  6  9  6  8  7  9  7    8 10  7  8  9  8  7 10  8  7    8  8  5  8  9  8  9  7  7  8   
141b   7 10  9  8  7  7  7  9  7  7    9  7  8 10  7 10  7 10  7  8    6  7  9  9  8  8  9  8  7  6    8  9  8 10  7 10  0  0  0  0   
142a   0  0  7  7 10  8  9  8  8  8    7  7  8  6  7  6 10  6  8  8    9  7  8  7  4  6  7  9  7  6    7  6  7 10  7  8  8  8  7 10   
142b   8  8  7  8  9  6  8  8  5  8    6  8  7  8  8  8  9  8  8  7    9  7  6  7  9  6  8  9  9  9    7  8  8  6  7  7  0  0  0  0   
143a   0  0  8  6  9 10  9  6  8  8    6  7 10  7  9  8  6  7  8  7    8  7  8  6 10  6  8  6  8  8    7  8  7  8 10  6  8  8  7  6   
143b   9  8  7 11  8  6  7  8 10  7    9  6  8  9  8  6  8  8  7  7    7  8  7 10  6  8  7  6  7  7    7  9  9  6  9  7  0  0  0  0   
144a   0  0  8  5  7  9  7  9  7  7    8  6  8  9  7  9  8  8  7  8   13 11  8  7  9  8  9  9  7  7    8 13  9  9 11  6  7  7  7  8   
144b  12  9  7  7  6  6  8  6  6  7    8  9  9  8  9  7  9 10  8  9    6  9  5  9  9  7  8  9  9  8    6  7  7  9  7  7  0  0  0  0   
145a   0  0  8  6  8  7  8  9  8  6    6  6  7  8 10  8  8  8  7  6    7  9  5  8  8  6  7 10  7  9    7  9  9  8 10  8  8  6  8  9   
145b  10  8  6  8  7  7  7  6  8  8    7  8  7  8  6  7 11 10  8  7    8  7  7  8  8  8  9  7  6  9    5  7  9  8  6  8  0  0  0  0   
146a   0  0  8  7  4  6  7  7  9  7    7  7  6  6  8  6  6  9  7  6    9  7  6  7  7  8  7  7  9  5    7  7  8  9 10  9  7  9  9  8   
146b   8  8  8  8  8  7  8  7  8  9    8  7 10 10  8  6  8  7  8  9    8  8  9  8  6  7  8 12  5  7    8 11  7  8  8  8  0  0  0  0   
147a   0  0  8  7 10  7  8  8  6  8   11  7  9  8  8  9  9  6  5  8    7  9  8  6  9  8  9  7  9  9    8  6  9  8  7  8  9  6  8 10   
147b   7  9  7  7 10  8  8  7  8 10    9  8  7  9  8  6  6  9  8  8    8 12  9  8  8  8  8  7  7 11    8  5  8  6  7  8  0  0  0  0   
148a   0  0  7  6  8  7  8 10  7  8    7  9  7  7 10  7  6  9 10  8    8  8  8 10  7  7  8  9  7  8    7  8  8  6  7 10  6  8  8  9   
148b   8  9  9 10  9  7  7  7  8  7    9  8  9  8  8  8  8  9  8  6    7  7 10  7  9  5 10  9  9 10    8  8  9  8  7  7  0  0  0  0   
149a   0  0  7  8  7 11  9  5  7  8   10  9  8  8  8  7  7  7  8  6    9  8  8  9  8  9  6  7  9  7    7  7  7  9  8  9  6  9  9 10   
149b  10  8  8  7 10  8  8  8  9  8    7  9  6  6  9  8  6  7  7  6    6  9  7 10 10  8  6  7  8 10    6  6  8  8  8  6  0  0  0  0   
150a   0  0  6  8  6  8  5  7  8  7    6  8  7  6  8  4  7  6  6  9   10  9  7  7  9  8  8  8  9  6    7  8  7  7  8  8 10  7  9  7   
150b   7  7  7  7  9  9  7  8  7  7    6  6  8  8  9  8  8  7  8  6    9  7  7  7  9  8  7  9  9  8    9  8  5  8  8  9  0  0  0  0   
151a   0  0  7  6  7  8  7  8  9  8    7  8  8  7  7  8  6  8 11  8    6  9 10 10  7  9  6  7  7  8    6  7  9  8 10  9  9  8  8  6   
151b   7  8 10  9  7  8  8  8  9  8    8  8 10  7  9  8  5  7  6  7    9  7  9  7 10  8  6  8  7  7    8  6  8  7  7  7  0  0  0  0   
152a   0  0  6  7 12  8  7  7  5  7    7  7 10  8  7  6  9  6  8  7    9  7  7  7  8  8  9  8  9  7    6  9  8  6  8  9 12  7  9  7   
152b   8  9 10  5  9  6 10  7  8  7    8  9  7  7  6  8  7  8  8  8    7  7 10  7  6 14  7  8  7  7    7  8  7  6  8  8  0  0  0  0   
153a   0  0  9  9  6  9  7  8 11  8    7  6  6  8  9  7  6  8  7  9    5  8  6  8  9  7  8  0  9  8    9  7  8 12  8  7  8 13  9 11   
153b   8  8  8 11 10  7  8 10  7  8    7  9  9  8 10  7  8 10  6  7    8  7  9 12  7  9  5  8  7  7   11  9 10  6  7  5  0  0  0  0   
154a   0  0  8  7  7  9  6  6  7  8    8  6  6  6 11  7  8  9 11  7    7  9  9  8  8  7  7  9  6  9    8  7  8  7 10  9  7  6  7  9   
154b   7  9  7  7  7  7  8  8  9  8    8  7  7  7 11  9  5  6  7  6   11  6 10 11  8  6  7  8  7  6    8  7  8  7  9  9  0  0  0  0   
155a   0  0  8  9  7  7  9  7  8  7    6  8  7  7  6  6  9  7  5  7   10  8 10  8  7  9 11 10  9  7    8  9 11  7  8 10  8  7  7  9   
155b   7  7  8  7  8  6  7  8  8  7    7  8  9  8  9  9  7  8  6  5    7  7  8  6  8 10  8  9 11  6    8  6  7  7  7  9  0  0  0  0   
156a   0  0  5  7  8  9  7  8  8  7    8  7  6  6  9  8  5  9  7  6    6 10  7  7  8  6  7  8 10  8    7  9 10  8  7  6  6  8  7 12   
156b   9  7  8  7  8  9 10  9  7 10    7  6  8  9  6  9  9  6  6  8    8 10  9  6 10  9  9  8  6  7    6  9  7  8  7 10  0  0  0  0   
157a   0  0 10  8  9  8  9  8  8  8    7  7  7  6  8  9  9  9  6  7    7  9  9  7  9  8  8  8  8  6   10  7  7  8  8  6  8  6  7  7   
157b   9 10  8  8  7  6  7  6  7  8    6  6  7  9  9  7  7  7  8  8    7  8  6  8  8 10  5  6  8  8    6  8  6  7  8  5  0  0  0  0   
158a   0  0  9  7  9  8  7  7  4  6    7 10  7  7  7  7  7 10  6  7    9  6  9  8  6  7  8  9  6  7    7  7  8  9 11  7  8  7  8  7   
158b   9  7  8  8  7  8 10  8  7  9    7  6  9  7  9  8  8  7  8  7    7  9  8  6 10  7 11  7  7  9    8  6  9  8  8  8  0  0  0  0   
159a   0  0  5  7  7 10  8  7  7  7    6  6  8  7  9  7  5  9  8  8    8  8  8  8  8  8  8  7  9  8    6  9  8 11  7  9  8  8 10  8   
159b   7  9  8  9  9 12  9  9 10  7   10  7  9  7 10  7  8  9  7  8    9  9  8  7  6  8  8 11  9  9    7  7  7  7  8  7  0  0  0  0   
160a   0  0  7  8  6 10  9  7  7  9    8  6 10  7  8  8  7  6  7  6    7  7  8  8  7  8  9  8  8  7    9  7  7  9  8  7  7  8  8  8   
160b   9 10  8  7  7  7  8 11  7  8    8  8  7  6 10  8  9  8  8  9    8  8  7  6  8 10  9 10  8  8    8  7  7  7  9  8  0  0  0  0   
161a   0  0  8  6  8  6  7  8  7  7    7  7  8  8  7  7  9  6  6  6    8  9  6  7  6  7  8  9 10  8    8  8  8  7  9  9  6  8  7  9   
161b   8  7  8  9  7  6  7  6  9  8    9  9  8  8  8  8  9  7  7  9   10  7  9  8 11  9  8  7  8  9    6  7  9  9  6  7  0  0  0  0   
162a   0  0  6  8  7  8  6  7  6 11    6  7  7  5  9  8 10  8  7  8    8  8 10  9  8  7  8  6  7  8    8  9  9  8  6  7  7  9  9 10   
162b   8  8  9  8  9  7  6  8  8  9   10  8  9  9 11  8  9  7  8 10   11  6  7  8 10  8  9  6  8  9   10  6  8  7 11  8  0  0  0  0   
163a   0  0  6  9  7  9  8  8  9  7    7  7  7  7  8  7  7  8  7  7    8  9  8  7  9  8  7  8  6  8    9  8  8  8  6  6  7  7  9  7   
163b   8  7  8  7  9  8  8  6  9  9    6  7  8  9  8  6  9  8  6  7    7  9  9  8  9  8  6  8  8  7    7  9  7  8  8  7  0  0  0  0   
164a   0  0  8  7  7  7  9  8  5  7    7  7  7  8  8  7  8  8  7  9    7  9  7  7  8  7  6  8  8  9    9  7  8  7  9  9 10 10  8  8   
164b   7  9  6 10  8 12  8  8  8  7    9  7  9  7  6  6  6  7  8  8    7  7 10  8  7 11  9  6  9 11    9  9  8  8  7  8  0  0  0  0   
165a   0  0  7  7  7  8  8  7  7  6    8  8  9  7  8  8  8  7  7  6    6  9  6  9 10  9  7  9  6  9    9  5  8  8  7  7  9  9  9  8   
165b   7  6  8  7  9  8  8  8  6  8    7 10  7 10 10  7  7 10  6 11    8  9  7  7  6 10  7  8  6  7    7  7 11  6  7  7  0  0  0  0   
166a   0  0  6  7 10  9  7  9  8  8    7  7  6  7  7  9  8  6  8  7    8  7  7  8  9  6  8  8 10  8    7  7  7  9  8  8  6  7  7  8   
166b  10  8  7  6 10  8  7 10  6  6    8  9  7  8  7  7  7  6  9  9    7  8  7  7  7 10  8  9  8 10    8  8  9  8  5  9  0  0  0  0   
167a   0  0  8  7  8  8  8  8  7 10    9 10  6  4  9  9  6  8  5  6    6  6  8  8  9  7  8  8  7  8    7  8  6  9  8  8  8  8  7  7   
167b   9  7  8  6  8  8  8 10  9  8    8  8  9  7  7  7  5  6  6  9    7  7  9  9  6  7  9 10  8  8    9 11  7  7  8  7  0  0  0  0   
168a   0  0  8  8  8  6  9  6  6  7    7  6  6  4  8  8  7  9  6  8    7  8  8  9  6 10  8  8 11  9    6  8  9  8  6  8  6  7  8  9   
168b   8  8  9  8  9  6  7  8  7  7    8  7  7  9  7  8  8  8 10  7    9  7  8  8  9  8  9  7  8  7    7 10  7  7  8  8  0  0  0  0   
169a   0  0  8  8  6  8  6  7  8  6    7  6  7  6  7  7  7  7  6  8    8  9  8  6  7  8  6  8  6  9    6  5  8  8  9  8  7  8  7  8   
169b  11  7 11  9  9  7 10  8  7  7    7  6  7  6 10  7  8  8  8 10    8 10  7  7  5  7  7 11  7  8    7  9  7  9  8  8  0  0  0  0   
170a   0  0  6  8  6  8  6  7  9  8    8  8  5  7  9  6  8  8  8  8    5  7  6  7  9  9  8  9  9  8    7  8  9  7  7  8  6 11 14  8   
170b  10  7  8  8  8  6  8  7  8  9    9  9 11  6  7  7  9  7  6  9   10  8  7  9  8  9  9 10  8  7    7  6 10  7  9  7  0  0  0  0   
171a   0  0  9  7  8  7  7  8  5  9    5  7  8  7  7  6  7  7  7  8    8  6  9  9  8  6  9  7  7  8    9 10  8 12  7  7 10  7 10  8   
171b   9  8 10  9  7  9  7  7  9  7    8  8  9  8  8  7 11  8  6  8    9  7  7  7  7  6  7  8  8 12    8  7  7 11  9  8  0  0  0  0   
172a   0  0  6  6  8  7  8  7  6  8    9 10  7  6  8  6 10  8  8  8    8  7  7  7  8  8  7  8  7  7    8  8  6  7  8  7  7 11  9  8   
172b   9  8  9  9  7  8  8  5  8  9    7  8  9  9  7  8 11  7  7  6    9  8  6  6  7  8  6 12  8  8    9 10  6  8  7  5  0  0  0  0   
173a   0  0  7  6  8  7  7  9  8 10    6  9  6  8  7  8  8  9  8  8    8  6  8  6  9  9  7  7  9  8    9  6  7  7  7  9  7  8  8  8   
173b  10 10  7 10  8  7  7  8  9  8   11  6 10  9  7  8  7 11  9  8    9  8  5  8  9  8  9  8  8  8    9  7  7  8 10  6  0  0  0  0   
174a   0  0  7  7  8  8  6  9  6  6    7  8  8  9  6  8  9  7  7  7    6  8  9  6  6  7  7  9  9 11   10  8 10  9  8  7 10  8  9  7   
174b   7 10 10  7  7  6  8  8  9  8    9  9  8  8  8  7  7  8  7  8    8  8  8  9  6  5  7  6  7  6    8  8  9 11  6  9  0  0  0  0   
175a   0  0  8  7  7  7 10  9  7  9    6  8  7  6  7  8  8  7  9 10   10  7  6  6  8  6  8  8  8  9    8  6  8  8  9  8  8  7  7  8   
175b   8  7  7  9  7  7  8  8  9  7    8  9  7 10  6  9  7  7  9  9    8  8  6  8  7  8  9  8  6  9    8  7  8  7  9 10  0  0  0  0   
176a   0  0  8  8  7 10  9  7  9  6    7  7  9  7  8  9  7 10  8  7    8  6  7  7  7  8  8  8  5 11    7  8  8  8  9  6  7 10  8  7   
176b   8  9  7  8  9  6  6  9  7  7   10  8  8  6  6  8  7  9 10 10    8  7 10  9  8  7  5  8  9  7   10  9  7  6  5  9  0  0  0  0   
177a   0  0  7  6  6  7  7  8  7  7    8  7  8  6  6  5  7  8  8  6    7  7  7  7  7  9  8  7  9  9    4  8  8  7 12  7  9  7 10  8   
177b   6 10  9  6  7  9  7 10  8  8    7  7  8  7  9  8  8  9  8  6    7  8  9  7  7  7  7  7  8  9    7 10  5  8  5  7  0  0  0  0   
178a   0  0  8 10  6  7  6  6 10  8    6  7  5  8  6  9  8  8  7  9    7  9  7  9  8  6  7  9  7 10   10  7 10  7  8  9  7  9  9  9   
178b   8  9  8  8  7  7 10  9  8  8   11  7  6  8  7  8  8  7  8  9    9  8  9  6  9  8  9  8  9  8    8  7  8  6  8  7  0  0  0  0   
179a   0  0  7  8 10  8  7  7  8  8    6  7  8  8  8  7  7  6  6  6    8  7  6  5  6  8  7  6  8  7    6  6  7  7  8 10 10  6 10  7   
179b   7  8  8  7 10  7  6  9  8  8    9  8  7  7 10  8  8  8  6  7   10  7 10  9  8  8  7 10  8  6    9  7  9  9  8  5  0  0  0  0   
180a   0  0  8  7  7  6  9  6  9  7    7  8  7  6  8  9  6  6  8  7    8  7  7  9  6  7  7  8  7  7    8  8 10  5  8  7  8  9  7  7   
180b   8  9  7  8 10  9 10  7  9  9    8  8  7  9  7  7  9  8  8  8   10  6 12  8  7  7  7  8  7  7    7 11  7  8 10  8  0  0  0  0   
181a   0  0  6  9  7  8  8  7  6  7    7  9  7  7 10  8  8  5  9  9    6  7  9  6 12  9 10  7  8  7    6  7  7  6  7  8 10  8  9  6   
181b   9  9  9  8  9 10  7  5  7  8    8  8 10 10  6  6  8  9  7  6    8  8  7  8  8  9  7  9 11  7    9  9 10  8  7  6  0  0  0  0   
182a   0  0  8  9  7  9  7  8  8  7    5  4  7  7  7  5  7  8  7  8    8  8  6  7  9  7  8  9  8  5    6  6  7 11  7  8  9  7  7 12   
182b  10  9 11  8  9 11  8  6  7  8    7  9  9  9  6 10  8  7  8  8    7  8  7  8  8  9  8  6 11  8    7  8  7  7  8  8  0  0  0  0   
183a   0  0  7  4  7  9  7  9  6  8    6  7  7  7  9  7 10  6  7  8    8  8  5  8  8  8  7  7  7  5    6  7  9 10  7  7  7  8  8  6   
183b   6  9  7 10  7  8 10  6  5  8    9  8  8  9  9  9  7 10  6  8    7  8  7  5  7 10  8 11  7  8    7 11  9  6  7  7  0  0  0  0   
184a   0  0 12 10  7  8  6  7  6  7    6  7 10  7  8  7  8  9  7  7    9  7  8  9  7  8  9  5  7  8    8  9  7  7  8  9  7  9  9  7   
184b   9  6  9  8  9  7  8  8  7  7    7 11 10  5  8 10  7  9  7  8    7  7 11  7  6  8  9  8  7  9    5  8  7  9  8  9  0  0  0  0   
185a   0  0  9  8  6  8  6  8  7 10    8  8  9  9  6  8  5 10  6  8    9  7  6  9  7  8  6  5  7  8    8  9  7  8  8  8  7  7  6  7   
185b   9  9  6  8  7  8  9  9  9  9   10  7  7  7  8  5  7  8  8  7    8  8  6  8  7  9  7  9  8  8    9  7 11  7 10  7  0  0  0  0   
186a   0  0  9 10  7  8  7  9  7  7    9  6  8  9 10  9  7  8  8  7    8  7  9  8  7  8  8  8  9  8    7  6 10  7  8  8  8  9  9  6   
186b   9  7  8 10  7  6  8  9  8  5    9  9  6 10  8  6  9  7  8  8   10  7  9  8  8 10  7  8  7  7    7  7  9  8  8  8  0  0  0  0   
187a   0  0  8  6  6  7  7  8  7  7    6  6  6  8  7  8  7  6  9  9    7  9  8  8 10 10  6  7  7  8   11  5 10  6  8  9  9  8  9  9   
187b   7  9  9  7  6  6  9  8  9  7    9 10  8  9  8  7  7  6  9  9    7  8  8  7  6  7  8  8  7  9    9  9  7 11 10  9  0  0  0  0   
188a   0  0  7  6  6  7  7  8 10  8    6 10  9  6  7  8  8  7  8  9    9  6  8  6 10  8  7  8 10  7    6  9  8  7  6  7  6  8  7 10   
188b   6  9  7  9 10  8  9  6 11  9   10  8  7  6 11  8  8  5  9 10    8  7  9  7 11  7  7  9  7  7    8  7  7  9  6  7  0  0  0  0   
189a   0  0  7  8  6 11  8  8  8  7   12  5  7  7  7  5  7  8  8 11    7  8  7  8  8  8  6 10 10  8    7  7  9  7  7  7  9  6  5  9   
189b  11  8  8  7 10  7  8  8  8  8    9  7  9  6 10  7  7  7 10  6    7  6  7  9 10  9  8  7  9  7    9  9  9  9  4  7  0  0  0  0   
190a   0  0  7  8  7 11  9  8  8  6    9  8  8  7  7  8  6  7  7  6    7  6  7  9  9  8  8  7  8  8    6  8  7  8  7  9  8 10  6  5   
190b   9  8  7  7 11  8  7 11 10  6    8  8  8 10  9  8 10  7 10  9    7  9  8  8  8  8  7  6  6  7    8  8  8  7  7  6  0  0  0  0   
191a   0  0  8  6  7  7  7  7  7  6    6  8  7 10 11  6  6  7  7  9    7  8  7  9 10  6  9  7  7  9    7  7  9  8  6  7  9  9  6  9   
191b   8  9  8  7  9  9  7  7  9  6    6  8  7  8  8  9  8  5  9  8    9  7  9  7  8  7  8  8  8  7    9  8  8  9  8  9  0  0  0  0   
192a   0  0  7  6  7  9  6  7  9  6    7  8  8  6  9  7  6 10  8  7    6 10  8  9  9  8  8  9  9  8    7  8  8  8  6  8  8 11  7  8   
192b   6  9  8 11  8  7  9  6  9  8    9  6 13  7  8  8  7  9  8  7    7  8  9  6  7  8  8  8  5  9   11  8  8  8  8  6  0  0  0  0   
193a   0  0  6 12  8  8  7  9  7  7    7 10  6  7  6  5  8  7  8  8    7  8  7  6  6  8  8  6  8  8    7  7 11  6  5  9  7  6  8  8   
193b   7  7  6  8  8  8  7  8  9  8    9  6  9  7  7  7  8 10  8  8    8  7  8  7  7  7  7  7  8  6    8  6 10  7  7  6  0  0  0  0   
194a   0  0  5  6  6  8  9  8  7  7    7  6  7  6  7  6  7  6  4  9    7  7  7  7  9  8  7  8  7  8    7  7  7  7  9  8  7  7  8 10   
194b   7  9  9  7  8  6  9  8  7  8    9  7  9 10  9  4  8  6 11  7    9  6  8  8  7  8  8  8  8  7    7  9  8  9  6  6  0  0  0  0   
195a   0  0  7  7  7  7  7  6  6 10    6  8  7 10  6  6  9  8 11  6    8  8  7  8  6  7  7  8  8 10    6  8  9  7  7  7  6  8 10  9   
195b   7  8  7  9  8 10  8  8  9  7    8  8  9  8  9  6  8  7  6  8    8  7  7  9  6  9 12  9 10  8    7  7  8 10  9  8  0  0  0  0   
196a   0  0  8  8  6  8  6  9  8  9    9  7  9  7  8  7  9  6  8 10   10  7  8  7  9  7  7 10  9  7    7  8  7  7 10 10  8  7  9 10   
196b   7  8  7  8  8  7  8  8  7  8    9  8  9  7  6  9  9  9 10  8    9  9  9  7  8  7  6  8  6  7    7 10  6  7  8  6  0  0  0  0   
197a   0  0  9  7  7  6  8  7  9  6    7  5  6  6  8  8  8  9  6  8    9  9  6  9  8  6  8  6  6  9    8  9  8  8  8  7  7  7  9  7   
197b   9  9  7 10  8  8 10  5  9  7    9  7  5  7  8  8 11 10  6  9    8  7  6  8  9  7  8  5  7  8    7  7  6  7  8  9  0  0  0  0   
198a   0  0  6  8  8  7  8  8  9  8    7 10  6  9  7  7  7  5  6  8    8  9  7  7  7  8  6  8  9  9    7  8  8  8  9  7  7  9  7  8   
198b   8  9  8  7 10  8  9  7  9  7    9  8  7  7  9  7  9  9  8  7    8  6  6  7  8  7  7  6  8  6    6  8  8 10  7  9  0  0  0  0   
199a   0  0  8  7  6  8  9  9  8  8    7  8 10  8  7  9  7  8  9 11    8  7  9  9  8 11  7 10  6 10   11  6  8  8  9  8  9 10  8  8   
199b   8  9  9  8  9  7  6  8  8  6    8  7  9  8  9  9  8  9  8  6    8  7  8  7  9  8  9  7  8  8    6  9  8  7  8  7  0  0  0  0   
200a   0  0  9  7  6  8  7  6  8  8    9  6 10  8  8  8  9  8  7  8    9  6  8  8  7  7  7  7  7  8   11  7  7  7 10  9  9  9  8  6   
200b   8  9  7  9 10  8  9  7  7  9    9  9  7  9  9  7  9  9  7  7    8  7  8  8 10  9  7  7  8  7    8  7  7  7  9  6  0  0  0  0   
201a   0  0  5  6  9  9  7  6  8  8    6  6  8  6  7  8  9  5  8  6    8  8  7  8 11  8  8  6  7  7    8 10  6  9  8  7 11  9  6  8   
201b   9  9  8  8 10  7  9  9  8  8    8  9  9  7  6  7  6  9  8  9    9  7  8  8  6  6  8  8  7  8    8  8  7  8  8  9  0  0  0  0   
202a   0  0 10  8  9  8 10  6  5  8    7 10 10  8  8  7  8  7  7  8    6  7  8  8  7  9  7  6  7  8    8  8  8  7  8 11  9  8  9  7   
202b   9  7  9  8  9  7  7  6 10  9    8  8  7  7  6  9  6  7  9  5    7  7  8  6  7  8  8  8  7  7    8  7  7  8  8 10  0  0  0  0   
203a   0  0  6  8  8  8  8  8  8  6    5  7  8  9  7  8  8  7  7  5    9  6  7  6  6  9  9  7  9 10    7 10 11  9 10  9  9  9  7  8   
203b   7  9  6  9  8  6  8 10  6  8    9  7 10  6  7  9  6  9  8  9    9  7  9  8  7  7  9  8  7  8    8  8  8  5  8  7  0  0  0  0   
204a   0  0  8  6  7  7  7  8  6  7    8  6  8  6 10  9  9  6  7  8    7  7  7  9  9  9  7  7  7  8    7  7  6  5 10  9  9  9  8  9   
204b   9  7  9  6  9 10 10 10  6  7    9  9  8  8  8  6  8  7 11  7    9  7  8  9  6  8  6  9  9  7    7  9  7  7  9  7  0  0  0  0   
205a   0  0 10  8  9 10 10  6  9  8    7  7  8  7  6  6  8  7  6  9    8  7  9 10  8  8  7  8  8  7    5  5  6  8  9  8  8 10  8  8   
205b   6  7  7  9  7  8  8  6  9  8    8  7  9  7  8  8  7  8  7  9    8  8  8  7  7  6  7  8 10  9    6  7 11  6  7  8  0  0  0  0   
206a   0  0 10  5  9  8  8  8  6  7    6  6  7  8  8  7  6  7  8  6    8  8  9  9  6  9  8  7  7  8   13  8  9  8  7  7  7  8  9  9   
206b   6  7  6 11  8  8  6  6  8  7   10  9  8  6  8  9  8  8 10 10    9  8  8  6  8  7  9  7  8  6    8  9  7  7  7  7  0  0  0  0   
207a   0  0  7  8  9  6  6  8  6  7    7  7  8  8  6  7  6  8  6  8    8  8  8  6  7  9  8  8  8 10    8  7  8 11  7  8  7  7  7  6   
207b  12  8  7 10  8  7  8  7  7  9    7  7  9  6  7  8  8  7  9 11    7 10  8  8  7  7  6  8  7  8    8  9  9  9  8  6  0  0  0  0   
208a   0  0  6  8  7  8  5  6  9  7    7  7  9  7 11  8  6  7  7  8    7  7  8  9  7  7  8  8  6  8   10  7  8  9  6  7  8  7  9  6   
208b   9  7 10  8  8 11  8  7  8 10    8  8  9  8  7  7  8 10  9  9    7  9  8  7  8  6  7  7  8  7    8  8  9  7  8  6  0  0  0  0   
209a   0  0  6 10  8  6  8  9  7  8    9  6  9  7  6  6  7  6  6  6    7  8  9  9  8  7 10  9  7 10    6  8  7  8  7  8  7 11  9  8   
209b   6  8  7  7  7  8  8  8  9  9    9  8  8 12  9  7  6  7  8  9    7 11  5  8 11  9  8  8  8  9    7  6  7  8  8  8  0  0  0  0   
210a   0  0  7  9  7  7  8  7  7  7    5  9  8  6  7  6  6  7  8  6    6  5  7  8  8 11  7  8  5  8    7  7  6  7  7  8  8  6  7  6   
210b   9  7  7  8  7  7  8  7 11  7    8  8  8  9  9  9  8  7  7  8   11  8  9  6  8  6  8  8  8  9    6  8  9  6  6  7  0  0  0  0   
211a   0  0  7  8  7  8  8  8  9  6    9  7  6  6 10  8  7  7  7  8    7  6  8  6  8  8  8  8  8  8    7  7  8  9  8  8  8  8  8  6   
211b   9  6  7  7 10  9  5  9  9  9    7  8  7  7  7  7  7  7  8  9    7  8  7  7  9  8  9  8  7  8    9  8  7  7  8  8  0  0  0  0   
212a   0  0  7  7  7  7  7 10  8  5    8  8 11  7  6  8 10  7  7  8    8  7 10  7  7  7  9 10  8  7    7  9  7  9 10  6  6 11  8  8   
212b   9  7 11  8 11  7 10  9 11  9    6  8  7  9  7  7  8  6  7  8    8  9  9  8  9  9  9  9  7  8    7  9  9  7  9  8  0  0  0  0   
213a   0  0  6 11 10  8  6  7  6 10    6  6  4  7  8  8  9  8  8  8    6  9 10  6 10  7  7  7  9  7    9  8  9  9  7  9  7  8  9  9   
213b   8  8  8  7  9  8  9  9  7  7    8  8  6  8  7  8  6  7  7  9    6  6  9  8  8  7  8  8  8  9    9  7  7  7  5  8  0  0  0  0   
214a   0  0  6  7  8  7  5  8  7  8    8  8  8  8  9  7  7  7  7  6    7  7  8  8  7  8  6  8  6  8    8  7  7  6  7  7  8  7  9  8   
214b   7  6  8  8 10  6  7  8  6  7    7  7  8  8  9 10  8  8  8  8    9  7  7  7  9  7  8  7  5  8    6  7  7  6  9  8  0  0  0  0   
215a   0  0 10  7  9  9  8  8  8  7    6  7  7  5  7  8  9  7  9  8    9  7  6  8  9  7  6  7  8  7    7  5  5  7  9  7  9  9  7  8   
215b   6  7 10  7  8  8 10  7  8 10    8  8  7  9 11  8  8  9  9  8    9  7  8  8  9  6  8  9  6  7    8  8  8  8  7 10  0  0  0  0   
216a   0  0  7  7  8  7  7  6  8  9    8  8  8  7  9  9  8  8  7  7   10  8 11  8  7  8  7  6  7  6    8 10  7  7  6  8  7  9  8  7   
216b   9  8  8 11  8  8  9  7  9  7    9  7 10  9  8  6  8  7  9  6    7  8  8  9  8  8  8  8  7  8    8  9  6  8  8 10  0  0  0  0   
217a   0  0  8  8  8  8  8  7 11  7   10  6  6 10 10  6  7  5  7  5    7  8  8  6  8 10  8  7  8  7    9 10  9  9  9  7  8  9  6  8   
217b   7  9 10 11  7  8  9 10  7  8    9  8  7  7  8 11  7  9  8  7    7  6  7  8  8 10  9  9 10  6    7  7  6  9  7  8  0  0  0  0   
218a   0  0  6  6  8  9  6  7  7  9    7  9  8  9  6  8  7  6  7  8    6 10  8  7  9  7  8  9 10  6    6  8  8  7  7 11  8  9  7  9   
218b   9  9  7  8  6  6  8  7  8  9    8 10  7  9  8  8  7  8  7  9    6  5  7 10  8  7 11  7  9  6    8  7  7  8  8  8  0  0  0  0   
219a   0  0  7  9  8  5  7  8  8  7    7  8  8  7  6  9  9  8  7  8    8  7  6  8  9 10  7  9  8  8    7  6  7  6  8  9  8  8  6  7   
219b   7  8  9 10  7  8  9  8  6  6    9  7  8  8 10  7  8  8 10  6    7  7  9  8  7  9  6 10  6  9   10  9  8  7  8  8  0  0  0  0   
220a   0  0 10  7  7  8  7  7  7  8    7  8  6  8  6  8  9  8  8  5    8  6  9  6  8  6  8  9  8  7    7  9 11  7  8  7  9  7  7 10   
220b   8  7  6  7  8  7 10  9  7  8    8  8 10  9  8  7  6  6  7 10    9  9  8  6 10  7  7  9  7  7    7  8  9  8  7 10  0  0  0  0   
221a   0  0  6  6  7  7  8  8  7  8    7  9  6  6  8  8  9  7  6  7    8  7 10  9  6  9  8  9  6  8    7  8  9  9  7 11  6  6 10  8   
221b   7  9  7  6  8 10  8 10 11  7    7  9  8  8  8  7  9  9  8  7   12  9  7  7  9  8  8  7  8  8   10  7 10  7  8  7  0  0  0  0   
222a   0  0  6  9  8  8  8  5 12  9    9  7  9  6  7  6  9  6  7  7    8  7  7  8  7  8  6  9  8  8    9  8  9  9  7  6  9  6  8  9   
222b  10 10  6  6  8  8  7  7  5  7    7  8  7  7  6  7  7  9  8  7    7  5  7  8  6 10  6  8  9  7    7  6  8  8  6  7  0  0  0  0   
223a   0  0  7 10  6  8  7  8 11  6    6  7  7  8 10  6  7  8  6  7    9 10  6  6  7  8  8  6 11  7    6 10  8  7  8  7  7  8  9  7   
223b   8  9  8 11  6  8 10  7  8  8    9  7  8  7  8  7  7  8  8  7   10  6 12  8  7 10  8  8  5  7    7  6  8  6  8  8  0  0  0  0   
224a   0  0 10  9 10  8  6  9  8  6    8  7  6  7  8  9  6  8  6  8    7  7  6  7  8  7 10  7  8  9    8  7  9  7  8  9  6  8  5  9   
224b   9  8  9  7 10  8  9  8  9  7    9 10  9  9  7  5  7  7  8  6    6  9  9 10  8 11  8 10  7  7    7  9  8  6  7  9  0  0  0  0   
225a   0  0  8  8  6  9  7  7  6  7    6  5  7  7 11  8  6  9  7  8    9  7  6  6  7  8  7  7 11  8   10  8  8  7  8  7  9  8  7  7   
225b   7  7  8 11  7  7  7  9 12  8   10  9 10  8  8 11  8  7  6  8    8 10  7  9  9  7  7  6  8 10    9  7  8  7  9  5  0  0  0  0   
226a   0  0  7  8  7  9  8 10  6  7    8  5  7  7  8  8  8  6  7  6   10  8  6  8  7  6  9  8  6  8    7  6  9  9 10 11  8 10  7  7   
226b  12  8  8  9  7  8  8  6  7  8    8  6  8  8  7  7  7  7  8  8    6  8  6  6  7  7 11  7  9  8    7  9  8  7  8  6  0  0  0  0   
227a   0  0  8  8  6  8  9  7  7  6    9  6  7  8  7  7  6  7  8  7    8  6  8  8  8  8  6  6  7  7    8  8  8  8  8  7  8  9  9  8   
227b   9  7  8  8 10  7  7  8  8  9   10  8  7  7  7  8  7  8  8  7    7  7 11  7  7  7  6  8  9  7    7  9  7  8  6  7  0  0  0  0   
228a   0  0  7  8  7  7  8  6  8  7    6  6  7  6  7  7 10  5  9  8    9  9  9  8  7  9  8  6  7  8    6  6  7  8  7  6  8  7  8  8   
228b   9  7  8  8  7  6  9  8  9  7    7  6  8  7  7  9 10  8 10  5    8  7  8  7  7  8  9  6  8  6    8 10  6  9  9  9  0  0  0  0   
229a   0  0  9  9  8  7  9  7  8  9    8 11  7  9  8  7  6  9  7  7    6  6  7  7  7  7  8  7  8 10    6  6  6  7  7  9  8  9  9  9   
229b   8  8  8 11 11  8  7  7  8  8    8  8  8  7  8 10  7  7  8 10   10  6  7  5  6  9  7 10 10  6    8  7  9  8  6  7  0  0  0  0   
230a   0  0  7  8  7  7  5  7  7  7    9  7  7  8  9  7  6  5  9  9    7  6  9  7  6  6  8  7  7 11    9  8  7  8  7  8 10  8  9  8   
230b   9  9  7  7  9  9  9  7  8  6    9  9  8  8 10  7  8  8  7  7    8  8  8  7  8  7  8  6 11  9    7  6  8  7  8  6  0  0  0  0   
231a   0  0  6  9  8  7  8 10  7  8    7  7  8  9  6  8  6  6  6  9    8 10  8  9 10  8  7  6  9  8    7  7 11  8 11  6  9  8  9  7   
231b   9  6 12 10  6  8  6  8  8  9    7  7  9  9  8  7  9  8  7  7    7  8  6  7  7  9  8  7  7  6    7  9  9  7  8  6  0  0  0  0   
232a   0  0  8  7  7  7  6  5  8  8    7  7  7  7  7  7  9  6  7  7    7  7  6  8  7  8  7  9  9  7    7  7  8  9  8  7  9  8 10  8   
232b   8  6 13  8 10  7  8 10  9  7    9  8  7  8  7  7  8  7  8  8    9  9  8  8  9  8  9  8  9  6    7  9  9 10  7  8  0  0  0  0   
233a   0  0  7  6  8  9  5  8  7 10    7  6  8  9  8  7 10  7  8  7    7  7  7  7  7  6  7  7  7  7    5  7  8  8  8  9  8  8  6  8   
233b   7 11  9  7  7  8  7  8  8  7    9  7  6 11  8  9  6  8  8  7    6  7  7  8  9  7  8  8  7  7    8  7  6  7  6  8  0  0  0  0   
234a   0  0  7  6  9  7  8  9  8  7    7  7  8  6  7  6  7  7  9  7    8  8  8  9  8  6  7 10  7  7    6  7 11  9  7 10  7  8  7  8   
234b   9  9  8  6  8  7  8  8  7  8    8  7  8  7  6  6  8  8  8  8    9  6  9  7  8  7  7  7 10  7    8  8  7  7  8 10  0  0  0  0   
235a   0  0  9  8  9  8  8  6  8  8    7  7  8  7  6  6  8  7  6  8    8  8  6  7  7  8  7  8  7  9    8 10  8  8  8  6  9  8  7  6   
235b   8  6  8  9  8  7  9 10  8  9    8 11  7 10  9  7  6  8  8  6    7  7 10 10  5 10  6  7  7  9    7  7  9  7  7  9  0  0  0  0   
236a   0  0  9  6  7 10  6 10  7  7    8  7 10  8  8  8  7  8 10  8    8  6  7  7  7  7  6  8  9  7    7  7  7  7  8  7  9  6  7  7   
236b   8  7  8 10  6 10  8  8 10  7    9  7  7  9  9  9  6  9  7  8    7  8  7  8  7  9  9  8  8 10    8  9  8  9  8  9  0  0  0  0   
237a   0  0  7  8 10  8  9  7  5  8    7  8  5 12  6  6  6  9  7  8    7  6  9 10 10  7  8  9  7 10   10  8  8  8  8  7  9  8  8  8   
237b   7  9  9 10  8  9  7  8  7  9    7  9  9  7  8 10  8  9  7  8   10 11  9  8  9  6 10  7  6  9    6  9 10  8  7 11  0  0  0  0   
238a   0  0  7  7  8  9 12  7  7  8    8  9  8  7  7  7  7  5  7  6    6  8  7  8  7 10  8  8  9  9    9  7  9  8  7  5  8  7  9  8   
238b   7  8 11  8  7 10 10  8  9 10    8  8  9  9  7  7  7 10 11  7    8  7  9  6  7  8  7  9  6  9    7  8 11  7  7  6  0  0  0  0   
239a   0  0  8  7  8  7  8  7  9  6    6  6  7  7  7  8  8  7  9  9    8  7  7  8  9  7  7  6  8  8    8  7  8  7  7  7  8  8  9  7   
239b   6  8  8  6 11  7  9  7  8  8   13  8  8 10  8  7  8  8  7  9    9  8  7  8  6  8  7  7  9  8    8  9  8  6  8  6  0  0  0  0   
240a   0  0  5  7  9  6  9 10  9  9    8  6  8  7 10  6  8  7  5  7    7  6  7  4  9  9  9  9  8  8    6  6  9 12 10  9  9  7  8  8   
240b  11  8  7  7  8  8  8  9  8  7    7  7  9  6  8  8 11  9 10  9    7  7  7  9  6  9  9  7  9  9    9 10  9  8  8  7  0  0  0  0   
241a   0  0  7 10  7  8  7  7  6  7    6  8  6  7  8  9  9  8  8  9    8  9  9  8  6  6  7  7  8  7   10  7 10  8  7  9 11  8  9  9   
241b  12  7  8  9  9  8  5 10 10 10   11  7  9  8  9  6  7 10  9  6    7  7  5  9  9  8  9  6  9  6    7  7  8  7  9  9  0  0  0  0   
242a   0  0  9  9  8  7  8  8  7  6    7  6  5  9  8  9  7  9  8  8    7  9  9  8  8  8  7  7  9  6    7  6  8  9 10  7 10  7  8  8   
242b   8 11  7  8  8 10  8  8  9  8    8  7  7  9 11  8  7 10  8  8   10  7  8 10  7  7 12  9 10  6    9  9  8  7  8  8  0  0  0  0   
243a   0  0  7  6 10  6  8  7  7  9    9  9  7  9  5  8  7  6  7  9    7 10  7  8  8  8  7  7  7  9    7  7  7 10  8  8  9  8  6  9   
243b   8  8  8  6  9  8 10  7  9  6   10  7  7  9  7  9  9  7  8  9    9  9  6  8  8  9  7  7  8  7    9  6  7  7  8  8  0  0  0  0   
244a   0  0 10  7  8  8  7  8  6  6    8  5  7  7  9  7  7  8  8  8    7  9  8  9  9  7  9  8  9  6    9  5  7  7  7  7  5  8  8  8   
244b   9  8  8 10  7  6  9  9  8  9    9  8  6  6  8  9  7  7  7  9    9  8  8  7  7  8  7  7  7  7    6  7  9  7  6  7  0  0  0  0   
245a   0  0  9 12  7  7  6  8  8  7    8  6  8  7  9  7  6  9 10  8    7  8  7  6  9  6  7  7  7  8    8  5  8  6  8  6 11  7  7 10   
245b   7  8  8  6  6  6  7  5  9 10   10  8  9  8  8  7  8  7  6  7   10  7  7  7  7  7  8  8  7 10    7  7 10  6  9  7  0  0  0  0   
246a   0  0  9  8  9  7  9  7  6  7    9  8  8  7  6  7 11  7  5 10    7  8  6  7  8  8 10  7  8  7    8  8  6  8  9  7  7  8  8  7   
246b   9  8  7  6  9  8  6 11  7  7    8  8  7  9  7  9  9  6  7  6    7  8 11  8  8  9  7  8  8  7    7  7  8 10 11  8  0  0  0  0   
247a   0  0  8  7  7  8  6  7  6  8    8  7  7  8  8  8  6  7 11  7    7  7  8  8  7  9  6  7  7  8    7  7  8  9  9  7  9  8 12  7   
247b   7  7  9  9  9 10  9  6 10  7    9  8  9  8  9  9  6  7  6  8    9 10  9  8  8  8  7  7  6  8    6  7 11  7  8 12  0  0  0  0   
248a   0  0  7  6  7  7  6  7  7  8    8  8 10 10  6  5  7  7  7  8    9  8  7  8  6  8  7  9 11  7   10 10  7  6  8 10  6  8  7  8   
248b  10  7  8  6 10  8  9  7  8  9    9  8  7  8  9  9  6  8  9  7    7  7  7  7  6  7  7  8  8  9   10  6  8  6  8  9  0  0  0  0   
249a   0  0  7  8 10  8  8  7  7  7    8  7  7  9  6  7  8  5  6  8    7  7  5  7  8  6  7 10  6  7    8 10  6  8  6  8  8 10  8  8   
249b   5  8  8  7  5 10 10  7  9  7    7  7 10  9  8  7  8  8  7  8    9  6  9  8  9  6  7  7  8  9    6  9  8  7 10  8  0  0  0  0   
250a   0  0  9  8  9  8  6  9  7  8    8  7  7  8  8  8  7  6 11 10    7  6  9  8  8  6 11  7  9  8    6  8  8  8  7  7  8  9  8  8   
250b   7  7  8  6  5  7  9 10  6  7    8  8  8  8  7  7  9  9  8  7    9  7  9  7 10  7  6  8  7  8    6  7  7  8  7  6  0  0  0  0   
251a   0  0  8  7  7  6 10  7  8  9    9  7  5  8  8  6  8  8  9  9    8  8  9  7  7 11  8  9  7  6    7  7  5  9  6  7  8  5  7 10   
251b   8  7  6 10  7  9  8  8  6  6    8  6  7  7  7 10  7  8  9  8    8  9 10  9  6  6  7  6  7  7    8 11  8  6  7  6  0  0  0  0   
252a   0  0  9  8  8  6  7  7  7  5    7  6  6  8  5  8  6  9  8  7    9  8  8  9 10  9  9  6  8  7    7  8  8  9 10  9  8  7  8  9   
252b   7  9 11  6  7  9  7  9  6  9    7  8  7  8  8  7  7  7  7  6    9  7  8  9  6 11  6  8  8  8    6  7 12  7  7  7  0  0  0  0   
253a   0  0  9  8  8  8  7  8  9  8    7  8  7  9  8  8  8  9  7  8    7 10  8  7 10  7  7  7  8  6   10  7  9  6  7  8  8  8  8  8   
253b   7  8  8  7  7 10  7 10 10  8    9  8 11  8  8  7  7  8  9  6   11  7  6  8  7  8  8  9  8  9    8  7  7  8  7  7  0  0  0  0   
254a   0  0  6  5  6  8  7 10  8  9    6  6  9  7  8  7  7  6  7  8   10  8  8  7  9  8  6  9  7 10    7  9  7  7  9  9 10 10 10  8   
254b   8  6  8  9  9  6  8  7  7  7    9  7  9  6  9 10  7  7  9  9    7  7  6  9  9  8  7  6  8  7    7  8  9  9  5  9  0  0  0  0   
255a   0  0  9  6  9  8  8  6  6 10    8  7  7  8  6  9  8  8  7  8    8  8  8  8  9  8 10  7 10  9    8  8  6  8  8  9  7  7  9 10   
255b  10  9  6  9  8 10  7  8  8  9    7  9  7  9 11  8  9 11  7 10    6  7  8 10  8  9  7  8  8  8    8  8  8  8  8  6  0  0  0  0   
256a   0  0  6  8  9 10  9  8  7  7    7  6  7  7  5  7  5  8  7  8    7  9  6  6 10  7  8  6  7  7    6 10  5  6  9  8  6  8  7  8   
256b   9  7  7  7  9  8  7  7  7  7    8  8 10  9 10  7 10  6  9  8    8  7  8  8  8  8  9  8 10  8    9  8  8  6  7  8  0  0  0  0   
257a   0  0  8  6  6  7  7  8  4  8    7  7  7  7  6  5  7  9  7  6    8  8  8  8  7  6  9  6  8  8    6  8  8  9  7  9 10  7  9  7   
257b   6 10  7  9  8  6  7  7  9 10    9  7  7  9  7  9  8  8  8  7    7  9  7  9  8  8  7  9  7  7   10  6  8  7  7  7  0  0  0  0   
258a   0  0  9  8  9  8  8  6  7  9    8  7  9  7  7  7  7  8  8  7   10  8  9  9  7  9  7  7  9  7    8  8  8  8 10  7  7 11  7  8   
258b   8  7  6  9  9  8  9  9  8  8    8  6  9  7  8  7  8  9  8  7    7  7  9  8  7  7  5  7  9  7    8 10  6  7  8  7  0  0  0  0   
259a   0  0  8  5  8  8 10  7  7  7    6  9  7  7  6  7  8  9  8  8    6  7  6  8  7  7 10  9  9  8    8  6  8  6 12  9 10  6  7  7   
259b   8  6  8  7  8  7  6  7  6 10    7  7  7  8 10  8 10  5  8  7    9 10  7  6  9  8  6  7  9  9    9  6 10  8  9  7  0  0  0  0   
260a   0  0  7  7  6  7  7  8  7  6    7  7  6  6  6  9  7  8  7  7    7  8  7  8  7  6  8  9  8  9    7  9  7 12 11 11  9 10  7  9   
260b   9  7  6  6  8 10  8  8  8  8   10  9  7  7  8  7  6  6 10  8    9  7  8  5 10  8  8  9  9  8    8  9  6  7  8  7  0  0  0  0   
261a   0  0  6 10  7  7 10  8  7  8    7  7  8  6  6 10  7  6  8  9    8  6  8  9  8 10  7  8  7  7    7  7  8  8  7  8  8  8  9  7   
261b   7  8  8  9  8  8  7  9  8  9    8  7  8 10 10  8  7  8  7  8    9  8  7  8  8  9  8  9  7  7   10  8  6  9 10  9  0  0  0  0   
262a   0  0  4  7  5  7 10  9  8  6    8  7  7  7  7  6  6  8  8  6    7  7  6  9  7  7  8  7  8  9    9  7 10  6  9 10  6  9  8  8   
262b   6  8  8  9  6  8  7  9 11  7    9  9  8  9 10  7 11  9  8  9    8  6  8  9  8 12  7  7  9 10    9  8  6 10  9  8  0  0  0  0   
263a   0  0  9  8  8  5  7  7  8  6    7  9  5  5  6  7  8  7  5  6    7  7  9  8  7  8  8  7  7  7    8  8  7  8  7  8 11  9  7  9   
263b  10  7  7  8  6  6  7  9 10  8    8  8  9  8  9  7  8  7  7  9    7  9  7  8  7  7  9  6  6  8    7 10  7  8  5  9  0  0  0  0   
264a   0  0  6  7  8  8  6  7  7  6    8  8  9  5  8  7  6  9  7  6   10  9 10  7  8 12  7  7  8  6    6  7 10  8  6  7  8 10  7  8   
264b   8  7  8  9  7  8  7  9  7  6    7  8  7 11  8  8  8  6  9  8    9  9  8  8  9  9 11  6  7  7    7  9  8  9 12  7  0  0  0  0   
265a   0  0  7  7  9  6  9  7 10 10    5  7  5  9 10  7  6  7  6  9    8  6  9  8  8  7  8 11  8  7    7  8 11  8  9  9 11  9  7 12   
265b   7  8  6  8  6  8  7  9  6  7    6  7  7  8  6  7  8  8  9  7   10  8  9  7  7  8  7  8  8  8    8  7  7  7  8  7  0  0  0  0   
266a   0  0  9  8  8  8  7 10  9  7    7  8  9  8  7  6  7  7  7  6    6  6  8  9  7  7  7  7 10  7    8  6  7 10  8  8  6  8  6 10   
266b   9  8  9  6  9  8  6  7  9  8    7  7  8  8  8 12  7  8 10  8    7  6  9  8  8  8  7  7  8  8    9  6  5  8  9  7  0  0  0  0   
267a   0  0  6  9  7  7  6  6  7  8    6  6  7  7  8  6 10  7  7  8    9  9  9  7 10 10  8  8  7  7    8  7 11  8  7  6  7  7  6  8   
267b   7  7  6  8  8  9  5  8  7  8   10 10  7  8  8  7  6  7  8  7    7  6  8  6  8 10 10 10  8  9    9  7  5  9  8  9  0  0  0  0   
268a   0  0  6  9  7 10  9  7  8  7    8  8  7  9  6 10  7  7  7  7    7  6 11  6  9 10  6  7  8  9    9  6  7  7  8  7  7  8  8  8   
268b   8  6  6  9  8  7  8  9  9 10    8  9  6  6  8  6 10  8  9  7    8  8  8  8  9  7  8  8  8  7    7  8  7  8  8  9  0  0  0  0   
269a   0  0  8  8  8  7  8  6  6  7    7  7  7  7  7  6  7  6  6  7    8  9  9  7  8  6  7  8  8  8   12  9  7  8  9  7  7  9  8  7   
269b   9  7 10  7  7 10  9  9  6  7    9  7  9  7  9  6  9  6 10  8   10  8  7  9  6 11  8  9  9  9    6  9  9  6  8  9  0  0  0  0   
270a   0  0  8  7  7  8  9  7  8  6    5  6  7  7  6  7  9  7  7  6    7  6  8  5  6  8  7  6  9  6    8  9  9  9  7  9  7  7  7  8   
270b  11  7  6  7  7  7  8  8  7  6    9  8  7  7  8  8 10  8 10  8    8  6  7  8  6  6  6  4  8  7    8  9  7  8  7  7  0  0  0  0   
271a   0  0  7  9  8 10  8  8  7  7    5  8 12  7  8  7  6  8  6 10    6  5  7  7  7  6  7  9  7  8    8  7  8 10  8  8  7  7  8 10   
271b   7  8  7  6  8  8  7  7  9  7    8  8 10  9  7  8  7  7  8  7    7  9  9  8  8  7  6  7  6  9    9 11  9  7  7  8  0  0  0  0   
272a   0  0  7  9  9  6  7  9  8  7    7  7  8  8  7  7  7  7  8  6    7  6  7  6  7  7 10 10  9  6    8  9  8  8  7  7  6  9  6  8   
272b   6  8  7  9  8  7  9  6  7  7   11  6  7  8  7 11  7 13  9  9    6  6  9  8  9  6  8  8  8  7   11  7  7  7  5  6  0  0  0  0   
273a   0  0  7  7  8  5  7  7  8  7   10  5  6  7  6  7  8  7  6  6    7  5  7  7  6  8  7  8  7  9    6  9  9  9 12  9  9  6  8  7   
273b   6  8  9  7 10  6  8  7  7  7    8 10  7  7 10  9  7  7  7  9    9  8  8  7 11  8 10  7  9  7    7  6  7  9 10  7  0  0  0  0   
274a   0  0  7  6  9  7  6  8  6  8   10 10  7 10  7  7  5  7  8  8    7  6  9  8  8  8  8  7  7  6    7  5  7  6  6  9  7  7 11  5   
274b   7  8  8  7  8  5  6 10 10  8    9  8  8  7  8  8  8  8  9  9    6  8 11  8  9 11  8  8  7  6    8  7  9  8  7  7  0  0  0  0   
275a   0  0  7  7  7  7  9  8  8  7   10  7  7  8  6  7  6 10  7  7    7  5  8  7  8  6  7 10  6  7   12  6  7  8  9  9  9  9  7  7   
275b   7  9  9  8  7  8  7  5  8  7    8  6  6  6  7  8  7  7  9  8    7  7  7 10  8  8  8  7 10  6    7  9  7  9  7  7  0  0  0  0   
276a   0  0  6 11  7  6  7  7  7  8    8  4  8  6  7  8  9  8  7  6    7  8  7  5  7  8  6  8  6  8    5  8  7  8  8  7  8  9  8  8   
276b   7  7  7  8  6 10  6  5  7  8    7  9  7  9  7  7  9  8  8  7    5  8  8  7  7  8  8  8  9  8    8  9  9  7  9  7  0  0  0  0   
277a   0  0  7  7  6  7  7  9 10  7    8  8  5  7  8  8  7  8 10  6    6  8  7  8  7  6  7  6 11  6    7  8  7  6 11  7  8  7  7  9   
277b   8  8 11  9  6  8  8  9  7  9    7  7  8  8  7  8  8  6  9  7    5  7  7  7  8  9  8  7  7  7    9  7  6  8  7  6  0  0  0  0   
278a   0  0  6  6  9  7  8  7  7  7    8  8  8  9  7  6  7  7 10  8    8  6  6  8  8  5  8  6  8  7    8  6  8  6 10  7 10  6  9  8   
278b   8  9  9  7  6  5  6  7  8  9    7  9  8  8  9  8  8  8  6  7    8  8 10 10  7  6  9  8  8 10   10  7  9  6  6  8  0  0  0  0   
279a   0  0 11  8  8  7  7  7  7  7    7 10  7  8  8  7 10  7  7 11    5  7  6  4  7  5  5  9  7  7    7  8 10  9  9  9  7 11  6  9   
279b   7  8  9  7 11  8  9  8  8  8    8  9  8  8 10  9  8  6  7  7    6  6 10 10  8  7 10  7 11  6    7  7 11  7 10 10  0  0  0  0   
280a   0  0  6  6  8  6  6  6  8  8    7  6  7  6  6  6  7  9  6  8    8  7  5  8  6  7 10  9  7  6    9  7  7  8  8  8  9  7  8  8   
280b   8  8  8  7  7  6  8  8 12  5    8  8  6 11  8  9  7  7  9  8    8  7  8  8  6  8  8  5  8  9    6  8  8  7  7  6  0  0  0  0   
281a   0  0  7  6  7  6  9 10  6  9    7  8  9  8  7  7  7  7  7  9    9  6  7  6  7  9 11  6  7  9    8  8 10  8  8 10  8  9  7  8   
281b   8  7  8  8  7  6  5  9  7  8    7 10  7  8  8  7 10  8  7  8    8  9  8  9  7  8  8  7  8  8    7  6  7  9  8  8  0  0  0  0   
282a   0  0  8  6  7  6  7  9  9  8    7  6  8  5  8  4  8  6  7  8    6  7  6  6  9  7  6  8 11  9    8  7  7  7  6  7  8  6  7  8   
282b   7  9  7  7  7  6  8 10 12  8    9  7  7  7  7  8  8  8  7  8    7  7  8  8  8  8  7  6  6 10    7  7 12  7  6  8  0  0  0  0   
283a   0  0  5  8  9  7  9  7  6  6    7  6  7  6  7  6  8  9  8  7    8  7  6  9  9  6  8  9  8  8   10  7  9  8  8  9 12  9  8  7   
283b   5  9  6  6  8  6  8  7  8  8    8  6  6  7  7  9  9  8  8  7    9  7  6  7  9  8  9  8  9  9   10  7  7  8  7  7  0  0  0  0   
284a   0  0  8  7  6  7  5  8  6  9    7  6  7  6  8  7  8 11  7  6    8  6  8  9  7  8  7  7  9  8    6  8  9  8  6  8  7  9  7  6   
284b   5  7  7  8  7  7  5  6  8  8    7  8 10 10  8  8  6 10  7  7    8  8  9  7  8  6  9  7 10  8    7  7  7  9  7  7  0  0  0  0   
285a   0  0  7  7  8  6 10  7  7  8    7  9  8  7  8  7  7  8  8  6    8  8  7  8  8  7 10  9  9  8    5  9  8  6 10  8  8  8  8  5   
285b   7  8  8  9  7  8  7  9  7  8    7  9  6  8  7  8  7  7  7  6    6  6  7 10  6  7  7  6 10  8    6  8  9  6  7  8  0  0  0  0   
286a   0  0  8  8  7  7  9 10  7  8    8 10  7  7  6  8  9  8  8  7    9  9  8  6  7  8  8  8  6  8    9  7  9  8  7  8  6  8  7  5   
286b  10  9  7 10  7  8  6  7  6  9    4 14  7  7  8  7  7  9  8  6    9  9  6  9  7  7  6  8  7  8    9  8  8  9  9  7  0  0  0  0   
287a   0  0  6  6  8  5  7  6  6  8    9 10  7  6  8  7  8  6  7  6    8  7  7  8  8  5  8  7  7  7    8  8 13  7  6  7  6  6  8  9   
287b   8 10  9  7 10  7  5  8  7  9    8  7 10  7 11  8  7  5  8  8    9  7  7  6  9  8  7  8  7  7    9  8  8 10  7  9  0  0  0  0   
288a   0  0  7  9  6  9  6  8  7  7    6  7  6  7  7  6  7  7  8  7    6  7  6  6  7  7  9  6  6  8    7  7  8  5  7  9  9  7  7  8   
288b   8  6  7  9  8  6  5 10 10  7    7  7  9  8  9  7  5  6  8  6   10  8  8  7  9 11  7  9  8  6    7  7  6  7  8  8  0  0  0  0   
289a   0  0  9  8  8 10  6  6  7  8    6  7  7  7  7  8  6  7  7 10    8  6  6  8  6  7  7 11  8  8    7  5 10  9  7  8  6  7  6  7   
289b  10  9  9  8  6 10  8 10  7  8   10 10  8  8  8  8  8  8 10  8    6  7  8  8  7  8  7  7 10  9    6  8  7  9  6  8  0  0  0  0   
290a   0  0  8  6  8  9  8  6  7  7    6  6  7  6  6  7  7  7  8  7    8  7  6  7  9  8  8  7  8  6    7  8  8  6  7  6  8  7  5  6   
290b   8  7  7  8  8  6  5  9  9  8    7  7  7  7  8 10  7  7  8  7    7  9  8  7  9  6  8  7  6  8    8  8  9  6  8  8  0  0  0  0   
291a   0  0  8  8  8  7  9  9  6  6    6  8  5  7  6  7  8  7  6  8    9  6  7  8  9  7  8 10 10  8    7  8  8  6  6  7  8  9  6  9   
291b   7  8  9 10  9  9  7  7  8  7    7  8  7  9  7  7  9  8  7  7    9 10 10  9 12 10  9  6  8  8   11  9  7  6  6  9  0  0  0  0   
292a   0  0  8  8  8  9  7  6  7  5    6  8  7  6  8  8  7  6  8  6    7  8  8  7  6  7  7  6  6  9    6  9  8  7  6 10  8  7  8 12   
292b   9  6  7  7  8  7  9  7  8  7    8  6  8  9  9  8  7  9  8  7    6  7  8  9  8  7  8  8  7  8    6  8  7  5  7  7  0  0  0  0   
293a   0  0  7  8  7  6 10  8  8  9    7  9  8  8  6  7  7  7  7  7    8  7  7  9  8  7  7  8  7  9    7 10  7  8  9  6  9  8  8  8   
293b   7  9  8  9  8  6 10  8  7  9   10  7  7  8  8  8  8  7  8  9   10  8  8  7  8  8  8  9  7  8    5  7  6  8 10  7  0  0  0  0   
294a   0  0  7  8  6  8  7  7  7  7    7  8  7  8  8  7  8  8 10  7    7  9  6  6  8  6  7  9  8  8    7  7 11  9  7  6  7  8  8 12   
294b  10  8 11  8  7  9  7  9  7 10    6  6  8  8  8  7  9  6  8  8    9  8  9  9  8 10  8  8  9  6    8  9  7  7 10  7  0  0  0  0   
295a   0  0  6  6  8  7  7  9  6  9    7  6  6  7 10  8  8  9  7  8    6  8  7  7  8  8  7  8  7  8    7  8 10  7  7  8  8  9  9 10   
295b   8 11  9  8  9 12  7  6  7  8    8  6  8  8  6  9  8  8  9  7    7  7  6  6  9  7  8  7 12  7    6  7  6  7  6  7  0  0  0  0   
296a   0  0  6  6  5  7  6  5  8  8    9  7  6  7  8  7  9  7  7  9    9  5  7  7  8  7  7  8  7  6    9  7  8  7  7  6  8  7  7 10   
296b   7  8  5  7  6 10  9  7  7 10    9  6  9  7  7  7  5  6  8  8    9  7  6  7  5  8  6  7  9  8    8  7  8  8  8  7  0  0  0  0   
297a   0  0  6  9  9  7  8  7  8  8    8 10  7  6  6  7  6  8  7  7    6  7  7  5  6  8  9  9  8  8    5  9  8  8  6  6  8  9  7 11   
297b   7  8  9  8  8  8  6  8  6 10    9  7  9  8  9  8  8  8  7  6    8  7  8  8  7  7  8  7  8  7    7  9  8  7  9  8  0  0  0  0   
298a   0  0  9  8  6 10  6  6  7  7    5 13  6  7  6  8  7  7  8  7    8  7  8 10  6  9  9  8  8  8    8  9  6  6  8  9  9  6  6  7   
298b  12  8  9  9  9  7 10  6  8  9    7  8  7  9  8  9  9  8  8  4   10  7  8  7  8  5  9  7 10  6    6 11  7  5  7  5  0  0  0  0   
299a   0  0  8  7 10  9  8  9  7  7    8  9  8  9  8  6  7  8  7  8    8  8  7  7  7  6  7 10  9  7    7  9  6  9  9  8  9  8  6  7   
299b   8 11  8 10  8  8  7  8  8  9    7  6  9  8  7 10  7  9  8  7   10  7  9  6  7  8  6  7  7  9    8  7  7 11  8  7  0  0  0  0   
300a   0  0  8 10  8  7  7  6  7  7    8 11  7  6  8  7  7  8  8  6    6  8  7  7  7  8  8  8  6  8    7  7  9  6  8  8  6  8  8  8   
300b   8  8  8  9  8  8  8  7  9  6    9  8  7  8 10  7  8  8  8  7    8  7  7  9 10  7  7 10  7  8    9  7  6  8  7  8  0  0  0  0   
301a   0  0  8  5  9  8  7  8  9  7    6  7  7  8  8  7  6  6  5  6   10  9  8  6  6  7  8  6 10  7   10  7  9  7  7 10  7  8  6  9   
301b   7 12 10  5  9  7  6 10  8  7    9  8  9  9 10  6  8  9  9  8    9  6  7 10  8  7 10  6  8  8    7  9  6  9  8 10  0  0  0  0   
302a   0  0  7  9  6  7  7  6  6  7    8  7  7  8  7  7  6  8 11  6    7  7  8  8 10  8  6  7 11  8    7  6  9  8  8  6  5  6  9  8   
302b   7  8 10  9  5  7  7  8  8  9    8  7  8  7  8  8  8  6  7  8    8  7  7  6 10  6  6  9  7  8    7  7 10  8  6  6  0  0  0  0   
303a   0  0  6  8  7  7  8  9  6  7   11  7 10  7  7  7  5  7  8  5    5  7  7  6  7  8  7  7  8  7    8  6  7 10  9  7  9  7 10  9   
303b   7  9  7  8  8  8  7  9  9  7    6  6  7  7  9  8  7  7  9  8    8  8  9  8  7  7  8  8  7  8    7  8  7  8  7  7  0  0  0  0   
304a   0  0 10  7  6  5  8  8  5  8    6  7  8  8  7  6  7  5  7  7    7  7  7  7  7  7  8  6 11  8    6  6  7  7  8  6  8  9  8  8   
304b   9  7  8  9  6  8  8  8  7  8    8  7  9  7  9  9  9  8  8  8    8  6  8  6  7  6  6  7 10  7    7  7  8  9  7  6  0  0  0  0   
305a   0  0  5  7  7  7  8  7  8  7    8  7  5  7 10  7  6  7  7  6    6  6  7  7  8  5  7  8  7  7    9  8 10  8  8  7  8  9  6  6   
305b   6  5  8  9  7 10  8  8  9  9    8  6  8 10 10  7  7  7  7  6    7 10  7  6  8  8  7  8  8  8    9  8 12  9  9  7  0  0  0  0   
306a   0  0  7  7  8  7  7  7  6  7    8  7  9  6 11  7  6  9  8  9    7  8  7  6  8  8  8  8  7  8    9  7  9  7  7  8  5  8  9  8   
306b  10  7  6  8  8  7  7 10  8  7    9  8  9  8 10  7  6  8  7  6    7  9  7  5  7  7  6  6  7  8    6 10  9 10  7 10  0  0  0  0   
307a   0  0  7  7  8  6  8  7  7  7    8  8  8  5 10  6  7  7  6  7    8  6  7  7  8  7  8  6  7  9    7  8  8  9 10  7 10 10  5  8   
307b   7  9  9  7  7  7 11  5  7  8    6  7  7  6 10  8  8  8  9  8    7  8  6  8  8  7  7  7  7  6    6  7  7  7  8  6  0  0  0  0   
308a   0  0  7  6  6  7  7  8  6  9    9  6  5  6  8  6  6  8  9  7    8  8  9  7  6 10  6  9  6  7    7  6  8  7  9  6  9  6  9  6   
308b   8  8 11  8  7  8  8  7  8  7    7  8  6  6  6  9  7 10 10  7    7  7  7  8  7  7  6  7  8  8    5  6  6  6 10  9  0  0  0  0   
309a   0  0  7  7  9  8  9  6  5  8    7  9  9  6  6  7  5  8  9  7    8  8  8  7  8  7  7  8  9  7    9  7  7  9 11  9  8  8  8  8   
309b   7  8 10  6  9  7 11  8  8  6    8  8  7  8  7  6  7  8  8  7    7  9  9 10  7  8  6  7  6  7    8  9  6  6 10  8  0  0  0  0   
310a   0  0  7  7  8  8  7  7  8  6    8  7  7  7  9  7  8  8  7  8    7  6  7  6  8 12  6  8  8 11    8  9  6  7  6  9  8  8  9  9   
310b  11  9  7  9  7  6  7  8  8  9    8  7  6  8  9  9  7 10  8  9    7  7  8  9  8  7  8  6  8  7    5  6  8  7  7  8  0  0  0  0   
311a   0  0  7  7  7  7  7  6  7  7    7  7  7  6  8  8  9  8  6  8    8  8  8  8  7  9  7  9  6  8    9  8  8  7  8  7  8  6  7  7   
311b   6  6  8  6 10  7  8  7  7  8    8  7  8  6  6  7  7  6  8  7    8  7  9  9  8  8  8 10  9  7    6  8  8  8 10  9  0  0  0  0   
312a   0  0  6  7  8  6  8  6  6  9    8  7  7  6  4  6  7  7  6  7   11  9  6  6  9  7  9  7  7  8    9  7  8  8  6  6 10  7  5  7   
312b   9  7  8  9 11  8  8  9  7  7   10  9  8  8  7  8  7  7  7  6   10  9  9  7  9  7  6  7  9  9    7  7  8 11  7  7  0  0  0  0   
313a   0  0  9  7  6  7  7 10  7  7    4  7  7  6  9  7  7  6  6  9    5  8  9  9  7 11  7  7  7  7   12 10  6  9  9  7  7 10  8  7   
313b   8  7  8  9  9  6  9  8  8  9    6  7  6  8 13  7  8  8  7  7    7  8  8  7  6  9  7  7  9  8    7  6  9  8  7  6  0  0  0  0   
314a   0  0  9  5  7  9  6  7  8  8    7  7  7  6  6  7  8  7  7  8    8  8  7  9  7  7  8  8  8  8    8  6  7  8  7  9  8  9  7  8   
314b   8  8  8  8  7  7  9  8  7  8    6  8  7  9  7  6  6  7  9  7    7  8  7  8  7  8  9  6  9  5    7  7  7  5  8  7  0  0  0  0   
315a   0  0  7  7  7  8  7  6  6  9    7  7  6  7  8  9  7  7  8  6    6  6  8  7  8  6  5  7  7  7    7  8  8  8  8  7  7  6  6  9   
315b   6  7 10  7  9  7  6  9  7  8    7  8  7  7  7  8  7  7  7  8    5  8  8  8  6  9  8  7  9  8    8  6  7  7  6  7  0  0  0  0   
316a   0  0  8  6  8  7  7  7  7  6    6  6  6  6  9  7  6  8  8  6    9  6  8  5  7  7  9  7  7  7    7  8  7  9  8  6 10  7  9  8   
316b   9  9  7  7  7  9 10  7  7  8    8  7  9  8  9  6  8  7  9  7    7  7 11  8  8  7  6  7  6  7    6  7  8  9  8 10  0  0  0  0   
317a   0  0  6  7  7  9  6  8  7  5    6  7  8  7  9  7  7  7  7  6    9  7  8  6  9  6  8  6  5  7    9  7  7  6  6  8  8  8  6  7   
317b   9  8  8  7  8  7  8  7  6 10    7  6  8  6  8  7  8  7  8  8    7  7  6  6  8  7  8  6  7  6    8 10  7  5  7  8  0  0  0  0   
318a   0  0  7  7  8  8  5  7  8  6    5  6  7  8  7  7  7  6  7  9    7  8 10  6 10  6  8  7  7  8    7  6  7  8  7  6  9  8  8  8   
318b  10  8  8  7  6 10  7  7  7  7    7 10  7  7  8  7  7  7  8  9    6  7  7  6  7  7  7  8  9  7    8  5  9  6  8  6  0  0  0  0   
319a   0  0  7  8  7  9  8  8  7  9    8  5  8  5  8  9  8  7  8  5    9  7  7  6  7  8  6  7  8  8    5  8  7  6  7  9 10  6  8  8   
319b   7  9  9 10  6 10  7  7  6 10    8  5  6  9  7  8  8  8  5  7    8  7  7  7  9 11  8  6  8  5    7  9  7  9  7  8  0  0  0  0   
320a   0  0  6  7  8  5  6  7  7  9    7  7  6  7  8  7  8  6  7  6    7 10  7  8  8  6  8  5  7  7    5  7  7  8  8  9  7  6  6  7   
320b   8  8 10  8 11 10  8 10  7  7    8  9  7  6  6  6  7 10  9  7    8  8  7  8  8  6  8  7  6 10    8  6  7  9  7  7  0  0  0  0   
321a   0  0  7  8  8 10  9  6  8  6    8  6  4  6  7  7  6  8  6  6    8  7  8  7  9  7  9  9  7  8    8  9  8  9  7  7  9  9  7 10   
321b   9 11  7  7  5  8  6  7  5  7    7  9 10  9  7  8  8  7  8  8   10  7  7  8  7  9 10  7  5  6    7  6  6  8  8  8  0  0  0  0   
322a   0  0  8  8  7  9  8  7  5  9    7  7  8  6  8  7  6  7  7  8    7  7  6  8  6 10  6  6  9  8    8  6  8 10  6  9  6  9  7  7   
322b   7  8  8  7  7  7  8  7  7  9    8  8  8  8  8  8  7  9  7  7    9  8  9  8  7  9  8  7  7  6    8  7  8  6  7  7  0  0  0  0   
323a   0  0 11  6  7  6  7  7  6  5    7  7  7 10  7  6  5  7  7  8    9  6  8 10  8  7  7  8  7  7    7  6  5  7  5  7 10  9  7  6   
323b   8  8  6 10  9  7  7  7  5  7    8  8  8  7  6  9  7  9  7  9    9  8  7  7  8  6  7  6  7  9    5  7  6  7  8  8  0  0  0  0   
324a   0  0  5  5  8  7  8  7  8  7    8  7  6  7  7  8  7  8  9  7    7 10  8  6  6  7  6  6  9  7    9  8  6  6  7  7  9  7  7  8   
324b   7  8  8  9  7  8  8  6 10  7    9  7  8  8  7  9  8  7  7  5    8  7  8  7  7  7  7  6  6  8    9  7 10  9  6  7  0  0  0  0   
325a   0  0 10  8  7  9 10  7  8  6   10  6  7  8  9  5  6  6  8  8    7  7 10  6  7  6  8  6  8  7    9  6  6  8  6  8  8  8  9  6   
325b   7  9  9  9  9  8  9  8  9  8    9  7  7  6  9  6  7  7 10  8    8  9  5  9  8  7  7  7  8  6    7  9  8  7  6  8  0  0  0  0   
326a   0  0  8  5  7  7  7 10  7  8    7  5  9  7  6  6  7  6  6  6    7  6  7  8  8  8  7  9  9  7    8  8  7 10  9  9  8  8  8  8   
326b   9  8  9  7  8  7  8  6  5  7   10  7  7  7  8  8  7  7  7  7    9  9  6  7  7  8  6  8  7  7    8  6  9  6  6  6  0  0  0  0   
327a   0  0  7  7  7  7  9  6  9  6    6  8  6  6  7  6  8  6  7  7    6  7  6  8  9  8  7  8  6  7    8  9  8  7  8  8  5  8  8  6   
327b   9  7  9  7 10  7  7  7  6  8    6  7  9  6  6  9 12  8  7  6    8  7  7  8  7  7  8 10  6  7    8  7  7 10  5  6  0  0  0  0   
328a   0  0  7  6  6  6  7  8  8  7    5  6  7  4  9  7  5  7  7  6    8  8 10  7  8  8  7  8  9  8    9  8  9  9  6  7  8  7  7  7   
328b   8  8  9  7  7  8  7  5  9  9    8  7  8  9  8  7  9  8  7  7    7  7  7  8  8  6  8 10  6 10    7 10  8  6  7  7  0  0  0  0   
329a   0  0  8  5  6  7  9  9  8  5   10  7  7  7  5  8  7  7  7  7    8  7  6  7 10  7  5  5  7  7    7  8  8  5  8  6  9  8  7  6   
329b   7 10  7  7  7  8  7  6  7  8    6  8  5  8  8  5  7  8  8  7    7  7  7  8  8  8 11  9  7  7    9  9  6  7  8  9  0  0  0  0   
330a   0  0  6  6  7  6  6  6 10  7    6  7 10  7  7  8  8  8  7  6    6  7  7  7  7  8  7  7  7  6    7  8  8  7  9  9  8  8  9 10   
330b   6  8  8  8  8  8  7  9 10  8    7  8  9  7  8 11  8  5 11  7    7  7  5  7  8  7  8  8  7  8    8  7  6  6  8  9  0  0  0  0   
331a   0  0  8  8  7  9  7  7 10  6    8  7  6  7  9  9  8  8  6  9    8  8  8  9  7  7  5  8  9  9    8  6  8  6  9  8  7  6  8  8   
331b   7  8  6  7 10  9 10 11  8 10    6  8 10  8  7  6  6  7  8  9    7  7  7  7  7  6  5  7  7  5    7  7  9  9  7  6  0  0  0  0   
332a   0  0 11  7  7  7  6  6  7  9    7  9  6  6  8  7  7  6  6  8    9  6 11  6  8  7  8  7  7  9    7  6  8  8  9  7  8  8  7  9   
332b   8  7 10  9  8  7  5  7  9  7    8  7  8  7  5  5  6  6  8  8    7  7  9  6  7  7  5  6  7  7    8  7  8  7  7  9  0  0  0  0   
333a   0  0  7  8  7  7  7  7  6  8    7  8  6  5  7  9  6  6 10  5    7  5  7  7  6  7  8  7  7  7    5  9  7  9  9  8  6  7  7  7   
333b   8  8  8  9  9  8  9  7  7  8   10  8  9  7  6  6  7  7  8  8    8  7  6  7  7 10  8  9  6  7   10  8  7  6  7  7  0  0  0  0   
334a   0  0  9  5  6  6  9  7  7  5    6  7  7  8  6  8  7 10  6  8    8  7  7 11  9  9  7  6  9  7    8  7  8  7  7  7  6  6  7  9   
334b   9  9  8  7  5  6  7  9  6  7    7  8 10 10  6  7  9  8  8  8    7  7  7  6  9  8  6  7  8  7    8  8  7  8  8  7  0  0  0  0   
335a   0  0  7  6  5  5  8  6  8  7    6  6  6  5  9  5  6  9  7  7    8  6  8  8  8  7  9  7  8  9    9  7  7  7  7  8  8  9  7  9   
335b  10  7  7  7  7  9  7  8  9  8    8  6  9  8  7  8  8  7  7  8    8  8  8  7  7  7 10  9  6  8    8  7  7  7  6  6  0  0  0  0   
336a   0  0  7  7  7  7  4  6  7  7    8  8  8  7  8  7  8  9  8  7    9  7  9 10  7  7  8  9  8  8    8  7  5  6  8  7  6  7  6  8   
336b   9  8  8  8  9 10  8  7  5  5   11  6  8  7  8  7  8  6  9 10    9  5  8  6  9  7  6  9  7  8    9  8 10  8 10  7  0  0  0  0   
